-1089080.12297
-1258351.86974
-1297526.86022
-1297526.86022
-1307035.60438
-1320159.10284
-1320159.10284
-1335341.87293
-1335341.87293
-1335341.87293
-1335341.87293
-1335341.87293
-1335341.87293
-1335341.87293
-1335341.87293
-1335341.87293
-1335341.87293
-1335341.87293
-1335341.87293
-1335341.87293
-1335341.87293
-1335341.87293
-1335341.87293
-1335341.87293
-1335341.87293
-1335341.87293
-1335341.87293
-1335341.87293
-1335341.87293
-1335341.87293
-1338336.90488
-1338336.90488
-1338336.90488
-1338705.34878
-1338705.34878
-1338705.34878
-1338705.34878
-1338705.34878
-1338705.34878
-1338705.34878
-1338705.34878
-1338705.34878
-1338705.34878
-1338705.34878
-1338705.34878
-1338705.34878
-1338705.34878
-1338705.34878
-1338705.34878
-1338705.34878
-1338705.34878
-1338705.34878
-1338705.34878
-1339459.23457
-1339459.23457
-1339459.23457
-1339459.23457
-1339459.23457
-1339459.23457
-1344230.46902
-1344230.46902
-1344230.46902
-1344230.46902
-1344230.46902
-1344230.46902
-1344230.46902
-1344230.46902
-1344230.46902
-1344230.46902
-1344230.46902
-1344230.46902
-1344230.46902
-1344230.46902
-1344230.46902
-1344230.46902
-1344230.46902
-1344230.46902
-1344230.46902
-1344230.46902
-1344230.46902
-1344230.46902
-1344230.46902
-1344230.46902
-1344230.46902
-1344230.46902
-1344230.46902
-1344230.46902
-1344230.46902
-1344230.46902
-1344230.46902
-1344230.46902
-1344230.46902
-1344230.46902
-1344230.46902
-1344230.46902
-1344230.46902
-1344230.46902
-1344230.46902
-1344230.46902
-1344230.46902
-1344230.46902
-1344230.46902
-1344230.46902
-1344230.46902
-1344230.46902
-1344230.46902
-1344230.46902
-1344230.46902
-1344230.46902
-1344230.46902
-1344230.46902
-1344230.46902
-1344230.46902
-1344230.46902
-1344230.46902
-1344230.46902
-1344230.46902
-1344230.46902
-1344230.46902
-1344230.46902
-1344230.46902
-1344230.46902
-1344230.46902
-1344230.46902
-1344230.46902
-1344230.46902
-1344230.46902
-1344230.46902
-1344230.46902
-1344230.46902
-1344230.46902
-1344230.46902
-1344230.46902
-1344230.46902
-1344230.46902
-1344230.46902
-1344230.46902
-1344230.46902
-1344230.46902
-1344230.46902
-1344230.46902
-1344230.46902
-1344230.46902
-1344230.46902
-1344230.46902
-1344230.46902
-1344230.46902
-1344230.46902
-1344230.46902
-1344230.46902
-1344230.46902
-1344230.46902
-1344230.46902
-1344230.46902
-1344230.46902
-1344230.46902
-1344230.46902
-1344230.46902
-1344230.46902
-1344230.46902
-1344230.46902
-1344230.46902
-1344230.46902
-1344230.46902
-1344230.46902
-1344230.46902
-1344230.46902
-1344230.46902
-1344230.46902
-1344230.46902
-1344230.46902
-1344230.46902
-1344230.46902
-1344230.46902
-1344230.46902
-1344230.46902
-1344230.46902
-1344230.46902
-1344230.46902
-1344230.46902
-1344230.46902
-1344230.46902
-1344230.46902
-1344230.46902
-1344230.46902
-1344230.46902
-1344230.46902
-1344230.46902
-1344230.46902
-1344230.46902
-1344230.46902
-1344230.46902
-1344230.46902
-1344230.46902
-1344230.46902
-1344230.46902
-1344230.46902
-1344230.46902
-1344230.46902
-1344230.46902
-1344230.46902
-1344230.46902
-1344230.46902
-1344230.46902
-1344230.46902
-1344230.46902
-1344230.46902
-1344230.46902
-1344230.46902
-1344230.46902
-1344230.46902
-1344230.46902
-1344230.46902
-1344230.46902
-1344230.46902
-1344230.46902
-1344230.46902
-1344230.46902
-1344230.46902
-1344230.46902
-1344230.46902
-1344230.46902
-1344230.46902
-1344230.46902
-1344230.46902
-1344230.46902
-1344230.46902
-1344230.46902
-1344230.46902
-1344230.46902
-1344230.46902
-1344230.46902
-1344230.46902
-1344230.46902
-1344230.46902
-1344230.46902
-1344230.46902
-1344230.46902
-1344230.46902
-1344230.46902
-1344230.46902
-1344230.46902
-1344230.46902
-1344230.46902
-1344230.46902
-1344230.46902
-1344230.46902
-1344230.46902
-1344230.46902
-1344230.46902
-1344230.46902
-1344230.46902
-1344230.46902
-1344230.46902
-1344230.46902
-1344230.46902
-1344230.46902
-1344230.46902
-1344230.46902
-1344230.46902
-1344230.46902
-1344230.46902
-1344230.46902
-1344230.46902
-1344230.46902
-1344230.46902
-1344230.46902
-1344230.46902
-1344230.46902
-1344230.46902
-1344230.46902
-1344230.46902
-1344230.46902
-1344230.46902
-1344230.46902
-1344230.46902
-1344230.46902
-1344230.46902
-1344230.46902
-1344230.46902
-1344230.46902
-1344230.46902
-1344230.46902
-1344230.46902
-1344230.46902
-1344230.46902
-1344230.46902
-1344230.46902
-1344230.46902
-1344230.46902
-1344230.46902
-1344230.46902
-1344230.46902
-1344230.46902
-1344230.46902
-1344230.46902
-1344230.46902
-1344230.46902
-1344230.46902
-1344230.46902
