-1062763.32571
-1243600.24949
-1304273.71047
-1315401.81902
-1315818.96038
-1315818.96038
-1315818.96038
-1325481.37168
-1325481.37168
-1325481.37168
-1325481.37168
-1325481.37168
-1348749.52637
-1348749.52637
-1352449.48363
-1352449.48363
-1352449.48363
-1352449.48363
-1352449.48363
-1352449.48363
-1352449.48363
-1352449.48363
-1352449.48363
-1352449.48363
-1352449.48363
-1352449.48363
-1352449.48363
-1352449.48363
-1352449.48363
-1352449.48363
-1352449.48363
-1352449.48363
-1352449.48363
-1352449.48363
-1352449.48363
-1352449.48363
-1352449.48363
-1352449.48363
-1352449.48363
-1352449.48363
-1352449.48363
-1352449.48363
-1352449.48363
-1352449.48363
-1352449.48363
-1352449.48363
-1352449.48363
-1352449.48363
-1352449.48363
-1352449.48363
-1352449.48363
-1352449.48363
-1352449.48363
-1352449.48363
-1352449.48363
-1352449.48363
-1352449.48363
-1352449.48363
-1352449.48363
-1352449.48363
-1352449.48363
-1352449.48363
-1352449.48363
-1352449.48363
-1352449.48363
-1352449.48363
-1352449.48363
-1352449.48363
-1352449.48363
-1352449.48363
-1352449.48363
-1352449.48363
-1352449.48363
-1352449.48363
-1352449.48363
-1352449.48363
-1352449.48363
-1352449.48363
-1352449.48363
-1352449.48363
-1352449.48363
-1352449.48363
-1352449.48363
-1352449.48363
-1352449.48363
-1352449.48363
-1352449.48363
-1352449.48363
-1352449.48363
-1352449.48363
-1352449.48363
-1352449.48363
-1352449.48363
-1352449.48363
-1352449.48363
-1352449.48363
-1352449.48363
-1352449.48363
-1352449.48363
-1352449.48363
-1352449.48363
-1352449.48363
-1352449.48363
-1352449.48363
-1352449.48363
-1352449.48363
-1352449.48363
-1352449.48363
-1352449.48363
-1352449.48363
-1352449.48363
-1352449.48363
-1352449.48363
-1352449.48363
-1352449.48363
-1352449.48363
-1352449.48363
-1352449.48363
-1352449.48363
-1352449.48363
-1352449.48363
-1352449.48363
-1352449.48363
-1352449.48363
-1352449.48363
-1352449.48363
-1352449.48363
-1352449.48363
-1352449.48363
-1352449.48363
-1352449.48363
-1352449.48363
-1352449.48363
-1352449.48363
-1352449.48363
-1352449.48363
-1352449.48363
-1352449.48363
-1352449.48363
-1352449.48363
-1352449.48363
-1352449.48363
-1352449.48363
-1352449.48363
-1352449.48363
-1352449.48363
-1352449.48363
-1352449.48363
-1352449.48363
-1352449.48363
-1352449.48363
-1352449.48363
-1352449.48363
-1352449.48363
-1352449.48363
-1352449.48363
-1352449.48363
-1352449.48363
-1352449.48363
-1352449.48363
-1352449.48363
-1352449.48363
-1352449.48363
-1352449.48363
-1352449.48363
-1352449.48363
-1352449.48363
-1352449.48363
-1352449.48363
-1352449.48363
-1352449.48363
-1352449.48363
-1352449.48363
-1352449.48363
-1352449.48363
-1352449.48363
-1352449.48363
-1352449.48363
-1352449.48363
-1352449.48363
-1352449.48363
-1352449.48363
-1352449.48363
-1352449.48363
-1352449.48363
-1352449.48363
-1352449.48363
-1352449.48363
-1352449.48363
-1352449.48363
-1352449.48363
-1352449.48363
-1352449.48363
-1352449.48363
-1352449.48363
-1352449.48363
-1352449.48363
-1352449.48363
-1352449.48363
-1352449.48363
-1352449.48363
-1352449.48363
-1352449.48363
-1352449.48363
-1352449.48363
-1352449.48363
-1352449.48363
-1352449.48363
-1352449.48363
-1352449.48363
-1352449.48363
-1352449.48363
-1352449.48363
-1352449.48363
-1352449.48363
-1352449.48363
-1352449.48363
-1352449.48363
-1352449.48363
-1352449.48363
-1352449.48363
-1352449.48363
-1352449.48363
-1352449.48363
-1352449.48363
-1352449.48363
-1352449.48363
-1352449.48363
-1352449.48363
-1352449.48363
-1352449.48363
-1352449.48363
-1352449.48363
-1352449.48363
-1352449.48363
-1352449.48363
-1352449.48363
-1352449.48363
-1352449.48363
-1352449.48363
-1352449.48363
-1352449.48363
-1352449.48363
-1352449.48363
-1352449.48363
-1352449.48363
-1352449.48363
-1352449.48363
-1352449.48363
-1352449.48363
-1352449.48363
-1352449.48363
-1352449.48363
-1352449.48363
-1352449.48363
-1352449.48363
-1352449.48363
-1352449.48363
-1352449.48363
-1352449.48363
-1352449.48363
-1352449.48363
-1352449.48363
-1352449.48363
-1352449.48363
-1352449.48363
-1352449.48363
-1352449.48363
-1352449.48363
-1352449.48363
-1352449.48363
-1352449.48363
-1352449.48363
-1352449.48363
-1352449.48363
-1352449.48363
-1352449.48363
-1352449.48363
-1352449.48363
-1352449.48363
-1352449.48363
-1352449.48363
-1352449.48363
-1352449.48363
-1352449.48363
-1352449.48363
-1352449.48363
-1352449.48363
-1352449.48363
-1352449.48363
-1352449.48363
-1352449.48363
-1352449.48363
-1352449.48363
-1352449.48363
-1352449.48363
-1352449.48363
-1352449.48363
-1352449.48363
-1352449.48363
