-1093516.05788
-1272722.12521
-1310713.14647
-1310713.14647
-1330303.7644
-1341714.76565
-1341714.76565
-1341714.76565
-1341714.76565
-1341714.76565
-1341714.76565
-1341714.76565
-1341714.76565
-1341714.76565
-1341714.76565
-1341714.76565
-1341714.76565
-1341714.76565
-1341714.76565
-1341714.76565
-1341714.76565
-1341714.76565
-1341714.76565
-1341714.76565
-1341714.76565
-1341714.76565
-1341714.76565
-1341714.76565
-1341714.76565
-1341714.76565
-1341714.76565
-1341714.76565
-1341714.76565
-1341714.76565
-1341714.76565
-1341714.76565
-1341714.76565
-1341714.76565
-1341714.76565
-1341714.76565
-1341714.76565
-1341714.76565
-1341714.76565
-1341714.76565
-1341714.76565
-1341714.76565
-1341714.76565
-1341714.76565
-1341714.76565
-1341714.76565
-1342261.6614
-1342261.6614
-1342261.6614
-1342261.6614
-1342261.6614
-1342261.6614
-1342261.6614
-1342261.6614
-1342261.6614
-1342261.6614
-1342261.6614
-1342261.6614
-1342261.6614
-1342329.94822
-1342329.94822
-1342329.94822
-1342329.94822
-1342329.94822
-1342329.94822
-1342329.94822
-1342329.94822
-1342329.94822
-1342329.94822
-1342329.94822
-1342329.94822
-1342329.94822
-1342329.94822
-1342329.94822
-1342329.94822
-1342329.94822
-1342329.94822
-1342329.94822
-1342329.94822
-1342329.94822
-1342329.94822
-1342329.94822
-1342329.94822
-1342329.94822
-1342329.94822
-1342329.94822
-1342329.94822
-1342329.94822
-1342329.94822
-1342329.94822
-1342329.94822
-1342329.94822
-1342329.94822
-1342329.94822
-1342329.94822
-1342329.94822
-1342329.94822
-1342329.94822
-1342329.94822
-1342329.94822
-1342329.94822
-1342329.94822
-1342329.94822
-1342329.94822
-1342329.94822
-1342329.94822
-1342329.94822
-1342329.94822
-1342329.94822
-1342329.94822
-1342329.94822
-1342329.94822
-1342329.94822
-1342329.94822
-1342329.94822
-1342329.94822
-1342329.94822
-1342329.94822
-1342329.94822
-1342329.94822
-1342329.94822
-1342329.94822
-1342329.94822
-1342329.94822
-1342329.94822
-1342329.94822
-1342329.94822
-1342329.94822
-1342329.94822
-1342329.94822
-1342329.94822
-1342329.94822
-1342329.94822
-1342329.94822
-1347454.35422
-1347454.35422
-1347454.35422
-1347454.35422
-1347454.35422
-1347454.35422
-1347454.35422
-1347454.35422
-1347454.35422
-1347454.35422
-1347454.35422
-1347454.35422
-1347454.35422
-1347454.35422
-1347454.35422
-1347454.35422
-1347454.35422
-1347454.35422
-1347454.35422
-1347454.35422
-1347454.35422
-1347454.35422
-1347454.35422
-1347454.35422
-1347454.35422
-1347454.35422
-1347454.35422
-1347454.35422
-1347454.35422
-1347454.35422
-1347454.35422
-1347454.35422
-1347454.35422
-1347454.35422
-1347454.35422
-1347454.35422
-1347454.35422
-1347454.35422
-1347454.35422
-1347454.35422
-1347454.35422
-1347454.35422
-1347454.35422
-1347454.35422
-1347454.35422
-1347454.35422
-1347454.35422
-1347454.35422
-1347454.35422
-1347454.35422
-1347454.35422
-1347454.35422
-1347454.35422
-1347454.35422
-1347454.35422
-1347454.35422
-1347454.35422
-1347454.35422
-1347454.35422
-1347454.35422
-1347454.35422
-1347454.35422
-1347454.35422
-1347454.35422
-1347454.35422
-1347454.35422
-1347454.35422
-1347454.35422
-1347454.35422
-1347454.35422
-1347454.35422
-1347454.35422
-1347454.35422
-1347454.35422
-1347454.35422
-1347454.35422
-1347454.35422
-1347454.35422
-1347454.35422
-1347454.35422
-1347454.35422
-1347454.35422
-1347454.35422
-1347454.35422
-1347454.35422
-1347454.35422
-1347454.35422
-1347454.35422
-1347454.35422
-1347454.35422
-1347454.35422
-1347454.35422
-1347454.35422
-1347454.35422
-1347454.35422
-1347454.35422
-1347454.35422
-1347454.35422
-1347454.35422
-1347454.35422
-1347454.35422
-1347454.35422
-1347454.35422
-1347454.35422
-1347454.35422
-1347454.35422
-1347454.35422
-1347454.35422
-1347454.35422
-1347454.35422
-1347454.35422
-1347454.35422
-1347454.35422
-1347454.35422
-1347454.35422
-1347454.35422
-1347454.35422
-1347454.35422
-1347454.35422
-1347454.35422
-1347454.35422
-1347454.35422
-1347454.35422
-1347454.35422
-1347454.35422
-1347454.35422
-1347454.35422
-1347454.35422
-1347454.35422
-1347454.35422
-1347454.35422
-1347454.35422
-1347454.35422
-1347454.35422
-1347454.35422
-1347454.35422
-1347454.35422
-1347454.35422
-1347454.35422
-1347454.35422
-1347454.35422
-1347454.35422
-1347454.35422
-1347454.35422
-1347454.35422
-1347454.35422
-1347454.35422
-1347454.35422
-1347454.35422
-1347454.35422
-1347454.35422
-1347454.35422
-1347454.35422
-1347454.35422
-1347454.35422
-1347454.35422
-1347454.35422
-1347454.35422
-1347454.35422
-1347454.35422
-1347454.35422
-1347454.35422
