-1084020.50386
-1251544.10453
-1304033.11656
-1321163.33751
-1323356.09058
-1323356.09058
-1323356.09058
-1323356.09058
-1323356.09058
-1323356.09058
-1323356.09058
-1336266.45081
-1336266.45081
-1336266.45081
-1336266.45081
-1336266.45081
-1336266.45081
-1336266.45081
-1336266.45081
-1336266.45081
-1336266.45081
-1336266.45081
-1357440.33444
-1357440.33444
-1357440.33444
-1357440.33444
-1357440.33444
-1357440.33444
-1357440.33444
-1357440.33444
-1357440.33444
-1357440.33444
-1357440.33444
-1357440.33444
-1357440.33444
-1357440.33444
-1357440.33444
-1357440.33444
-1357440.33444
-1357440.33444
-1357440.33444
-1357440.33444
-1357440.33444
-1357440.33444
-1357440.33444
-1357440.33444
-1357440.33444
-1357440.33444
-1357440.33444
-1357440.33444
-1357440.33444
-1357440.33444
-1357440.33444
-1357440.33444
-1357440.33444
-1357440.33444
-1357440.33444
-1357440.33444
-1357440.33444
-1357440.33444
-1357440.33444
-1357440.33444
-1357440.33444
-1357440.33444
-1357440.33444
-1357440.33444
-1357440.33444
-1357440.33444
-1357440.33444
-1357440.33444
-1357440.33444
-1357440.33444
-1357440.33444
-1357440.33444
-1357440.33444
-1357440.33444
-1357440.33444
-1357440.33444
-1357440.33444
-1357440.33444
-1357440.33444
-1357440.33444
-1357440.33444
-1357440.33444
-1357440.33444
-1357440.33444
-1357440.33444
-1357440.33444
-1357440.33444
-1357440.33444
-1357440.33444
-1357440.33444
-1357440.33444
-1357440.33444
-1357440.33444
-1357440.33444
-1357440.33444
-1357440.33444
-1357440.33444
-1357440.33444
-1357440.33444
-1357440.33444
-1357440.33444
-1357440.33444
-1357440.33444
-1357440.33444
-1357440.33444
-1357440.33444
-1357440.33444
-1357440.33444
-1357440.33444
-1357440.33444
-1357440.33444
-1357440.33444
-1357440.33444
-1357440.33444
-1357440.33444
-1357440.33444
-1357440.33444
-1357440.33444
-1357440.33444
-1357440.33444
-1357440.33444
-1357440.33444
-1357440.33444
-1357440.33444
-1357440.33444
-1357440.33444
-1357440.33444
-1357440.33444
-1357440.33444
-1357440.33444
-1357440.33444
-1357440.33444
-1357440.33444
-1357440.33444
-1357440.33444
-1357440.33444
-1357440.33444
-1357440.33444
-1357440.33444
-1357440.33444
-1357440.33444
-1357440.33444
-1357440.33444
-1357440.33444
-1357440.33444
-1357440.33444
-1357440.33444
-1357440.33444
-1357440.33444
-1357440.33444
-1357440.33444
-1357440.33444
-1357440.33444
-1357440.33444
-1357440.33444
-1357440.33444
-1357440.33444
-1357440.33444
-1357440.33444
-1357440.33444
-1357440.33444
-1357440.33444
-1357440.33444
-1357440.33444
-1357440.33444
-1357440.33444
-1357440.33444
-1357440.33444
-1357440.33444
-1357440.33444
-1357440.33444
-1357440.33444
-1357440.33444
-1357440.33444
-1357440.33444
-1357440.33444
-1357440.33444
-1357440.33444
-1357440.33444
-1357440.33444
-1357440.33444
-1357440.33444
-1357440.33444
-1357440.33444
-1357440.33444
-1357440.33444
-1357440.33444
-1357440.33444
-1357440.33444
-1357440.33444
-1357440.33444
-1357440.33444
-1357440.33444
-1357440.33444
-1357440.33444
-1357440.33444
-1357440.33444
-1357440.33444
-1357440.33444
-1357440.33444
-1357440.33444
-1357440.33444
-1357440.33444
-1357440.33444
-1357440.33444
-1357440.33444
-1357440.33444
-1357440.33444
-1357440.33444
-1357440.33444
-1357440.33444
-1357440.33444
-1357440.33444
-1357440.33444
-1357440.33444
-1357440.33444
-1357440.33444
-1357440.33444
-1357440.33444
-1357440.33444
-1357440.33444
-1357440.33444
-1357440.33444
-1357440.33444
-1357440.33444
-1357440.33444
-1357440.33444
-1357440.33444
-1357440.33444
-1357440.33444
-1357440.33444
-1357440.33444
-1357440.33444
-1357440.33444
-1357440.33444
-1357440.33444
-1357440.33444
-1357440.33444
-1357440.33444
-1357440.33444
-1357440.33444
-1357440.33444
-1357440.33444
-1357440.33444
-1357440.33444
-1357440.33444
-1357440.33444
-1357440.33444
-1357440.33444
-1357440.33444
-1357440.33444
-1357440.33444
-1357440.33444
-1357440.33444
-1357440.33444
-1357440.33444
-1357440.33444
-1357440.33444
-1357440.33444
-1357440.33444
-1357440.33444
-1357440.33444
-1357440.33444
-1357440.33444
-1357440.33444
-1357440.33444
-1357440.33444
-1357440.33444
-1357440.33444
-1357440.33444
-1357440.33444
-1357440.33444
-1357440.33444
-1357440.33444
-1357440.33444
-1357440.33444
-1357440.33444
-1357440.33444
-1357440.33444
-1357440.33444
-1357440.33444
-1357440.33444
-1357440.33444
-1357440.33444
-1357440.33444
-1357440.33444
-1357440.33444
-1357440.33444
-1357440.33444
-1357440.33444
-1357440.33444
-1357440.33444
-1357440.33444
-1357440.33444
-1357440.33444
-1357440.33444
-1357440.33444
-1357440.33444
