-612064.060833
-721445.757167
-740534.569117
-744355.599322
-744355.599322
-758151.334415
-758151.334415
-758151.334415
-760538.666988
-760538.666988
-760538.666988
-760538.666988
-766053.354934
-766053.354934
-766053.354934
-766053.354934
-766053.354934
-766053.354934
-766053.354934
-766053.354934
-766053.354934
-766053.354934
-766053.354934
-766053.354934
-766053.354934
-766053.354934
-766053.354934
-766053.354934
-766053.354934
-766053.354934
-766053.354934
-766053.354934
-766053.354934
-766053.354934
-766053.354934
-766053.354934
-766053.354934
-766053.354934
-766053.354934
-766053.354934
-766053.354934
-766053.354934
-766053.354934
-766053.354934
-766053.354934
-766053.354934
-766053.354934
-766053.354934
-766053.354934
-766053.354934
-766053.354934
-766053.354934
-766053.354934
-766053.354934
-766053.354934
-766053.354934
-766053.354934
-766053.354934
-766053.354934
-766053.354934
-766053.354934
-766053.354934
-766053.354934
-766053.354934
-766053.354934
-766053.354934
-766053.354934
-766053.354934
-766053.354934
-768051.905716
-768051.905716
-768051.905716
-768051.905716
-768051.905716
-768051.905716
-768051.905716
-768051.905716
-768051.905716
-768051.905716
-768051.905716
-768051.905716
-768051.905716
-768051.905716
-768051.905716
-768051.905716
-768051.905716
-768051.905716
-768051.905716
-768051.905716
-768051.905716
-768051.905716
-768051.905716
-768051.905716
-768051.905716
-768051.905716
-768051.905716
-768051.905716
-768051.905716
-768051.905716
-768051.905716
-768051.905716
-768051.905716
-768051.905716
-768051.905716
-768051.905716
-768051.905716
-768051.905716
-768051.905716
-768051.905716
-768051.905716
-768051.905716
-768051.905716
-768051.905716
-768051.905716
-768051.905716
-768051.905716
-768051.905716
-768051.905716
-768051.905716
-768051.905716
-768051.905716
-768051.905716
-768051.905716
-768051.905716
-769554.969133
-769554.969133
-769554.969133
-769554.969133
-769554.969133
-769554.969133
-769554.969133
-769554.969133
-769554.969133
-769554.969133
-769554.969133
-769554.969133
-769554.969133
-769554.969133
-769554.969133
-769554.969133
-769554.969133
-769554.969133
-769554.969133
-769554.969133
-769554.969133
-769554.969133
-769554.969133
-769554.969133
-770280.388801
-770280.388801
-770280.388801
-770280.388801
-770280.388801
-770280.388801
-770280.388801
-770280.388801
-770280.388801
-770280.388801
-770280.388801
-770280.388801
-770280.388801
-770280.388801
-770280.388801
-770280.388801
-770280.388801
-770280.388801
-770280.388801
-770280.388801
-770280.388801
-770280.388801
-770280.388801
-770280.388801
-770280.388801
-770280.388801
-770280.388801
-770280.388801
-770280.388801
-770280.388801
-770280.388801
-770280.388801
-770280.388801
-770280.388801
-770280.388801
-770280.388801
-770280.388801
-770280.388801
-770280.388801
-770280.388801
-770280.388801
-770280.388801
-770280.388801
-770280.388801
-770280.388801
-770280.388801
-770280.388801
-770280.388801
-770280.388801
-770280.388801
-770280.388801
-770280.388801
