-1088563.08796
-1291772.31111
-1313816.15103
-1317493.52694
-1317493.52694
-1317493.52694
-1325346.19749
-1325346.19749
-1325346.19749
-1325346.19749
-1325346.19749
-1325346.19749
-1328436.20865
-1328436.20865
-1328436.20865
-1328436.20865
-1328436.20865
-1328436.20865
-1328436.20865
-1328436.20865
-1328436.20865
-1338141.34094
-1338141.34094
-1338141.34094
-1338141.34094
-1338141.34094
-1338141.34094
-1338141.34094
-1338141.34094
-1338141.34094
-1338141.34094
-1338141.34094
-1338141.34094
-1342620.15666
-1342620.15666
-1342620.15666
-1342620.15666
-1342620.15666
-1342620.15666
-1342620.15666
-1342620.15666
-1342620.15666
-1342620.15666
-1342620.15666
-1342620.15666
-1342620.15666
-1342620.15666
-1342620.15666
-1342620.15666
-1342620.15666
-1342620.15666
-1342620.15666
-1342620.15666
-1342620.15666
-1342620.15666
-1342620.15666
-1342620.15666
-1342620.15666
-1342620.15666
-1342620.15666
-1342620.15666
-1342620.15666
-1342620.15666
-1342620.15666
-1342620.15666
-1342620.15666
-1342620.15666
-1342620.15666
-1342620.15666
-1342620.15666
-1342620.15666
-1342620.15666
-1342620.15666
-1342620.15666
-1342620.15666
-1342620.15666
-1342620.15666
-1342620.15666
-1342620.15666
-1342620.15666
-1348867.90289
-1348867.90289
-1348867.90289
-1348867.90289
-1348867.90289
-1348867.90289
-1348867.90289
-1348867.90289
-1348867.90289
-1348867.90289
-1348867.90289
-1348867.90289
-1348867.90289
-1348867.90289
-1348867.90289
-1348867.90289
-1348867.90289
-1348867.90289
-1348867.90289
-1348867.90289
-1348867.90289
-1348867.90289
-1348867.90289
-1348867.90289
-1348867.90289
-1348867.90289
-1348867.90289
-1348867.90289
-1348867.90289
-1348867.90289
-1348867.90289
-1348867.90289
-1348867.90289
-1348867.90289
-1348867.90289
-1348867.90289
-1348867.90289
-1348867.90289
-1348867.90289
-1348867.90289
-1348867.90289
-1348867.90289
-1348867.90289
-1348867.90289
-1348867.90289
-1348867.90289
-1348867.90289
-1348867.90289
-1348867.90289
-1348867.90289
-1348867.90289
-1348867.90289
-1348867.90289
-1348867.90289
-1348867.90289
-1348867.90289
-1348867.90289
-1348867.90289
-1348867.90289
-1348867.90289
-1348867.90289
-1348867.90289
-1348867.90289
-1348867.90289
-1348867.90289
-1348867.90289
-1348867.90289
-1348867.90289
-1348867.90289
-1348867.90289
-1348867.90289
-1348867.90289
-1348867.90289
-1348867.90289
-1348867.90289
-1348867.90289
-1348867.90289
-1348867.90289
-1348867.90289
-1348867.90289
-1348867.90289
-1348867.90289
-1348867.90289
-1348867.90289
-1348867.90289
-1348867.90289
-1348867.90289
-1348867.90289
-1348867.90289
-1348867.90289
-1348867.90289
-1348867.90289
-1348867.90289
-1348867.90289
-1348867.90289
-1348867.90289
-1348867.90289
-1348867.90289
-1348867.90289
-1348867.90289
-1348867.90289
-1348867.90289
-1348867.90289
-1348867.90289
-1348867.90289
-1348867.90289
-1348867.90289
-1348867.90289
-1348867.90289
-1348867.90289
-1348867.90289
-1348867.90289
-1348867.90289
-1348867.90289
-1348867.90289
-1348867.90289
-1348867.90289
-1348867.90289
-1348867.90289
-1348867.90289
-1348867.90289
-1348867.90289
-1348867.90289
-1348867.90289
-1348867.90289
-1348867.90289
-1348867.90289
-1348867.90289
-1348867.90289
-1348867.90289
-1348867.90289
-1348867.90289
-1348867.90289
-1348867.90289
-1348867.90289
-1348867.90289
-1348867.90289
-1348867.90289
-1348867.90289
-1348867.90289
-1348867.90289
-1348867.90289
-1348867.90289
-1348867.90289
-1348867.90289
-1348867.90289
-1348867.90289
-1348867.90289
-1348867.90289
-1348867.90289
-1348867.90289
-1348867.90289
-1348867.90289
-1348867.90289
-1348867.90289
-1348867.90289
-1348867.90289
-1348867.90289
-1348867.90289
-1348867.90289
-1348867.90289
-1348867.90289
-1348867.90289
-1348867.90289
-1348867.90289
-1348867.90289
-1348867.90289
-1348867.90289
-1348867.90289
-1348867.90289
-1348867.90289
-1348867.90289
-1348867.90289
-1348867.90289
-1348867.90289
-1348867.90289
-1348867.90289
-1348867.90289
-1348867.90289
-1348867.90289
-1348867.90289
-1348867.90289
-1348867.90289
-1348867.90289
-1348867.90289
-1348867.90289
-1348867.90289
-1348867.90289
-1348867.90289
-1348867.90289
-1348867.90289
-1348867.90289
-1348867.90289
-1348867.90289
-1348867.90289
-1348867.90289
-1348867.90289
-1348867.90289
-1348867.90289
-1348867.90289
-1348867.90289
-1348867.90289
-1348867.90289
-1348867.90289
-1348867.90289
-1348867.90289
-1348867.90289
-1348867.90289
-1348867.90289
-1348867.90289
-1348867.90289
-1348867.90289
-1348867.90289
-1348867.90289
-1348867.90289
-1348867.90289
-1348867.90289
-1348867.90289
-1348867.90289
-1348867.90289
