-1097822.61196
-1271801.1641
-1292095.10721
-1332842.33183
-1332842.33183
-1332842.33183
-1332842.33183
-1332842.33183
-1332842.33183
-1332842.33183
-1332842.33183
-1332842.33183
-1332842.33183
-1332842.33183
-1345404.65097
-1345404.65097
-1345404.65097
-1345404.65097
-1345404.65097
-1345404.65097
-1345404.65097
-1345404.65097
-1345404.65097
-1345404.65097
-1345404.65097
-1345404.65097
-1345404.65097
-1345404.65097
-1345404.65097
-1345404.65097
-1345404.65097
-1345404.65097
-1345404.65097
-1345404.65097
-1345404.65097
-1345404.65097
-1345404.65097
-1345404.65097
-1345404.65097
-1345404.65097
-1345404.65097
-1345404.65097
-1345404.65097
-1345404.65097
-1345404.65097
-1345404.65097
-1345404.65097
-1345404.65097
-1345404.65097
-1345404.65097
-1345404.65097
-1345404.65097
-1345404.65097
-1345404.65097
-1345404.65097
-1345404.65097
-1345404.65097
-1345404.65097
-1345404.65097
-1345404.65097
-1345404.65097
-1345404.65097
-1345404.65097
-1345404.65097
-1345404.65097
-1345404.65097
-1345404.65097
-1345404.65097
-1345404.65097
-1345404.65097
-1345404.65097
-1345404.65097
-1345404.65097
-1345404.65097
-1345404.65097
-1345404.65097
-1345404.65097
-1345404.65097
-1345404.65097
-1353491.38182
-1353491.38182
-1353491.38182
-1353491.38182
-1353491.38182
-1353491.38182
-1353491.38182
-1353491.38182
-1353491.38182
-1353491.38182
-1353491.38182
-1353491.38182
-1353491.38182
-1353491.38182
-1353491.38182
-1353491.38182
-1353491.38182
-1353491.38182
-1353491.38182
-1353491.38182
-1353491.38182
-1353491.38182
-1353491.38182
-1353491.38182
-1353491.38182
-1353491.38182
-1353491.38182
-1353491.38182
-1353491.38182
-1353491.38182
-1353491.38182
-1353491.38182
-1353491.38182
-1353491.38182
-1353491.38182
-1353491.38182
-1353491.38182
-1353491.38182
-1353491.38182
-1353491.38182
-1353491.38182
-1353491.38182
-1353491.38182
-1353491.38182
-1353491.38182
-1353491.38182
-1353491.38182
-1353491.38182
-1353491.38182
-1353491.38182
-1353491.38182
-1353491.38182
-1353491.38182
-1353491.38182
-1353491.38182
-1353491.38182
-1353491.38182
-1353491.38182
-1353491.38182
-1353491.38182
-1353491.38182
-1353491.38182
-1353491.38182
-1353491.38182
-1353491.38182
-1353491.38182
-1353491.38182
-1353491.38182
-1353491.38182
-1353491.38182
-1353491.38182
-1353491.38182
-1353491.38182
-1353491.38182
-1353491.38182
-1353491.38182
-1353491.38182
-1353491.38182
-1353491.38182
-1353491.38182
-1353491.38182
-1353491.38182
-1353491.38182
-1353491.38182
-1353491.38182
-1353491.38182
-1353491.38182
-1353491.38182
-1353491.38182
-1353491.38182
-1353491.38182
-1353491.38182
-1353491.38182
-1353491.38182
-1353491.38182
-1353491.38182
-1353491.38182
-1353491.38182
-1353491.38182
-1353491.38182
-1353491.38182
-1353491.38182
-1353491.38182
-1353491.38182
-1353491.38182
-1353491.38182
-1353491.38182
-1353491.38182
-1353491.38182
-1353491.38182
-1353491.38182
-1353491.38182
-1353491.38182
-1353491.38182
-1353491.38182
-1353491.38182
-1353491.38182
-1353491.38182
-1353491.38182
-1353491.38182
-1353491.38182
-1353491.38182
-1353491.38182
-1353491.38182
-1353491.38182
-1353491.38182
-1353491.38182
-1353491.38182
-1353491.38182
-1353491.38182
-1353491.38182
-1353491.38182
-1353491.38182
-1353491.38182
-1353491.38182
-1353491.38182
-1353491.38182
-1353491.38182
-1353491.38182
-1353491.38182
-1353491.38182
-1353491.38182
-1353491.38182
-1353491.38182
-1353491.38182
-1353491.38182
-1353491.38182
-1353491.38182
-1353491.38182
-1353491.38182
-1353491.38182
-1353491.38182
-1353491.38182
-1353491.38182
-1353491.38182
-1353491.38182
-1353491.38182
-1353491.38182
-1353491.38182
-1353491.38182
-1353491.38182
-1353491.38182
-1353491.38182
-1353491.38182
-1353491.38182
-1353491.38182
-1353491.38182
-1353491.38182
-1353491.38182
-1353491.38182
-1353491.38182
-1353491.38182
-1353491.38182
-1353491.38182
-1353491.38182
-1353491.38182
-1353491.38182
-1353491.38182
-1353491.38182
-1353491.38182
-1353491.38182
-1353491.38182
-1353491.38182
-1353491.38182
-1353491.38182
-1353491.38182
-1353491.38182
-1353491.38182
-1353491.38182
-1353491.38182
-1353491.38182
-1353491.38182
-1353491.38182
-1353491.38182
-1353491.38182
-1353491.38182
-1353491.38182
-1353491.38182
-1353491.38182
-1353491.38182
-1353491.38182
-1353491.38182
-1353491.38182
-1353491.38182
-1353491.38182
-1353491.38182
-1353491.38182
-1353491.38182
-1353491.38182
-1353491.38182
-1353491.38182
-1353491.38182
-1353491.38182
-1353491.38182
-1353491.38182
-1353491.38182
-1353491.38182
-1353491.38182
-1353491.38182
-1353491.38182
-1353491.38182
