-1109821.76564
-1303275.32789
-1303275.32789
-1325693.6511
-1325693.6511
-1325693.6511
-1325693.6511
-1325693.6511
-1325693.6511
-1325693.6511
-1326269.19517
-1326341.19669
-1326341.19669
-1326341.19669
-1327054.30687
-1327054.30687
-1327054.30687
-1327054.30687
-1327054.30687
-1327054.30687
-1327054.30687
-1327054.30687
-1327054.30687
-1327054.30687
-1327054.30687
-1327054.30687
-1327489.06293
-1327489.06293
-1327489.06293
-1327489.06293
-1327489.06293
-1327489.06293
-1327489.06293
-1327489.06293
-1327489.06293
-1327489.06293
-1327489.06293
-1327489.06293
-1327489.06293
-1327489.06293
-1327489.06293
-1327489.06293
-1328687.25085
-1328687.25085
-1328687.25085
-1328687.25085
-1329824.25506
-1329824.25506
-1329824.25506
-1329824.25506
-1329824.25506
-1329824.25506
-1329824.25506
-1329824.25506
-1329824.25506
-1329824.25506
-1329824.25506
-1329837.50238
-1329837.50238
-1352725.6643
-1352725.6643
-1352725.6643
-1352725.6643
-1352725.6643
-1352725.6643
-1352725.6643
-1352725.6643
-1352725.6643
-1352725.6643
-1352725.6643
-1352725.6643
-1352725.6643
-1352725.6643
-1352725.6643
-1352725.6643
-1352725.6643
-1352725.6643
-1352725.6643
-1352725.6643
-1352725.6643
-1352725.6643
-1352725.6643
-1352725.6643
-1352725.6643
-1352725.6643
-1352725.6643
-1352725.6643
-1352725.6643
-1352725.6643
-1352725.6643
-1352725.6643
-1352725.6643
-1352725.6643
-1352725.6643
-1352725.6643
-1352725.6643
-1352725.6643
-1352725.6643
-1352725.6643
-1352725.6643
-1352725.6643
-1352725.6643
-1352725.6643
-1352725.6643
-1352725.6643
-1352725.6643
-1352725.6643
-1352725.6643
-1352725.6643
-1352725.6643
-1352725.6643
-1352725.6643
-1352725.6643
-1352725.6643
-1352725.6643
-1352725.6643
-1352725.6643
-1352725.6643
-1352725.6643
-1352725.6643
-1352725.6643
-1352725.6643
-1352725.6643
-1352725.6643
-1352725.6643
-1352725.6643
-1352725.6643
-1352725.6643
-1352725.6643
-1352725.6643
-1352725.6643
-1352725.6643
-1352725.6643
-1352725.6643
-1352725.6643
-1352725.6643
-1352725.6643
-1352725.6643
-1352725.6643
-1352725.6643
-1352725.6643
-1352725.6643
-1352725.6643
-1352725.6643
-1352725.6643
-1352725.6643
-1352725.6643
-1352725.6643
-1352725.6643
-1352725.6643
-1352725.6643
-1352725.6643
-1352725.6643
-1352725.6643
-1352725.6643
-1352725.6643
-1352725.6643
-1352725.6643
-1352725.6643
-1352725.6643
-1352725.6643
-1352725.6643
-1352725.6643
-1352725.6643
-1352725.6643
-1352725.6643
-1352725.6643
-1352725.6643
-1352725.6643
-1352725.6643
-1352725.6643
-1352725.6643
-1352725.6643
-1352725.6643
-1352725.6643
-1352725.6643
-1352725.6643
-1352725.6643
-1352725.6643
-1352725.6643
-1352725.6643
-1352725.6643
-1352725.6643
-1352725.6643
-1352725.6643
-1352725.6643
-1352725.6643
-1352725.6643
-1352725.6643
-1352725.6643
-1352725.6643
-1352725.6643
-1352725.6643
-1352725.6643
-1352725.6643
-1352725.6643
-1352725.6643
-1352725.6643
-1352725.6643
-1352725.6643
