-1097822.03823
-1263874.58256
-1316693.79348
-1316693.79348
-1324614.25401
-1324614.25401
-1324614.25401
-1324614.25401
-1324614.25401
-1326120.91112
-1326120.91112
-1326904.91532
-1326904.91532
-1326904.91532
-1326904.91532
-1326904.91532
-1326904.91532
-1327754.15459
-1327754.15459
-1327754.15459
-1327754.15459
-1327754.15459
-1327754.15459
-1332709.09275
-1337084.52087
-1337084.52087
-1337084.52087
-1337084.52087
-1337084.52087
-1337084.52087
-1337084.52087
-1337084.52087
-1337084.52087
-1337084.52087
-1337084.52087
-1337084.52087
-1337084.52087
-1337084.52087
-1337084.52087
-1337084.52087
-1337084.52087
-1337084.52087
-1337084.52087
-1337084.52087
-1337084.52087
-1337084.52087
-1337084.52087
-1337084.52087
-1337084.52087
-1337084.52087
-1337084.52087
-1337084.52087
-1337084.52087
-1337084.52087
-1337084.52087
-1337084.52087
-1337084.52087
-1337084.52087
-1337084.52087
-1337084.52087
-1337084.52087
-1337084.52087
-1337084.52087
-1337084.52087
-1337084.52087
-1337084.52087
-1337084.52087
-1337084.52087
-1337084.52087
-1337084.52087
-1337084.52087
-1337084.52087
-1337084.52087
-1337084.52087
-1341193.85606
-1341193.85606
-1341193.85606
-1341193.85606
-1341193.85606
-1341193.85606
-1341193.85606
-1341193.85606
-1341193.85606
-1341193.85606
-1341193.85606
-1341193.85606
-1341193.85606
-1341193.85606
-1341193.85606
-1341193.85606
-1341193.85606
-1341193.85606
-1341193.85606
-1341193.85606
-1341193.85606
-1341193.85606
-1341193.85606
-1341193.85606
-1341193.85606
-1341193.85606
-1341193.85606
-1341193.85606
-1341193.85606
-1341193.85606
-1341193.85606
-1341193.85606
-1341193.85606
-1341193.85606
-1341193.85606
-1341193.85606
-1341193.85606
-1341193.85606
-1341193.85606
-1341193.85606
-1341193.85606
-1341193.85606
-1341193.85606
-1341193.85606
-1341193.85606
-1341193.85606
-1341193.85606
-1341193.85606
-1341193.85606
-1341193.85606
-1341193.85606
-1341193.85606
-1341193.85606
-1341193.85606
-1341193.85606
-1341193.85606
-1341193.85606
-1341193.85606
-1341193.85606
-1341193.85606
-1341193.85606
-1341193.85606
-1341193.85606
-1341193.85606
-1341193.85606
-1341193.85606
-1341193.85606
-1341193.85606
-1341193.85606
-1341193.85606
-1341193.85606
-1341193.85606
-1341193.85606
-1341193.85606
-1341193.85606
-1341193.85606
-1341193.85606
-1341193.85606
-1341193.85606
-1341193.85606
-1341193.85606
-1341193.85606
-1341193.85606
-1341193.85606
-1341193.85606
-1341193.85606
-1341193.85606
-1341193.85606
-1341193.85606
-1341193.85606
-1341193.85606
-1341193.85606
-1341193.85606
-1341193.85606
-1341193.85606
-1341193.85606
-1341193.85606
-1341193.85606
-1341193.85606
-1341193.85606
-1341193.85606
-1341193.85606
-1341193.85606
-1341193.85606
-1341193.85606
-1341193.85606
-1341193.85606
-1341193.85606
-1341193.85606
-1341193.85606
-1341193.85606
-1341193.85606
-1341193.85606
-1341193.85606
-1341193.85606
-1341193.85606
-1341193.85606
-1341193.85606
-1341193.85606
-1341193.85606
-1341193.85606
-1341193.85606
-1341193.85606
-1341193.85606
-1341193.85606
-1341193.85606
-1341193.85606
-1341193.85606
-1341193.85606
-1341193.85606
-1341193.85606
-1341193.85606
-1341193.85606
-1341193.85606
-1341193.85606
-1341193.85606
-1341193.85606
-1341193.85606
-1341193.85606
-1341193.85606
-1341193.85606
-1341193.85606
-1341193.85606
-1341193.85606
-1341193.85606
-1341193.85606
-1341193.85606
-1341193.85606
-1341193.85606
-1341193.85606
-1341193.85606
-1341193.85606
-1341193.85606
-1341193.85606
-1341193.85606
-1341193.85606
-1341193.85606
-1341193.85606
-1341193.85606
-1341193.85606
-1341193.85606
-1341193.85606
-1341193.85606
-1341193.85606
-1341193.85606
-1341193.85606
-1341193.85606
-1341193.85606
-1341193.85606
-1341193.85606
-1341193.85606
-1341193.85606
-1341193.85606
-1341193.85606
-1341193.85606
-1341193.85606
-1341193.85606
-1341193.85606
-1341193.85606
-1341193.85606
-1341193.85606
-1341193.85606
-1341193.85606
-1341193.85606
-1341193.85606
-1341193.85606
-1341193.85606
-1341193.85606
-1341193.85606
-1341193.85606
-1341193.85606
-1341193.85606
-1341193.85606
-1341193.85606
-1341193.85606
-1341193.85606
-1341193.85606
-1341193.85606
-1341193.85606
-1341193.85606
-1341193.85606
-1341193.85606
-1341193.85606
-1341193.85606
-1341193.85606
-1341193.85606
-1341193.85606
-1341193.85606
-1341193.85606
-1341193.85606
-1341193.85606
-1341193.85606
-1341193.85606
-1341193.85606
-1341193.85606
-1341193.85606
-1341193.85606
-1341193.85606
-1341193.85606
-1341193.85606
-1341193.85606
-1341193.85606
-1341193.85606
-1341193.85606
-1341193.85606
-1341193.85606
