-1109955.88176
-1250750.27027
-1314010.66468
-1315598.03123
-1315598.03123
-1315598.03123
-1318590.69024
-1318590.69024
-1318590.69024
-1319171.87
-1326873.93851
-1326873.93851
-1326873.93851
-1326873.93851
-1326873.93851
-1326873.93851
-1326873.93851
-1326873.93851
-1326873.93851
-1326873.93851
-1326873.93851
-1326873.93851
-1326873.93851
-1326873.93851
-1326873.93851
-1326873.93851
-1326873.93851
-1326873.93851
-1326873.93851
-1326873.93851
-1326873.93851
-1326873.93851
-1326873.93851
-1326873.93851
-1326873.93851
-1326873.93851
-1326873.93851
-1331345.20595
-1331345.20595
-1331345.20595
-1331345.20595
-1331345.20595
-1331345.20595
-1339738.57077
-1339738.57077
-1339738.57077
-1339738.57077
-1339738.57077
-1339738.57077
-1339738.57077
-1339738.57077
-1339738.57077
-1339738.57077
-1339738.57077
-1339738.57077
-1339738.57077
-1339738.57077
-1339738.57077
-1339738.57077
-1339738.57077
-1339738.57077
-1339738.57077
-1339738.57077
-1339738.57077
-1339738.57077
-1339738.57077
-1339738.57077
-1339738.57077
-1339738.57077
-1339738.57077
-1339738.57077
-1339738.57077
-1339738.57077
-1339738.57077
-1339738.57077
-1339738.57077
-1339738.57077
-1339738.57077
-1339738.57077
-1339738.57077
-1339738.57077
-1339738.57077
-1339738.57077
-1339738.57077
-1339738.57077
-1339738.57077
-1339738.57077
-1339738.57077
-1340785.4136
-1340785.4136
-1340785.4136
-1340785.4136
-1340785.4136
-1340785.4136
-1340785.4136
-1340785.4136
-1340785.4136
-1340785.4136
-1340785.4136
-1340785.4136
-1340785.4136
-1340785.4136
-1340785.4136
-1340785.4136
-1340785.4136
-1340785.4136
-1340785.4136
-1340785.4136
-1340785.4136
-1340785.4136
-1340785.4136
-1340785.4136
-1340785.4136
-1340785.4136
-1340785.4136
-1340785.4136
-1340785.4136
-1340785.4136
-1340785.4136
-1340785.4136
-1340785.4136
-1340785.4136
-1340785.4136
-1340785.4136
-1340785.4136
-1340785.4136
-1340785.4136
-1340785.4136
-1340785.4136
-1340785.4136
-1340785.4136
-1340785.4136
-1340785.4136
-1340785.4136
-1340785.4136
-1340785.4136
-1340785.4136
-1340785.4136
-1340785.4136
-1340785.4136
-1340785.4136
-1340785.4136
-1340785.4136
-1340785.4136
-1340785.4136
-1342781.35693
-1342781.35693
-1342781.35693
-1342781.35693
-1342781.35693
-1342781.35693
-1342781.35693
-1342781.35693
-1342781.35693
-1342781.35693
-1342781.35693
-1342781.35693
-1342781.35693
-1342781.35693
-1342781.35693
-1342781.35693
-1342781.35693
-1342781.35693
-1342781.35693
-1342781.35693
-1342781.35693
-1342781.35693
-1342781.35693
-1342781.35693
-1342781.35693
-1342781.35693
-1342781.35693
-1342781.35693
-1342781.35693
-1342781.35693
-1342781.35693
-1342781.35693
-1342781.35693
-1342781.35693
-1342781.35693
-1342781.35693
-1342781.35693
-1342781.35693
-1342781.35693
-1342781.35693
-1342781.35693
-1342781.35693
-1342781.35693
-1342781.35693
-1342781.35693
-1342781.35693
-1342781.35693
-1342781.35693
-1342781.35693
-1342781.35693
-1342781.35693
-1342781.35693
-1342781.35693
-1342781.35693
-1342781.35693
-1342781.35693
-1342781.35693
-1342781.35693
-1342781.35693
-1342781.35693
-1342781.35693
-1342781.35693
-1342781.35693
-1342781.35693
-1342781.35693
-1342781.35693
-1342781.35693
-1342781.35693
-1342781.35693
-1342781.35693
-1342781.35693
-1342781.35693
-1342781.35693
-1342781.35693
-1342781.35693
-1342781.35693
-1342781.35693
-1342781.35693
-1342781.35693
-1342781.35693
-1342781.35693
-1342781.35693
-1342781.35693
-1342781.35693
-1342781.35693
-1342781.35693
-1342781.35693
-1342781.35693
-1342781.35693
-1342781.35693
-1342781.35693
-1342781.35693
-1342781.35693
-1342781.35693
-1342781.35693
-1342781.35693
-1342781.35693
-1342781.35693
-1342781.35693
-1342781.35693
-1342781.35693
-1342781.35693
-1342781.35693
-1342781.35693
-1342781.35693
-1342781.35693
-1342781.35693
-1342781.35693
-1342781.35693
-1342781.35693
-1342781.35693
-1342781.35693
-1342781.35693
-1342781.35693
-1342781.35693
-1342781.35693
-1342781.35693
-1342781.35693
-1342781.35693
-1342781.35693
-1342781.35693
-1342781.35693
-1342781.35693
-1342781.35693
-1342781.35693
-1342781.35693
-1342781.35693
-1342781.35693
-1342781.35693
-1342781.35693
-1342781.35693
-1342781.35693
-1342781.35693
-1342781.35693
-1342781.35693
-1342781.35693
-1342781.35693
-1342781.35693
-1342781.35693
-1342781.35693
-1342781.35693
-1342781.35693
-1342781.35693
-1342781.35693
-1342781.35693
-1342781.35693
-1342781.35693
-1342781.35693
-1342781.35693
-1342781.35693
-1342781.35693
-1342781.35693
-1342781.35693
-1342781.35693
-1342781.35693
