-633950.280173
-732262.0438
-751819.939785
-751819.939785
-751819.939785
-759582.256371
-759582.256371
-759582.256371
-759582.256371
-759582.256371
-759582.256371
-763550.938924
-763550.938924
-763550.938924
-763550.938924
-763550.938924
-763550.938924
-763550.938924
-763550.938924
-763550.938924
-763550.938924
-763550.938924
-763550.938924
-771303.404774
-771303.404774
-771303.404774
-771303.404774
-771303.404774
-771303.404774
-771303.404774
-771303.404774
-771303.404774
-771303.404774
-771303.404774
-771303.404774
-771303.404774
-771303.404774
-771303.404774
-771303.404774
-771303.404774
-771303.404774
-771303.404774
-771303.404774
-771303.404774
-771303.404774
-771303.404774
-771303.404774
-771303.404774
-771303.404774
-771303.404774
-771303.404774
-771303.404774
-771303.404774
-771303.404774
-771303.404774
-771303.404774
-771303.404774
-771303.404774
-771303.404774
-771303.404774
-771303.404774
-771303.404774
-771303.404774
-771303.404774
-771303.404774
-771303.404774
-771303.404774
-771303.404774
-771303.404774
-771303.404774
-771303.404774
-771303.404774
-771303.404774
-771303.404774
-771303.404774
-771303.404774
-771303.404774
-771303.404774
-771303.404774
-771303.404774
-771303.404774
-771303.404774
-771303.404774
-771303.404774
-771303.404774
-771303.404774
-771303.404774
-771303.404774
-771303.404774
-771303.404774
-771303.404774
-771303.404774
-771303.404774
-771303.404774
-771303.404774
-771303.404774
-771303.404774
-771303.404774
-771303.404774
-771303.404774
-771303.404774
-771303.404774
-771303.404774
-771303.404774
-771303.404774
-771303.404774
-771303.404774
-771303.404774
-771303.404774
-771303.404774
-771303.404774
-771303.404774
-771303.404774
-771303.404774
-771303.404774
-771303.404774
-771303.404774
-771303.404774
-771303.404774
-771303.404774
-771303.404774
-771303.404774
-771303.404774
-772137.541726
-772137.541726
-772137.541726
-772137.541726
-772137.541726
-772137.541726
-772137.541726
-772137.541726
-772137.541726
-772137.541726
-772137.541726
-772137.541726
-772137.541726
-772137.541726
-772137.541726
-772137.541726
-772137.541726
-772137.541726
-772137.541726
-772137.541726
-772137.541726
-772137.541726
-772137.541726
-772137.541726
-772137.541726
-772137.541726
-772137.541726
-772137.541726
-772137.541726
-772137.541726
-772137.541726
-772137.541726
-772137.541726
-772137.541726
-772137.541726
-772137.541726
-772137.541726
-772137.541726
-772137.541726
-772137.541726
-772137.541726
-772137.541726
-772137.541726
-772137.541726
-772137.541726
-772137.541726
-772137.541726
-772137.541726
-772137.541726
-772137.541726
-772137.541726
-772137.541726
-772137.541726
-772137.541726
-772137.541726
-772137.541726
-772137.541726
-772137.541726
-772137.541726
-772137.541726
-772137.541726
-772137.541726
-772137.541726
-772137.541726
-772137.541726
-772137.541726
-772137.541726
-772137.541726
-772137.541726
-772137.541726
-772137.541726
-772137.541726
-772137.541726
-772137.541726
-772137.541726
-772137.541726
-772137.541726
