-1091705.68693
-1255544.63165
-1313782.31003
-1313782.31003
-1335653.02697
-1335653.02697
-1335653.02697
-1335653.02697
-1335653.02697
-1335653.02697
-1335653.02697
-1335653.02697
-1335653.02697
-1335653.02697
-1335653.02697
-1335653.02697
-1335653.02697
-1335653.02697
-1335653.02697
-1335653.02697
-1335653.02697
-1335653.02697
-1335653.02697
-1335653.02697
-1335653.02697
-1335653.02697
-1335653.02697
-1335653.02697
-1335653.02697
-1335653.02697
-1335653.02697
-1335653.02697
-1335653.02697
-1335653.02697
-1335653.02697
-1335653.02697
-1335653.02697
-1335653.02697
-1335653.02697
-1338813.26969
-1338813.26969
-1338813.26969
-1338813.26969
-1338813.26969
-1338813.26969
-1338813.26969
-1338813.26969
-1338813.26969
-1338813.26969
-1338813.26969
-1338813.26969
-1338813.26969
-1338813.26969
-1338813.26969
-1338813.26969
-1338813.26969
-1338813.26969
-1338813.26969
-1338813.26969
-1338813.26969
-1338813.26969
-1338813.26969
-1338813.26969
-1339120.1098
-1339120.1098
-1339120.1098
-1339120.1098
-1339120.1098
-1339120.1098
-1339120.1098
-1339120.1098
-1339120.1098
-1339120.1098
-1339120.1098
-1339120.1098
-1339120.1098
-1339120.1098
-1339120.1098
-1339120.1098
-1339120.1098
-1339120.1098
-1339120.1098
-1339120.1098
-1339120.1098
-1339120.1098
-1339120.1098
-1339120.1098
-1339120.1098
-1339120.1098
-1339120.1098
-1339120.1098
-1339120.1098
-1339120.1098
-1339120.1098
-1339120.1098
-1339120.1098
-1339120.1098
-1339120.1098
-1339120.1098
-1339120.1098
-1339120.1098
-1339120.1098
-1339120.1098
-1339120.1098
-1339120.1098
-1339120.1098
-1339120.1098
-1339120.1098
-1339120.1098
-1339120.1098
-1339120.1098
-1339120.1098
-1339120.1098
-1339120.1098
-1339120.1098
-1339120.1098
-1339120.1098
-1339120.1098
-1339120.1098
-1339120.1098
-1339120.1098
-1339120.1098
-1339120.1098
-1339120.1098
-1339120.1098
-1339120.1098
-1339120.1098
-1339120.1098
-1339120.1098
-1339120.1098
-1339120.1098
-1339120.1098
-1339120.1098
-1339120.1098
-1339120.1098
-1339120.1098
-1339120.1098
-1339120.1098
-1339120.1098
-1339120.1098
-1339120.1098
-1339120.1098
-1339120.1098
-1339120.1098
-1339120.1098
-1339120.1098
-1339120.1098
-1339424.8222
-1340939.78833
-1340939.78833
-1340939.78833
-1340939.78833
-1340939.78833
-1340939.78833
-1340939.78833
-1340939.78833
-1340939.78833
-1340939.78833
-1340939.78833
-1340939.78833
-1340939.78833
-1340939.78833
-1340939.78833
-1340939.78833
-1340939.78833
-1340939.78833
-1340939.78833
-1340939.78833
-1340939.78833
-1340939.78833
-1340939.78833
-1340939.78833
-1340939.78833
-1340939.78833
-1340939.78833
-1340939.78833
-1340939.78833
-1340939.78833
-1340939.78833
-1340939.78833
-1340939.78833
-1340939.78833
-1340939.78833
-1340939.78833
-1340939.78833
-1340939.78833
-1340939.78833
-1340939.78833
-1340939.78833
-1340939.78833
-1340939.78833
-1340939.78833
-1340939.78833
-1340939.78833
-1340939.78833
-1340939.78833
-1340939.78833
-1340939.78833
-1340939.78833
-1340939.78833
-1340939.78833
-1340939.78833
-1340939.78833
-1340939.78833
-1340939.78833
-1340939.78833
-1340939.78833
-1340939.78833
-1340939.78833
-1340939.78833
-1340939.78833
-1340939.78833
-1340939.78833
-1340939.78833
-1340939.78833
-1340939.78833
-1340939.78833
-1340939.78833
-1340939.78833
-1340939.78833
-1340939.78833
-1340939.78833
-1340939.78833
-1340939.78833
-1340939.78833
-1340939.78833
-1340939.78833
-1340939.78833
-1340939.78833
-1340939.78833
-1340939.78833
-1340939.78833
-1340939.78833
-1340939.78833
-1340939.78833
-1340939.78833
-1340939.78833
-1340939.78833
-1340939.78833
-1340939.78833
-1340939.78833
-1340939.78833
-1340939.78833
-1340939.78833
-1340939.78833
-1340939.78833
-1340939.78833
-1340939.78833
-1340939.78833
-1340939.78833
-1340939.78833
-1340939.78833
-1340939.78833
-1340939.78833
-1340939.78833
-1340939.78833
-1340939.78833
-1340939.78833
-1340939.78833
-1340939.78833
-1340939.78833
-1340939.78833
-1340939.78833
-1340939.78833
-1340939.78833
-1340939.78833
-1340939.78833
-1340939.78833
-1340939.78833
-1340939.78833
-1340939.78833
-1340939.78833
-1340939.78833
-1340939.78833
-1340939.78833
-1340939.78833
-1340939.78833
-1340939.78833
-1340939.78833
-1340939.78833
-1340939.78833
-1340939.78833
-1340939.78833
-1340939.78833
-1340939.78833
-1340939.78833
-1340939.78833
-1340939.78833
-1340939.78833
-1340939.78833
-1340939.78833
-1340939.78833
-1340939.78833
-1340939.78833
-1340939.78833
-1340939.78833
-1340939.78833
-1340939.78833
-1340939.78833
-1340939.78833
