-1103948.65882
-1269217.81022
-1303013.06042
-1322727.14269
-1322727.14269
-1322727.14269
-1322727.14269
-1322727.14269
-1322727.14269
-1322727.14269
-1322727.14269
-1325142.09548
-1325142.09548
-1325142.09548
-1326172.67156
-1328632.06841
-1328632.06841
-1330991.77131
-1330991.77131
-1330991.77131
-1330991.77131
-1331695.24575
-1331695.24575
-1331695.24575
-1331695.24575
-1331695.24575
-1331695.24575
-1331695.24575
-1331695.24575
-1331695.24575
-1331695.24575
-1331695.24575
-1331695.24575
-1331695.24575
-1331695.24575
-1331695.24575
-1331695.24575
-1331695.24575
-1331695.24575
-1331695.24575
-1331695.24575
-1331695.24575
-1331695.24575
-1331695.24575
-1331695.24575
-1331695.24575
-1331695.24575
-1331695.24575
-1331695.24575
-1331695.24575
-1331695.24575
-1331695.24575
-1331695.24575
-1331695.24575
-1331695.24575
-1338043.04116
-1338043.04116
-1338043.04116
-1338043.04116
-1338043.04116
-1338043.04116
-1338043.04116
-1338043.04116
-1338043.04116
-1338043.04116
-1338043.04116
-1338043.04116
-1338043.04116
-1338043.04116
-1338043.04116
-1338043.04116
-1338043.04116
-1338043.04116
-1338043.04116
-1338043.04116
-1338043.04116
-1338043.04116
-1338043.04116
-1338043.04116
-1338043.04116
-1338043.04116
-1338043.04116
-1338043.04116
-1338043.04116
-1338043.04116
-1338043.04116
-1338043.04116
-1338043.04116
-1338043.04116
-1338043.04116
-1338043.04116
-1338043.04116
-1338043.04116
-1338043.04116
-1338043.04116
-1338043.04116
-1338043.04116
-1339388.585
-1339388.585
-1339388.585
-1341308.78793
-1341308.78793
-1341308.78793
-1341308.78793
-1341308.78793
-1341308.78793
-1341308.78793
-1341308.78793
-1341308.78793
-1341308.78793
-1341308.78793
-1341308.78793
-1341308.78793
-1341308.78793
-1341308.78793
-1341308.78793
-1341308.78793
-1341308.78793
-1341308.78793
-1341308.78793
-1341308.78793
-1341308.78793
-1341308.78793
-1341308.78793
-1341308.78793
-1341308.78793
-1341308.78793
-1341308.78793
-1341308.78793
-1341308.78793
-1341308.78793
-1341308.78793
-1341308.78793
-1341308.78793
-1341308.78793
-1341308.78793
-1341308.78793
-1341308.78793
-1341308.78793
-1341308.78793
-1341308.78793
-1341308.78793
-1341308.78793
-1341308.78793
-1341308.78793
-1341308.78793
-1341308.78793
-1341308.78793
-1341308.78793
-1341308.78793
-1341308.78793
-1341308.78793
-1341308.78793
-1341308.78793
-1341308.78793
-1341308.78793
-1341308.78793
-1341308.78793
-1341308.78793
-1341308.78793
-1341308.78793
-1341308.78793
-1341308.78793
-1341308.78793
-1341308.78793
-1341308.78793
-1341308.78793
-1341308.78793
-1341308.78793
-1341308.78793
-1341308.78793
-1341308.78793
-1341308.78793
-1341308.78793
-1341308.78793
-1341308.78793
-1341308.78793
-1341308.78793
-1341308.78793
-1341308.78793
-1341308.78793
-1341308.78793
-1341308.78793
-1341308.78793
-1341308.78793
-1341308.78793
-1341308.78793
-1341308.78793
-1341308.78793
-1341308.78793
-1341308.78793
-1341308.78793
-1341308.78793
-1341308.78793
-1341308.78793
-1341308.78793
-1341308.78793
-1341308.78793
-1341308.78793
-1341308.78793
-1341308.78793
-1341308.78793
-1341308.78793
-1341308.78793
-1341308.78793
-1341308.78793
-1341308.78793
-1341308.78793
-1341308.78793
-1341308.78793
-1341308.78793
-1341308.78793
-1341308.78793
-1341308.78793
-1341308.78793
-1341308.78793
-1341308.78793
-1341308.78793
-1341308.78793
-1341308.78793
-1341308.78793
-1341308.78793
-1341308.78793
-1341308.78793
-1341308.78793
-1341308.78793
-1341308.78793
-1341308.78793
-1341308.78793
-1341308.78793
-1341308.78793
-1341308.78793
-1341308.78793
-1341308.78793
-1341308.78793
-1341308.78793
-1341308.78793
-1341308.78793
-1341308.78793
-1341308.78793
-1341308.78793
-1341308.78793
-1341308.78793
-1341308.78793
-1341308.78793
-1341308.78793
-1341308.78793
-1341308.78793
-1341308.78793
-1341308.78793
-1341308.78793
-1341308.78793
-1341308.78793
-1341308.78793
-1341308.78793
-1343063.99427
-1343063.99427
-1343063.99427
-1343063.99427
-1343063.99427
-1343063.99427
-1343063.99427
-1343063.99427
-1343063.99427
-1343063.99427
-1343063.99427
-1343063.99427
-1343063.99427
-1343063.99427
-1343063.99427
-1343063.99427
-1343063.99427
-1343063.99427
-1343063.99427
-1343063.99427
-1343063.99427
-1343063.99427
-1343063.99427
-1344881.13368
-1344881.13368
-1344881.13368
-1344881.13368
-1344881.13368
-1344881.13368
-1344881.13368
-1344881.13368
-1344881.13368
-1344881.13368
-1344881.13368
-1344881.13368
-1344881.13368
-1344881.13368
-1344881.13368
-1344881.13368
-1344881.13368
-1344881.13368
-1344881.13368
-1344881.13368
-1344881.13368
-1344881.13368
