-1112638.99141
-1278633.81616
-1309045.2495
-1321345.45292
-1321345.45292
-1327432.63354
-1327432.63354
-1330462.54498
-1330462.54498
-1330462.54498
-1330462.54498
-1330462.54498
-1330462.54498
-1330462.54498
-1330462.54498
-1330462.54498
-1330462.54498
-1330462.54498
-1330462.54498
-1330462.54498
-1330462.54498
-1330462.54498
-1330462.54498
-1330462.54498
-1330462.54498
-1330462.54498
-1330462.54498
-1330462.54498
-1330462.54498
-1330462.54498
-1330462.54498
-1330462.54498
-1330738.36092
-1330738.36092
-1330738.36092
-1330738.36092
-1330738.36092
-1330738.36092
-1330738.36092
-1330738.36092
-1330738.36092
-1330738.36092
-1330738.36092
-1330738.36092
-1330738.36092
-1330738.36092
-1330738.36092
-1330738.36092
-1330738.36092
-1330738.36092
-1330738.36092
-1330738.36092
-1330738.36092
-1330738.36092
-1330738.36092
-1330738.36092
-1330738.36092
-1330738.36092
-1330738.36092
-1330738.36092
-1330738.36092
-1330738.36092
-1330738.36092
-1330738.36092
-1330738.36092
-1330738.36092
-1330738.36092
-1330738.36092
-1330738.36092
-1330738.36092
-1330738.36092
-1332735.22943
-1332735.22943
-1332735.22943
-1332735.22943
-1332735.22943
-1332735.22943
-1332735.22943
-1332735.22943
-1332735.22943
-1332735.22943
-1337565.59368
-1337565.59368
-1337565.59368
-1337565.59368
-1337565.59368
-1337565.59368
-1337565.59368
-1337565.59368
-1337565.59368
-1337565.59368
-1337565.59368
-1337565.59368
-1337565.59368
-1337565.59368
-1337565.59368
-1337565.59368
-1337565.59368
-1337565.59368
-1337565.59368
-1337565.59368
-1337565.59368
-1337565.59368
-1337565.59368
-1337565.59368
-1337565.59368
-1337565.59368
-1337565.59368
-1337565.59368
-1337565.59368
-1337565.59368
-1337565.59368
-1337565.59368
-1337565.59368
-1337565.59368
-1337565.59368
-1337565.59368
-1337565.59368
-1337565.59368
-1337565.59368
-1337565.59368
-1338535.89562
-1338535.89562
-1340266.58268
-1340266.58268
-1340266.58268
-1340266.58268
-1340266.58268
-1340266.58268
-1340266.58268
-1340266.58268
-1340266.58268
-1340266.58268
-1340266.58268
-1340266.58268
-1340266.58268
-1340266.58268
-1340266.58268
-1340266.58268
-1340266.58268
-1340266.58268
-1340266.58268
-1340266.58268
-1340266.58268
-1340266.58268
-1340266.58268
-1340266.58268
-1340266.58268
-1340266.58268
-1340266.58268
-1340266.58268
-1340266.58268
-1340266.58268
-1340266.58268
-1340266.58268
-1340266.58268
-1340266.58268
-1340266.58268
-1340266.58268
-1340266.58268
-1340266.58268
-1340266.58268
-1340266.58268
-1340266.58268
-1340266.58268
-1340266.58268
-1340266.58268
-1340266.58268
-1340266.58268
-1340266.58268
-1340266.58268
-1340266.58268
-1340266.58268
-1340266.58268
-1340266.58268
-1340266.58268
-1340266.58268
-1340266.58268
-1340266.58268
-1340266.58268
-1340266.58268
-1340266.58268
-1340266.58268
-1340266.58268
-1340266.58268
-1340266.58268
-1340266.58268
-1340266.58268
-1340266.58268
-1340266.58268
-1340266.58268
-1340266.58268
-1340266.58268
-1340266.58268
-1340266.58268
-1340266.58268
-1340266.58268
-1340266.58268
-1340266.58268
-1340266.58268
-1340266.58268
-1340266.58268
-1340266.58268
-1340266.58268
-1340266.58268
-1340266.58268
-1340266.58268
-1340266.58268
-1340266.58268
-1340266.58268
-1340266.58268
-1340266.58268
-1340266.58268
-1340266.58268
-1340266.58268
-1340266.58268
-1340266.58268
-1340266.58268
-1340266.58268
-1340266.58268
-1340266.58268
-1340266.58268
-1340266.58268
-1340266.58268
-1341459.1905
-1341459.1905
-1341459.1905
-1341459.1905
-1341459.1905
-1341459.1905
-1341459.1905
-1341459.1905
-1341459.1905
-1341459.1905
-1341459.1905
-1341459.1905
-1341459.1905
-1341459.1905
-1341459.1905
-1341459.1905
-1341459.1905
-1341459.1905
-1341459.1905
-1341459.1905
-1341459.1905
-1341459.1905
-1341459.1905
-1341459.1905
-1341459.1905
-1341459.1905
-1341459.1905
-1341459.1905
-1341459.1905
-1341459.1905
-1341459.1905
-1341459.1905
-1341459.1905
-1341459.1905
-1341459.1905
-1341459.1905
-1341459.1905
-1341459.1905
-1341459.1905
-1341459.1905
-1341459.1905
-1341459.1905
-1341459.1905
-1341459.1905
-1341459.1905
-1341459.1905
-1341459.1905
-1341459.1905
-1341459.1905
-1341459.1905
-1341459.1905
-1341459.1905
-1341459.1905
-1341459.1905
-1341459.1905
-1342012.75717
-1342012.75717
-1342012.75717
-1357003.25656
-1357003.25656
-1357003.25656
-1357003.25656
-1357003.25656
-1357003.25656
-1357003.25656
-1357003.25656
-1357003.25656
-1357003.25656
-1357003.25656
-1357003.25656
-1357003.25656
-1357003.25656
-1357003.25656
-1357003.25656
-1357003.25656
-1357003.25656
