-1113965.35432
-1274156.81921
-1326102.55157
-1326102.55157
-1326102.55157
-1326102.55157
-1326577.77946
-1326577.77946
-1326577.77946
-1326577.77946
-1326577.77946
-1326577.77946
-1326577.77946
-1326577.77946
-1326577.77946
-1326577.77946
-1344276.06231
-1344276.06231
-1344276.06231
-1344276.06231
-1344276.06231
-1344276.06231
-1344276.06231
-1344276.06231
-1344276.06231
-1344276.06231
-1344276.06231
-1344276.06231
-1344276.06231
-1344276.06231
-1344276.06231
-1344276.06231
-1344276.06231
-1344276.06231
-1344276.06231
-1344276.06231
-1344276.06231
-1344276.06231
-1344276.06231
-1344276.06231
-1344276.06231
-1344276.06231
-1344276.06231
-1344276.06231
-1344276.06231
-1344276.06231
-1344276.06231
-1344276.06231
-1344276.06231
-1344276.06231
-1344276.06231
-1344276.06231
-1344276.06231
-1344276.06231
-1344276.06231
-1344276.06231
-1344276.06231
-1344276.06231
-1344276.06231
-1344276.06231
-1344276.06231
-1344276.06231
-1344276.06231
-1344276.06231
-1344276.06231
-1344276.06231
-1344276.06231
-1344276.06231
-1344276.06231
-1344276.06231
-1344276.06231
-1344276.06231
-1344276.06231
-1344276.06231
-1344276.06231
-1344276.06231
-1344276.06231
-1344276.06231
-1344276.06231
-1344276.06231
-1344276.06231
-1344276.06231
-1344276.06231
-1344276.06231
-1344276.06231
-1344276.06231
-1344276.06231
-1351783.9233
-1351783.9233
-1351783.9233
-1351783.9233
-1351783.9233
-1351783.9233
-1351783.9233
-1351783.9233
-1351783.9233
-1351783.9233
-1351783.9233
-1351783.9233
-1351783.9233
-1351783.9233
-1351783.9233
-1351783.9233
-1351783.9233
-1351783.9233
-1351783.9233
-1351783.9233
-1351783.9233
-1351783.9233
-1351783.9233
-1351783.9233
-1351783.9233
-1351783.9233
-1351783.9233
-1351783.9233
-1351783.9233
-1351783.9233
-1351783.9233
-1351783.9233
-1351783.9233
-1351783.9233
-1351783.9233
-1351783.9233
-1351783.9233
-1351783.9233
-1351783.9233
-1351783.9233
-1351783.9233
-1351783.9233
-1351783.9233
-1351783.9233
-1351783.9233
-1351783.9233
-1351783.9233
-1351783.9233
-1351783.9233
-1351783.9233
-1351783.9233
-1351783.9233
-1351783.9233
-1351783.9233
-1351783.9233
-1351783.9233
-1351783.9233
-1351783.9233
-1351783.9233
-1351783.9233
-1351783.9233
-1351783.9233
-1351783.9233
-1351783.9233
-1351783.9233
-1351783.9233
-1351783.9233
-1351783.9233
-1351783.9233
-1351783.9233
-1351783.9233
-1351783.9233
-1351783.9233
-1351783.9233
-1351783.9233
-1351783.9233
-1351783.9233
-1351783.9233
-1351783.9233
-1351783.9233
-1351783.9233
-1351783.9233
-1351783.9233
-1351783.9233
-1351783.9233
-1351783.9233
-1351783.9233
-1351783.9233
-1351783.9233
-1351783.9233
-1351783.9233
-1351783.9233
-1351783.9233
-1351783.9233
-1351783.9233
-1351783.9233
-1351783.9233
-1351783.9233
-1351783.9233
-1351783.9233
-1351783.9233
-1351783.9233
-1351783.9233
-1351783.9233
-1351783.9233
-1351783.9233
-1351783.9233
-1351783.9233
-1351783.9233
-1351783.9233
-1351783.9233
-1351783.9233
-1351783.9233
-1351783.9233
-1351783.9233
-1351783.9233
-1351783.9233
-1351783.9233
-1351783.9233
-1351783.9233
-1351783.9233
-1351783.9233
-1351783.9233
-1351783.9233
-1351783.9233
-1351783.9233
-1351783.9233
-1351783.9233
-1351783.9233
-1351783.9233
-1351783.9233
-1351783.9233
-1351783.9233
-1351783.9233
-1351783.9233
-1351783.9233
-1351783.9233
-1351783.9233
-1351783.9233
-1351783.9233
-1351783.9233
-1351783.9233
-1351783.9233
-1351783.9233
-1351783.9233
-1351783.9233
-1351783.9233
-1351783.9233
-1351783.9233
-1351783.9233
-1351783.9233
-1351783.9233
-1351783.9233
-1351783.9233
-1351783.9233
-1351783.9233
-1351783.9233
-1351783.9233
-1351783.9233
-1351783.9233
-1351783.9233
-1351783.9233
-1351783.9233
-1351783.9233
-1351783.9233
-1351783.9233
-1351783.9233
-1351783.9233
-1351783.9233
-1351783.9233
-1351783.9233
-1351783.9233
-1351783.9233
-1351783.9233
-1351783.9233
-1351783.9233
-1351783.9233
-1351783.9233
-1351783.9233
-1351783.9233
-1351783.9233
-1351783.9233
-1351783.9233
-1351783.9233
-1351783.9233
-1351783.9233
-1351783.9233
-1351783.9233
-1351783.9233
-1351783.9233
-1351783.9233
-1351783.9233
-1351783.9233
-1351783.9233
-1351783.9233
-1351783.9233
-1351783.9233
-1351783.9233
-1351783.9233
-1351783.9233
-1351783.9233
-1351783.9233
-1351783.9233
-1351783.9233
-1351783.9233
-1351783.9233
-1351783.9233
-1351783.9233
-1351783.9233
-1351783.9233
-1351783.9233
-1351783.9233
-1351783.9233
