-1110039.85183
-1269816.32278
-1294884.57174
-1301405.47003
-1316922.2978
-1316922.2978
-1327069.65773
-1327069.65773
-1327069.65773
-1327069.65773
-1327069.65773
-1327069.65773
-1327069.65773
-1327069.65773
-1327069.65773
-1327069.65773
-1327069.65773
-1327069.65773
-1335900.73024
-1336211.99593
-1336211.99593
-1336211.99593
-1336211.99593
-1342817.01142
-1342817.01142
-1342817.01142
-1342817.01142
-1342817.01142
-1342817.01142
-1342817.01142
-1342817.01142
-1342817.01142
-1342817.01142
-1342817.01142
-1342817.01142
-1342817.01142
-1342817.01142
-1342817.01142
-1349586.24887
-1349586.24887
-1349586.24887
-1349586.24887
-1349586.24887
-1349586.24887
-1349586.24887
-1349586.24887
-1349586.24887
-1349586.24887
-1349586.24887
-1349586.24887
-1349586.24887
-1349586.24887
-1349586.24887
-1349586.24887
-1349586.24887
-1349586.24887
-1349586.24887
-1349586.24887
-1349586.24887
-1349586.24887
-1349586.24887
-1349586.24887
-1349586.24887
-1349586.24887
-1349586.24887
-1349586.24887
-1349586.24887
-1349586.24887
-1349586.24887
-1349586.24887
-1349586.24887
-1349586.24887
-1349586.24887
-1349586.24887
-1349586.24887
-1349586.24887
-1349586.24887
-1349586.24887
-1349586.24887
-1349586.24887
-1349586.24887
-1349586.24887
-1349586.24887
-1349586.24887
-1349586.24887
-1349586.24887
-1349586.24887
-1349586.24887
-1349586.24887
-1349586.24887
-1349586.24887
-1349586.24887
-1349586.24887
-1349586.24887
-1349586.24887
-1349586.24887
-1349586.24887
-1349586.24887
-1349586.24887
-1349586.24887
-1349586.24887
-1349586.24887
-1349586.24887
-1349586.24887
-1349586.24887
-1349586.24887
-1349586.24887
-1349586.24887
-1349586.24887
-1349586.24887
-1349586.24887
-1349586.24887
-1349586.24887
-1349586.24887
-1349586.24887
-1349586.24887
-1349586.24887
-1349586.24887
-1349586.24887
-1349586.24887
-1349586.24887
-1349586.24887
-1349586.24887
-1349586.24887
-1349586.24887
-1349586.24887
-1349586.24887
-1349586.24887
-1349586.24887
-1349586.24887
-1349586.24887
-1349586.24887
-1349586.24887
-1349586.24887
-1349586.24887
-1349586.24887
-1349586.24887
-1349586.24887
-1349586.24887
-1349586.24887
-1349586.24887
-1349586.24887
-1349586.24887
-1349586.24887
-1349586.24887
-1349586.24887
-1349586.24887
-1349586.24887
-1349586.24887
-1349586.24887
-1349586.24887
-1349586.24887
-1349586.24887
-1349586.24887
-1349586.24887
-1349586.24887
-1349586.24887
-1349586.24887
-1349586.24887
-1349586.24887
-1349586.24887
-1349586.24887
-1349586.24887
-1349586.24887
-1349586.24887
-1349586.24887
-1349586.24887
-1349586.24887
-1349586.24887
-1349586.24887
-1349586.24887
-1349586.24887
-1349586.24887
-1349586.24887
-1349586.24887
-1349586.24887
-1349586.24887
-1349586.24887
-1349586.24887
-1349586.24887
-1349586.24887
-1349586.24887
-1349586.24887
-1349586.24887
-1349586.24887
-1349586.24887
-1349586.24887
-1349586.24887
-1349586.24887
-1349586.24887
-1349586.24887
-1349586.24887
-1349586.24887
-1349586.24887
-1349586.24887
-1349586.24887
-1349586.24887
-1349586.24887
-1349586.24887
-1349586.24887
-1349586.24887
-1349586.24887
-1349586.24887
-1349586.24887
-1349586.24887
-1349586.24887
-1349586.24887
-1349586.24887
-1349586.24887
-1349586.24887
-1349586.24887
-1349586.24887
-1349586.24887
-1349586.24887
-1349586.24887
-1349586.24887
-1349586.24887
-1349586.24887
-1349586.24887
-1349586.24887
-1349586.24887
-1349586.24887
-1349586.24887
-1349586.24887
-1349586.24887
-1349586.24887
-1349586.24887
-1349586.24887
-1349586.24887
-1349586.24887
-1349586.24887
-1349586.24887
-1349586.24887
-1349586.24887
-1349586.24887
-1349586.24887
-1349586.24887
-1349586.24887
-1349586.24887
-1349586.24887
-1349586.24887
-1349586.24887
-1349586.24887
-1349586.24887
-1349586.24887
-1349586.24887
-1349586.24887
-1349586.24887
-1349586.24887
-1349586.24887
-1349586.24887
-1349586.24887
-1349586.24887
-1349586.24887
-1349586.24887
-1349586.24887
-1349586.24887
-1349586.24887
-1349586.24887
-1349586.24887
-1349586.24887
-1349586.24887
-1349586.24887
-1349586.24887
-1349586.24887
-1349586.24887
-1349586.24887
-1349586.24887
-1349586.24887
-1349586.24887
-1349586.24887
-1349586.24887
-1349586.24887
-1349586.24887
-1349586.24887
-1349586.24887
-1349586.24887
-1349586.24887
-1349586.24887
-1349586.24887
-1349586.24887
-1349586.24887
-1349586.24887
-1349586.24887
-1349586.24887
-1349586.24887
-1349586.24887
-1349586.24887
-1349586.24887
-1349586.24887
-1349586.24887
-1349586.24887
-1349586.24887
-1349586.24887
-1349586.24887
-1349586.24887
-1349586.24887
-1349586.24887
-1349586.24887
-1349586.24887
