-333878.617004
-359693.052105
-366021.793441
-374256.79225
-374256.79225
-374256.79225
-374256.79225
-374256.79225
-374256.79225
-374256.79225
-374256.79225
-374256.79225
-374256.79225
-374256.79225
-374256.79225
-374256.79225
-374256.79225
-374256.79225
-374256.79225
-379781.248512
-379781.248512
-379781.248512
-379781.248512
-379781.248512
-379781.248512
-379781.248512
-379781.248512
-379781.248512
-379781.248512
-379781.248512
-379781.248512
-379781.248512
-379781.248512
-379781.248512
-379781.248512
-379781.248512
-379781.248512
-379781.248512
-379781.248512
-379781.248512
-379781.248512
-380202.692555
-380202.692555
-380202.692555
-380202.692555
-380202.692555
-380202.692555
-380202.692555
-380202.692555
-380202.692555
-380202.692555
-380202.692555
-380202.692555
-380202.692555
-380202.692555
-380202.692555
-380202.692555
-380202.692555
-380202.692555
-380202.692555
-380202.692555
-380202.692555
-380202.692555
-380202.692555
-380202.692555
-380202.692555
-380202.692555
-380202.692555
-380202.692555
-380202.692555
-380202.692555
-380202.692555
-380202.692555
-380202.692555
-380202.692555
-380202.692555
-380202.692555
-380202.692555
-380202.692555
-380202.692555
-380202.692555
-380202.692555
-380202.692555
-380202.692555
-380202.692555
-380202.692555
-380202.692555
-380202.692555
-380202.692555
-380202.692555
-380202.692555
-380202.692555
-380202.692555
-380202.692555
-380202.692555
-380202.692555
-380202.692555
-380202.692555
-380202.692555
-380202.692555
-380202.692555
-380202.692555
-380202.692555
-380202.692555
-380202.692555
-380202.692555
-380202.692555
-380202.692555
-380202.692555
-380202.692555
-380202.692555
-380202.692555
-380202.692555
-380202.692555
-380202.692555
-380202.692555
-380202.692555
-380202.692555
-380202.692555
-380202.692555
-380202.692555
-380202.692555
-380202.692555
-380202.692555
-380202.692555
-380202.692555
-380202.692555
-380202.692555
-380202.692555
-380202.692555
-380202.692555
-380202.692555
-380202.692555
-380202.692555
-380202.692555
-380202.692555
-380202.692555
-380202.692555
-380202.692555
-380202.692555
-380202.692555
-380458.798492
-380458.798492
-380458.798492
-380458.798492
-380458.798492
-380458.798492
-380458.798492
-380458.798492
-380458.798492
-380458.798492
-380458.798492
-380458.798492
-380458.798492
-380458.798492
-380458.798492
-380458.798492
-380458.798492
-380458.798492
-380458.798492
-380458.798492
-381739.525128
-381739.525128
-381739.525128
-381739.525128
-381739.525128
-381739.525128
-381739.525128
-381739.525128
-381739.525128
-381739.525128
-381739.525128
-381739.525128
-381739.525128
-381739.525128
-381739.525128
-381739.525128
-381739.525128
-381739.525128
-381739.525128
-381739.525128
-381739.525128
-381739.525128
-381739.525128
-381739.525128
-381739.525128
-381739.525128
-381739.525128
-381739.525128
-381739.525128
-381739.525128
-381739.525128
-381739.525128
-381739.525128
-381739.525128
-381739.525128
-381739.525128
-381739.525128
-381739.525128
-381739.525128
