-1090597.17199
-1262729.41425
-1291254.95098
-1309810.1636
-1320032.37828
-1320032.37828
-1321778.94642
-1321778.94642
-1321778.94642
-1323192.17678
-1323192.17678
-1323192.17678
-1323192.17678
-1323192.17678
-1323192.17678
-1323192.17678
-1323192.17678
-1324127.48159
-1324127.48159
-1324127.48159
-1324127.48159
-1324127.48159
-1324127.48159
-1329125.6276
-1329125.6276
-1329125.6276
-1329485.4854
-1329485.4854
-1329485.4854
-1329485.4854
-1329485.4854
-1329485.4854
-1329485.4854
-1329485.4854
-1329485.4854
-1329485.4854
-1329485.4854
-1329485.4854
-1329485.4854
-1329485.4854
-1329485.4854
-1329485.4854
-1329485.4854
-1329485.4854
-1329485.4854
-1329485.4854
-1329485.4854
-1329485.4854
-1335419.60235
-1335419.60235
-1335419.60235
-1335419.60235
-1335419.60235
-1335636.48884
-1335636.48884
-1335636.48884
-1335636.48884
-1335636.48884
-1335636.48884
-1335636.48884
-1335636.48884
-1335636.48884
-1335636.48884
-1335636.48884
-1335636.48884
-1335636.48884
-1335636.48884
-1335636.48884
-1335636.48884
-1335636.48884
-1335636.48884
-1335636.48884
-1335636.48884
-1335636.48884
-1335636.48884
-1335636.48884
-1335636.48884
-1335636.48884
-1335636.48884
-1336904.26412
-1336904.26412
-1336904.26412
-1336904.26412
-1336904.26412
-1336904.26412
-1336904.26412
-1336904.26412
-1336904.26412
-1336904.26412
-1336904.26412
-1336904.26412
-1336904.26412
-1336904.26412
-1336904.26412
-1336904.26412
-1336904.26412
-1336904.26412
-1336904.26412
-1336904.26412
-1336904.26412
-1336904.26412
-1336904.26412
-1336904.26412
-1336904.26412
-1336904.26412
-1336904.26412
-1336904.26412
-1336904.26412
-1336904.26412
-1336904.26412
-1336904.26412
-1336904.26412
-1336904.26412
-1336904.26412
-1336904.26412
-1336904.26412
-1336904.26412
-1336904.26412
-1336904.26412
-1336904.26412
-1336904.26412
-1336904.26412
-1336904.26412
-1336904.26412
-1336904.26412
-1347984.70101
-1347984.70101
-1347984.70101
-1347984.70101
-1347984.70101
-1347984.70101
-1347984.70101
-1347984.70101
-1347984.70101
-1347984.70101
-1347984.70101
-1347984.70101
-1347984.70101
-1347984.70101
-1347984.70101
-1347984.70101
-1347984.70101
-1347984.70101
-1347984.70101
-1347984.70101
-1347984.70101
-1347984.70101
-1347984.70101
-1347984.70101
-1347984.70101
-1347984.70101
-1347984.70101
-1347984.70101
-1347984.70101
-1347984.70101
-1347984.70101
-1347984.70101
-1347984.70101
-1347984.70101
-1347984.70101
-1347984.70101
-1347984.70101
-1347984.70101
-1347984.70101
-1347984.70101
-1347984.70101
-1347984.70101
-1347984.70101
-1347984.70101
-1347984.70101
-1350016.60631
-1350016.60631
-1350016.60631
-1350016.60631
-1350016.60631
-1350016.60631
-1350016.60631
-1350016.60631
-1350016.60631
-1350016.60631
-1350016.60631
-1350016.60631
-1350016.60631
-1350016.60631
-1350016.60631
-1350016.60631
-1350016.60631
-1350016.60631
-1350016.60631
-1350016.60631
-1350016.60631
-1350016.60631
-1350016.60631
-1350016.60631
-1350016.60631
-1350016.60631
-1350016.60631
-1350016.60631
-1350016.60631
-1350016.60631
-1350016.60631
-1350016.60631
-1350016.60631
-1350016.60631
-1350016.60631
-1350016.60631
-1350016.60631
-1350016.60631
-1350016.60631
-1350016.60631
-1350016.60631
-1350016.60631
-1350016.60631
-1350016.60631
-1350016.60631
-1350016.60631
-1350016.60631
-1350016.60631
-1350016.60631
-1350016.60631
-1350016.60631
-1350016.60631
-1350016.60631
-1350016.60631
-1350016.60631
-1350016.60631
-1350016.60631
-1350016.60631
-1350016.60631
-1350016.60631
-1350016.60631
-1350016.60631
-1350016.60631
-1350016.60631
-1350016.60631
-1350016.60631
-1350016.60631
-1350016.60631
-1350016.60631
-1350016.60631
-1350016.60631
-1350016.60631
-1350016.60631
-1350016.60631
-1350016.60631
-1350016.60631
-1350016.60631
-1350016.60631
-1350016.60631
-1350016.60631
-1350016.60631
-1350016.60631
-1350016.60631
-1350016.60631
-1350016.60631
-1350016.60631
-1350016.60631
-1350016.60631
-1350016.60631
-1350016.60631
-1350016.60631
-1350016.60631
-1350016.60631
-1350016.60631
-1350016.60631
-1350016.60631
-1350016.60631
-1350016.60631
-1350016.60631
-1350016.60631
-1350016.60631
-1350016.60631
-1350016.60631
-1350016.60631
-1350016.60631
-1350016.60631
-1350016.60631
-1350016.60631
-1350016.60631
-1350016.60631
-1350016.60631
-1350016.60631
-1350016.60631
-1350016.60631
-1350016.60631
-1350016.60631
-1350016.60631
-1350016.60631
-1350016.60631
-1350016.60631
-1350016.60631
-1350016.60631
-1350016.60631
-1350016.60631
-1350016.60631
-1350016.60631
-1350016.60631
-1350016.60631
-1350016.60631
-1350016.60631
