-644518.844608
-740527.009387
-741193.227103
-747874.529866
-751646.306899
-761418.394911
-761418.394911
-761418.394911
-761418.394911
-761418.394911
-761418.394911
-763725.66745
-763725.66745
-763725.66745
-763725.66745
-763725.66745
-763725.66745
-763725.66745
-763725.66745
-763725.66745
-763725.66745
-763725.66745
-763725.66745
-763725.66745
-763725.66745
-763725.66745
-763725.66745
-763725.66745
-768328.831951
-768328.831951
-768328.831951
-768328.831951
-768328.831951
-768328.831951
-768328.831951
-768328.831951
-768328.831951
-768328.831951
-768328.831951
-768328.831951
-768328.831951
-768328.831951
-768328.831951
-768328.831951
-768328.831951
-768328.831951
-768328.831951
-768328.831951
-768328.831951
-768328.831951
-768328.831951
-768328.831951
-768328.831951
-769645.82578
-769645.82578
-769645.82578
-769645.82578
-769645.82578
-769645.82578
-769645.82578
-769645.82578
-769645.82578
-769645.82578
-769645.82578
-769645.82578
-769645.82578
-769645.82578
-769645.82578
-769645.82578
-769645.82578
-769645.82578
-769645.82578
-769645.82578
-769645.82578
-769645.82578
-769645.82578
-769645.82578
-769645.82578
-769645.82578
-769645.82578
-769645.82578
-769645.82578
-769645.82578
-769645.82578
-769645.82578
-769645.82578
-769645.82578
-769645.82578
-769645.82578
-769645.82578
-769645.82578
-769645.82578
-769645.82578
-769645.82578
-769645.82578
-769645.82578
-769645.82578
-769645.82578
-769645.82578
-769645.82578
-769645.82578
-769645.82578
-769645.82578
-769645.82578
-769645.82578
-769645.82578
-769645.82578
-769645.82578
-769645.82578
-769645.82578
-769645.82578
-769645.82578
-769645.82578
-769645.82578
-769645.82578
-769645.82578
-769645.82578
-769645.82578
-769645.82578
-769645.82578
-769645.82578
-769645.82578
-769645.82578
-769645.82578
-769645.82578
-769645.82578
-769645.82578
-769645.82578
-769645.82578
-769645.82578
-769645.82578
-769645.82578
-769645.82578
-769645.82578
-769645.82578
-769645.82578
-769645.82578
-769645.82578
-769645.82578
-769645.82578
-769645.82578
-769645.82578
-769645.82578
-769645.82578
-769645.82578
-769645.82578
-769645.82578
-769645.82578
-769645.82578
-769645.82578
-769645.82578
-769645.82578
-769645.82578
-769645.82578
-769645.82578
-769645.82578
-769645.82578
-769645.82578
-769645.82578
-769645.82578
-769645.82578
-769645.82578
-769645.82578
-769645.82578
-769645.82578
-769645.82578
-769645.82578
-769645.82578
-769645.82578
-769645.82578
-769645.82578
-769645.82578
-769645.82578
-769645.82578
-769645.82578
-769645.82578
-769645.82578
-769645.82578
-769645.82578
-769645.82578
-769645.82578
-769645.82578
-769645.82578
-769645.82578
-769645.82578
-769645.82578
-769645.82578
-769645.82578
-769645.82578
-769645.82578
-769645.82578
-769645.82578
-769645.82578
-769645.82578
-769645.82578
-769645.82578
-769645.82578
-769645.82578
-769645.82578
-769645.82578
