-1148600.25681
-1270806.08469
-1303322.04373
-1306838.52897
-1306838.52897
-1308636.02429
-1318093.56085
-1318093.56085
-1318093.56085
-1318093.56085
-1318093.56085
-1318093.56085
-1318923.48574
-1318923.48574
-1318923.48574
-1325130.72185
-1325130.72185
-1325130.72185
-1325130.72185
-1334901.91639
-1334901.91639
-1334901.91639
-1334901.91639
-1334901.91639
-1334901.91639
-1335640.24612
-1335640.24612
-1335640.24612
-1335640.24612
-1335640.24612
-1335640.24612
-1335640.24612
-1335640.24612
-1335640.24612
-1335640.24612
-1335640.24612
-1335640.24612
-1335640.24612
-1335640.24612
-1335640.24612
-1335640.24612
-1335640.24612
-1335640.24612
-1335640.24612
-1335640.24612
-1336616.27318
-1336616.27318
-1336616.27318
-1336616.27318
-1336616.27318
-1336616.27318
-1336616.27318
-1336616.27318
-1336616.27318
-1336616.27318
-1336616.27318
-1336616.27318
-1336616.27318
-1336616.27318
-1336616.27318
-1336616.27318
-1336616.27318
-1336616.27318
-1336616.27318
-1336616.27318
-1336616.27318
-1336616.27318
-1336616.27318
-1336616.27318
-1336616.27318
-1336616.27318
-1336616.27318
-1336616.27318
-1336616.27318
-1336616.27318
-1336616.27318
-1336616.27318
-1336616.27318
-1336970.40184
-1336970.40184
-1336970.40184
-1336970.40184
-1336970.40184
-1336970.40184
-1336970.40184
-1336970.40184
-1336970.40184
-1336970.40184
-1336970.40184
-1336970.40184
-1336970.40184
-1336970.40184
-1336970.40184
-1341881.09073
-1341881.09073
-1341881.09073
-1341881.09073
-1341881.09073
-1341881.09073
-1341881.09073
-1341881.09073
-1341881.09073
-1341881.09073
-1341881.09073
-1341881.09073
-1341881.09073
-1341881.09073
-1342708.34641
-1342708.34641
-1342708.34641
-1342708.34641
-1342708.34641
-1342708.34641
-1342708.34641
-1342708.34641
-1342708.34641
-1342708.34641
-1342708.34641
-1342708.34641
-1342708.34641
-1342708.34641
-1342708.34641
-1342708.34641
-1342708.34641
-1342708.34641
-1342708.34641
-1342708.34641
-1342708.34641
-1342708.34641
-1342708.34641
-1342708.34641
-1342708.34641
-1342708.34641
-1342708.34641
-1342708.34641
-1342708.34641
-1342708.34641
-1342708.34641
-1342708.34641
-1342708.34641
-1342708.34641
-1342708.34641
-1342708.34641
-1342708.34641
-1342708.34641
-1342708.34641
-1342708.34641
-1342708.34641
-1342708.34641
-1342708.34641
-1342708.34641
-1342708.34641
-1342708.34641
-1342708.34641
-1342708.34641
-1342708.34641
-1342708.34641
-1342708.34641
-1342708.34641
-1342708.34641
-1342708.34641
-1342708.34641
-1342708.34641
-1342708.34641
-1342708.34641
-1342708.34641
-1342708.34641
-1342708.34641
-1342708.34641
-1342708.34641
-1342708.34641
-1342708.34641
-1342708.34641
-1342708.34641
-1342708.34641
-1342708.34641
-1342708.34641
-1342708.34641
-1342708.34641
-1342708.34641
-1342708.34641
-1342708.34641
-1342708.34641
-1342708.34641
-1342708.34641
-1342708.34641
-1344439.62909
-1344439.62909
-1344439.62909
-1344439.62909
-1344439.62909
-1344439.62909
-1344439.62909
-1344439.62909
-1344439.62909
-1344439.62909
-1344439.62909
-1344439.62909
-1344439.62909
-1344439.62909
-1344439.62909
-1344439.62909
-1344439.62909
-1344439.62909
-1344439.62909
-1344439.62909
-1344439.62909
-1344439.62909
-1344439.62909
-1344439.62909
-1344439.62909
-1344439.62909
-1344439.62909
-1344439.62909
-1344439.62909
-1344439.62909
-1344439.62909
-1344439.62909
-1344439.62909
-1344439.62909
-1344439.62909
-1344439.62909
-1344439.62909
-1344439.62909
-1344439.62909
-1344439.62909
-1344439.62909
-1344439.62909
-1344439.62909
-1344439.62909
-1344439.62909
-1344439.62909
-1344439.62909
-1344439.62909
-1344439.62909
-1344439.62909
-1344439.62909
-1344439.62909
-1344439.62909
-1344439.62909
-1344439.62909
-1344439.62909
-1344439.62909
-1344439.62909
-1344439.62909
-1344439.62909
-1344439.62909
-1344439.62909
-1344439.62909
-1344439.62909
-1344439.62909
-1344439.62909
-1344439.62909
-1344439.62909
-1344439.62909
-1344439.62909
-1344439.62909
-1344439.62909
-1344439.62909
-1344439.62909
-1344439.62909
-1344439.62909
-1344439.62909
-1344439.62909
-1344439.62909
-1344439.62909
-1344439.62909
-1344439.62909
-1344439.62909
-1344439.62909
-1344439.62909
-1344439.62909
-1344439.62909
-1344439.62909
-1344439.62909
-1344439.62909
-1344439.62909
-1344439.62909
-1344439.62909
-1344439.62909
-1344439.62909
-1344439.62909
-1344439.62909
-1344439.62909
-1344439.62909
-1344439.62909
-1344439.62909
-1344439.62909
-1344439.62909
-1344439.62909
-1344439.62909
-1344439.62909
-1344439.62909
-1344439.62909
-1344439.62909
-1344439.62909
-1344439.62909
-1344439.62909
-1344439.62909
-1344439.62909
