-1097993.61449
-1254184.21865
-1305568.65362
-1305987.41995
-1314341.24468
-1321316.86309
-1327084.83934
-1327084.83934
-1327084.83934
-1327084.83934
-1327084.83934
-1327084.83934
-1327084.83934
-1332908.17422
-1332908.17422
-1332908.17422
-1332908.17422
-1332908.17422
-1332908.17422
-1332908.17422
-1332908.17422
-1332908.17422
-1332908.17422
-1332908.17422
-1332908.17422
-1332908.17422
-1332908.17422
-1332908.17422
-1332908.17422
-1332908.17422
-1332908.17422
-1335542.85633
-1335542.85633
-1335542.85633
-1335542.85633
-1335542.85633
-1335542.85633
-1335542.85633
-1335542.85633
-1335542.85633
-1335542.85633
-1335542.85633
-1335542.85633
-1335542.85633
-1335542.85633
-1335542.85633
-1335542.85633
-1335542.85633
-1335542.85633
-1335542.85633
-1335542.85633
-1335542.85633
-1335542.85633
-1335542.85633
-1335542.85633
-1335542.85633
-1335542.85633
-1335542.85633
-1335542.85633
-1335542.85633
-1335542.85633
-1335542.85633
-1335542.85633
-1335542.85633
-1344580.01215
-1344580.01215
-1344580.01215
-1344580.01215
-1344580.01215
-1344580.01215
-1344580.01215
-1344580.01215
-1344580.01215
-1344580.01215
-1344580.01215
-1344580.01215
-1344580.01215
-1344580.01215
-1344580.01215
-1344580.01215
-1344580.01215
-1344580.01215
-1344580.01215
-1344580.01215
-1344580.01215
-1344580.01215
-1344580.01215
-1344580.01215
-1344580.01215
-1344580.01215
-1344580.01215
-1344580.01215
-1344580.01215
-1344580.01215
-1344580.01215
-1344580.01215
-1344580.01215
-1344580.01215
-1344580.01215
-1344580.01215
-1344580.01215
-1344580.01215
-1344580.01215
-1344580.01215
-1344580.01215
-1344580.01215
-1344580.01215
-1344580.01215
-1344580.01215
-1344580.01215
-1344580.01215
-1344580.01215
-1344580.01215
-1344580.01215
-1344580.01215
-1344580.01215
-1344580.01215
-1344580.01215
-1344580.01215
-1344580.01215
-1344580.01215
-1344580.01215
-1344580.01215
-1344580.01215
-1344580.01215
-1344580.01215
-1344580.01215
-1344580.01215
-1344580.01215
-1344580.01215
-1344580.01215
-1344580.01215
-1344580.01215
-1344580.01215
-1344580.01215
-1344580.01215
-1344580.01215
-1344580.01215
-1344580.01215
-1344580.01215
-1344580.01215
-1344580.01215
-1344580.01215
-1344580.01215
-1344580.01215
-1344580.01215
-1344580.01215
-1344580.01215
-1344580.01215
-1344580.01215
-1344580.01215
-1344580.01215
-1344580.01215
-1344580.01215
-1344580.01215
-1344580.01215
-1344580.01215
-1344580.01215
-1344580.01215
-1344580.01215
-1344580.01215
-1344580.01215
-1344580.01215
-1344580.01215
-1344580.01215
-1344580.01215
-1344580.01215
-1344580.01215
-1344580.01215
-1344580.01215
-1344580.01215
-1344580.01215
-1344580.01215
-1344580.01215
-1344580.01215
-1344580.01215
-1344580.01215
-1344580.01215
-1344580.01215
-1344580.01215
-1344580.01215
-1344580.01215
-1344580.01215
-1344580.01215
-1344580.01215
-1344580.01215
-1344580.01215
-1344580.01215
-1344580.01215
-1344580.01215
-1344580.01215
-1344580.01215
-1344580.01215
-1344580.01215
-1344580.01215
-1344580.01215
-1344580.01215
-1344580.01215
-1344580.01215
-1344580.01215
-1344580.01215
-1344580.01215
-1344580.01215
-1351760.05684
-1351760.05684
-1351760.05684
-1351760.05684
-1351760.05684
-1351760.05684
-1351760.05684
-1351760.05684
-1351760.05684
-1351760.05684
-1351760.05684
-1351760.05684
-1351760.05684
-1351760.05684
-1351760.05684
-1351760.05684
-1351760.05684
-1351760.05684
-1351760.05684
-1351760.05684
-1351760.05684
-1351760.05684
-1351760.05684
-1351760.05684
-1351760.05684
-1351760.05684
-1351760.05684
-1351760.05684
-1351760.05684
-1351760.05684
-1351760.05684
-1351760.05684
-1351760.05684
-1351760.05684
-1351760.05684
-1351760.05684
-1351760.05684
-1351760.05684
-1351760.05684
-1351760.05684
-1351760.05684
-1351760.05684
-1351760.05684
-1351760.05684
-1351760.05684
-1351760.05684
-1351760.05684
-1351760.05684
-1351760.05684
-1351760.05684
-1351760.05684
-1351760.05684
-1351760.05684
-1351760.05684
-1351760.05684
-1351760.05684
-1351760.05684
-1351760.05684
-1351760.05684
-1351760.05684
-1351760.05684
-1351760.05684
-1351760.05684
-1351760.05684
-1351760.05684
-1351760.05684
-1351760.05684
-1351760.05684
-1351760.05684
-1351760.05684
-1351760.05684
-1351760.05684
-1351760.05684
-1351760.05684
-1351760.05684
-1351760.05684
-1351760.05684
-1351760.05684
-1351760.05684
-1351760.05684
-1351760.05684
-1351760.05684
-1351760.05684
-1351760.05684
-1351760.05684
-1351760.05684
-1351760.05684
-1351760.05684
-1351760.05684
-1351760.05684
-1351760.05684
-1351760.05684
-1351760.05684
-1351760.05684
-1351760.05684
-1351760.05684
-1351760.05684
