-1092737.31666
-1260343.07517
-1294620.31773
-1311375.03899
-1311375.03899
-1311375.03899
-1311375.03899
-1333562.90165
-1333562.90165
-1333562.90165
-1333562.90165
-1333562.90165
-1333562.90165
-1333562.90165
-1333562.90165
-1333562.90165
-1333562.90165
-1333562.90165
-1333562.90165
-1333562.90165
-1333562.90165
-1336219.6883
-1336219.6883
-1343196.76584
-1343196.76584
-1343196.76584
-1343196.76584
-1343196.76584
-1343196.76584
-1343196.76584
-1343196.76584
-1343196.76584
-1343196.76584
-1343196.76584
-1343196.76584
-1343196.76584
-1343196.76584
-1343196.76584
-1343196.76584
-1343196.76584
-1343196.76584
-1343196.76584
-1343196.76584
-1343196.76584
-1343196.76584
-1343196.76584
-1343196.76584
-1343196.76584
-1343196.76584
-1343196.76584
-1343196.76584
-1343196.76584
-1343196.76584
-1343196.76584
-1343196.76584
-1343196.76584
-1343196.76584
-1343196.76584
-1343196.76584
-1343196.76584
-1343196.76584
-1343196.76584
-1343196.76584
-1343196.76584
-1346355.98292
-1346355.98292
-1346355.98292
-1346355.98292
-1346355.98292
-1346355.98292
-1346355.98292
-1346355.98292
-1346355.98292
-1346355.98292
-1346355.98292
-1346355.98292
-1346355.98292
-1346355.98292
-1346355.98292
-1346355.98292
-1346355.98292
-1346355.98292
-1346355.98292
-1346355.98292
-1346355.98292
-1346355.98292
-1346355.98292
-1346355.98292
-1346355.98292
-1346355.98292
-1346355.98292
-1346355.98292
-1346355.98292
-1346355.98292
-1346355.98292
-1346355.98292
-1346355.98292
-1346355.98292
-1346355.98292
-1346355.98292
-1346355.98292
-1346355.98292
-1346355.98292
-1346355.98292
-1346355.98292
-1346355.98292
-1346355.98292
-1346355.98292
-1346355.98292
-1346355.98292
-1346355.98292
-1346355.98292
-1346355.98292
-1346355.98292
-1346355.98292
-1346355.98292
-1346355.98292
-1346355.98292
-1346355.98292
-1346355.98292
-1346355.98292
-1346355.98292
-1346355.98292
-1346355.98292
-1346355.98292
-1346355.98292
-1346355.98292
-1346355.98292
-1346355.98292
-1346355.98292
-1346355.98292
-1346355.98292
-1346355.98292
-1346355.98292
-1346355.98292
-1346355.98292
-1346355.98292
-1346355.98292
-1346355.98292
-1346355.98292
-1346355.98292
-1346355.98292
-1346355.98292
-1346355.98292
-1346355.98292
-1346355.98292
-1346355.98292
-1346355.98292
-1346355.98292
-1346355.98292
-1346355.98292
-1346355.98292
-1346355.98292
-1346355.98292
-1346355.98292
-1346355.98292
-1346355.98292
-1346355.98292
-1346355.98292
-1346355.98292
-1346355.98292
-1346355.98292
-1346355.98292
-1346355.98292
-1346355.98292
-1346355.98292
-1346355.98292
-1346355.98292
-1346355.98292
-1346355.98292
-1346355.98292
-1346355.98292
-1346355.98292
-1346355.98292
-1346355.98292
-1346355.98292
-1346355.98292
-1346355.98292
-1346355.98292
-1346355.98292
-1346355.98292
-1346355.98292
-1346355.98292
-1346355.98292
-1346355.98292
-1346355.98292
-1346355.98292
-1346355.98292
-1346355.98292
-1346355.98292
-1346355.98292
-1346355.98292
-1346355.98292
-1346355.98292
-1346355.98292
-1346355.98292
-1346355.98292
-1346355.98292
-1346355.98292
-1346355.98292
-1346355.98292
-1346355.98292
-1346355.98292
-1346355.98292
-1346355.98292
-1346355.98292
-1346355.98292
-1346355.98292
-1346355.98292
-1346355.98292
-1346355.98292
-1346355.98292
-1346355.98292
-1346355.98292
-1346355.98292
-1346355.98292
-1346355.98292
-1346355.98292
-1346355.98292
-1346355.98292
-1346355.98292
-1346355.98292
-1346355.98292
-1346355.98292
-1346355.98292
-1346355.98292
-1346355.98292
-1346355.98292
-1346355.98292
-1346355.98292
-1346355.98292
-1346355.98292
-1346355.98292
-1346355.98292
-1346355.98292
-1346355.98292
-1346355.98292
-1346355.98292
-1346355.98292
-1346355.98292
-1346355.98292
-1346355.98292
-1346355.98292
-1346355.98292
-1346355.98292
-1346355.98292
-1346355.98292
-1346355.98292
-1346355.98292
-1346355.98292
-1346355.98292
-1346355.98292
-1346355.98292
-1346355.98292
-1346355.98292
-1346355.98292
-1346355.98292
-1346355.98292
-1346355.98292
-1346355.98292
-1346355.98292
-1346355.98292
-1346355.98292
-1346355.98292
-1346355.98292
-1346355.98292
-1346355.98292
-1346355.98292
-1346355.98292
-1346355.98292
-1346355.98292
-1346355.98292
-1346355.98292
-1346355.98292
-1346355.98292
-1346355.98292
-1346355.98292
-1346355.98292
-1346355.98292
-1346355.98292
-1346355.98292
-1346355.98292
-1346355.98292
-1346355.98292
-1346355.98292
-1346355.98292
-1346355.98292
-1346355.98292
-1346355.98292
-1346355.98292
-1346355.98292
-1346355.98292
-1346355.98292
-1346355.98292
-1346355.98292
-1346355.98292
-1346355.98292
-1346355.98292
-1346355.98292
-1346355.98292
