-1112227.39439
-1255564.7733
-1300468.54317
-1300468.54317
-1314529.97168
-1329699.83735
-1329699.83735
-1329699.83735
-1329699.83735
-1329699.83735
-1329699.83735
-1329699.83735
-1329699.83735
-1329699.83735
-1329699.83735
-1329699.83735
-1329699.83735
-1329699.83735
-1338785.52151
-1338785.52151
-1338785.52151
-1338785.52151
-1338785.52151
-1338785.52151
-1338785.52151
-1338785.52151
-1338785.52151
-1338785.52151
-1338785.52151
-1338785.52151
-1338785.52151
-1338785.52151
-1338785.52151
-1338785.52151
-1338785.52151
-1338785.52151
-1338785.52151
-1338785.52151
-1338785.52151
-1338785.52151
-1338785.52151
-1338785.52151
-1345100.01958
-1346727.43918
-1346727.43918
-1346727.43918
-1346727.43918
-1346727.43918
-1346727.43918
-1346727.43918
-1346727.43918
-1346727.43918
-1346727.43918
-1346727.43918
-1346727.43918
-1346727.43918
-1346727.43918
-1346727.43918
-1346727.43918
-1346727.43918
-1346727.43918
-1346727.43918
-1346727.43918
-1346727.43918
-1346727.43918
-1346727.43918
-1346727.43918
-1346727.43918
-1346727.43918
-1346727.43918
-1346727.43918
-1346727.43918
-1346727.43918
-1346727.43918
-1346727.43918
-1346727.43918
-1346727.43918
-1346727.43918
-1346727.43918
-1346727.43918
-1346727.43918
-1346727.43918
-1346727.43918
-1346727.43918
-1346727.43918
-1346727.43918
-1346727.43918
-1346727.43918
-1346727.43918
-1346727.43918
-1346727.43918
-1346727.43918
-1346727.43918
-1346727.43918
-1346727.43918
-1346727.43918
-1346727.43918
-1346727.43918
-1346727.43918
-1346727.43918
-1346727.43918
-1346727.43918
-1346727.43918
-1346727.43918
-1346727.43918
-1346727.43918
-1346727.43918
-1346727.43918
-1346727.43918
-1346727.43918
-1346727.43918
-1346727.43918
-1346727.43918
-1346727.43918
-1346727.43918
-1346727.43918
-1346727.43918
-1346727.43918
-1346727.43918
-1346727.43918
-1346727.43918
-1346727.43918
-1346727.43918
-1346727.43918
-1346727.43918
-1346727.43918
-1346727.43918
-1346727.43918
-1346727.43918
-1346727.43918
-1346727.43918
-1346727.43918
-1346727.43918
-1346727.43918
-1346727.43918
-1346727.43918
-1346727.43918
-1346727.43918
-1346727.43918
-1346727.43918
-1346727.43918
-1346727.43918
-1346727.43918
-1346727.43918
-1346727.43918
-1346727.43918
-1346727.43918
-1346727.43918
-1346727.43918
-1346727.43918
-1346727.43918
-1346727.43918
-1346727.43918
-1346727.43918
-1346727.43918
-1346727.43918
-1346727.43918
-1346727.43918
-1346727.43918
-1346727.43918
-1346727.43918
-1346727.43918
-1346727.43918
-1346727.43918
-1346727.43918
-1346727.43918
-1346727.43918
-1346727.43918
-1346727.43918
-1346727.43918
-1346727.43918
-1346727.43918
-1346727.43918
-1346727.43918
-1346727.43918
-1346727.43918
-1346727.43918
-1346727.43918
-1346727.43918
-1346727.43918
-1346727.43918
-1346727.43918
-1346727.43918
-1346727.43918
-1346727.43918
-1346727.43918
-1346727.43918
-1346727.43918
-1346727.43918
-1346727.43918
-1346727.43918
-1346727.43918
-1346727.43918
-1346727.43918
-1346727.43918
-1346727.43918
-1346727.43918
-1346727.43918
-1346727.43918
-1346727.43918
-1346727.43918
-1346727.43918
-1346727.43918
-1346727.43918
-1346727.43918
-1346727.43918
-1346727.43918
-1346727.43918
-1346727.43918
-1346727.43918
-1346727.43918
-1346727.43918
-1346727.43918
-1346727.43918
-1346727.43918
-1346727.43918
-1346727.43918
-1346727.43918
-1346727.43918
-1346727.43918
-1346727.43918
-1346727.43918
-1346727.43918
-1346727.43918
-1346727.43918
-1346727.43918
-1346727.43918
-1346727.43918
-1346727.43918
-1346727.43918
-1346727.43918
-1346727.43918
-1346727.43918
-1346727.43918
-1346727.43918
-1346727.43918
-1346727.43918
-1346727.43918
-1346727.43918
-1346727.43918
-1346727.43918
-1346727.43918
-1346727.43918
-1346727.43918
-1346727.43918
-1346727.43918
-1346727.43918
-1346727.43918
-1346727.43918
-1346727.43918
-1346727.43918
-1346727.43918
-1346727.43918
-1346727.43918
-1346727.43918
-1346727.43918
-1346727.43918
-1346727.43918
-1346727.43918
-1346727.43918
-1346727.43918
-1346727.43918
-1346727.43918
-1346727.43918
-1346727.43918
-1346727.43918
-1346727.43918
-1346727.43918
-1346727.43918
-1346727.43918
-1346727.43918
-1346727.43918
-1346727.43918
-1346727.43918
-1346727.43918
-1346727.43918
-1346727.43918
-1346727.43918
-1346727.43918
-1346727.43918
-1346727.43918
-1346727.43918
-1346727.43918
-1346727.43918
-1346727.43918
-1346727.43918
-1346727.43918
-1346727.43918
-1346727.43918
-1346727.43918
-1346727.43918
-1346727.43918
-1346727.43918
-1346727.43918
-1346727.43918
-1346727.43918
-1346727.43918
-1346727.43918
-1346727.43918
-1346727.43918
