-1072309.19523
-1202873.01794
-1278863.99584
-1328832.42333
-1328832.42333
-1328832.42333
-1328832.42333
-1328832.42333
-1328832.42333
-1328832.42333
-1330134.5675
-1330134.5675
-1330134.5675
-1330134.5675
-1330134.5675
-1330134.5675
-1330134.5675
-1330134.5675
-1330134.5675
-1330134.5675
-1330134.5675
-1330134.5675
-1330134.5675
-1330134.5675
-1330134.5675
-1332315.75415
-1332315.75415
-1332315.75415
-1332315.75415
-1332315.75415
-1332315.75415
-1332315.75415
-1332315.75415
-1332315.75415
-1332315.75415
-1332315.75415
-1332315.75415
-1332315.75415
-1332315.75415
-1332315.75415
-1332315.75415
-1332315.75415
-1332315.75415
-1332315.75415
-1332315.75415
-1332315.75415
-1332315.75415
-1332315.75415
-1332315.75415
-1332315.75415
-1332315.75415
-1332315.75415
-1332315.75415
-1332315.75415
-1332315.75415
-1332315.75415
-1332315.75415
-1332315.75415
-1332315.75415
-1332315.75415
-1332315.75415
-1332315.75415
-1332315.75415
-1332315.75415
-1332315.75415
-1332315.75415
-1332315.75415
-1332315.75415
-1332315.75415
-1332315.75415
-1332315.75415
-1335168.3888
-1335168.3888
-1335168.3888
-1335168.3888
-1335168.3888
-1335168.3888
-1335168.3888
-1335168.3888
-1335168.3888
-1335168.3888
-1335168.3888
-1335168.3888
-1335168.3888
-1335168.3888
-1335168.3888
-1335168.3888
-1335168.3888
-1335168.3888
-1335168.3888
-1335168.3888
-1335168.3888
-1335168.3888
-1335168.3888
-1335168.3888
-1335168.3888
-1335168.3888
-1335168.3888
-1335168.3888
-1335168.3888
-1335168.3888
-1335168.3888
-1335168.3888
-1335168.3888
-1335168.3888
-1335168.3888
-1335168.3888
-1335168.3888
-1335168.3888
-1335168.3888
-1335168.3888
-1335168.3888
-1335168.3888
-1335168.3888
-1335168.3888
-1335168.3888
-1335168.3888
-1335168.3888
-1335168.3888
-1335168.3888
-1335168.3888
-1335168.3888
-1335168.3888
-1337585.63638
-1337585.63638
-1337585.63638
-1337585.63638
-1337585.63638
-1337585.63638
-1337769.10695
-1337769.10695
-1337769.10695
-1337769.10695
-1337769.10695
-1337769.10695
-1337769.10695
-1337769.10695
-1337769.10695
-1337769.10695
-1337769.10695
-1337769.10695
-1337769.10695
-1337926.80523
-1337926.80523
-1337926.80523
-1337926.80523
-1337926.80523
-1337926.80523
-1337926.80523
-1337926.80523
-1339071.35352
-1339071.35352
-1339071.35352
-1339071.35352
-1339071.35352
-1339071.35352
-1339071.35352
-1339071.35352
-1339071.35352
-1339071.35352
-1339071.35352
-1339071.35352
-1339071.35352
-1339071.35352
-1339071.35352
-1339071.35352
-1339071.35352
-1339071.35352
-1339071.35352
-1339071.35352
-1339071.35352
-1339071.35352
-1339071.35352
-1339071.35352
-1339071.35352
-1339071.35352
-1339071.35352
-1339071.35352
-1339071.35352
-1339071.35352
-1339071.35352
-1339071.35352
-1339071.35352
-1339071.35352
-1339071.35352
-1339071.35352
-1339071.35352
-1339071.35352
-1339071.35352
-1339071.35352
-1339071.35352
-1339071.35352
-1339071.35352
-1339071.35352
-1339071.35352
-1339071.35352
-1339071.35352
-1339071.35352
-1339071.35352
-1339071.35352
-1339071.35352
-1339071.35352
-1344508.80749
-1344508.80749
-1344508.80749
-1344508.80749
-1344508.80749
-1344508.80749
-1344508.80749
-1344508.80749
-1344508.80749
-1344508.80749
-1344508.80749
-1344508.80749
-1344508.80749
-1344508.80749
-1344508.80749
-1344508.80749
-1344508.80749
-1344508.80749
-1344508.80749
-1344508.80749
-1344508.80749
-1344508.80749
-1344508.80749
-1344508.80749
-1344508.80749
-1344508.80749
-1344508.80749
-1344508.80749
-1344508.80749
-1344508.80749
-1344508.80749
-1344508.80749
-1344508.80749
-1344508.80749
-1344508.80749
-1344508.80749
-1344508.80749
-1344508.80749
-1344508.80749
-1344508.80749
-1344508.80749
-1344508.80749
-1344508.80749
-1344508.80749
-1344508.80749
-1344508.80749
-1344508.80749
-1344508.80749
-1344508.80749
-1344508.80749
-1344508.80749
-1344508.80749
-1344508.80749
-1344508.80749
-1344508.80749
-1344508.80749
-1344508.80749
-1344508.80749
-1344508.80749
-1344508.80749
-1344508.80749
-1344508.80749
-1344508.80749
-1344508.80749
-1344508.80749
-1344508.80749
-1344508.80749
-1344508.80749
-1344508.80749
-1344508.80749
-1344508.80749
-1344508.80749
-1344508.80749
-1344508.80749
-1344508.80749
-1344508.80749
-1344508.80749
-1344508.80749
-1344508.80749
-1344508.80749
-1344508.80749
-1344508.80749
-1344508.80749
-1344508.80749
-1344508.80749
-1344508.80749
-1344508.80749
-1344508.80749
-1344508.80749
-1344508.80749
-1344508.80749
-1344508.80749
-1344508.80749
-1344508.80749
-1344508.80749
-1344508.80749
-1344508.80749
-1344508.80749
