-1060509.01497
-1282145.15268
-1303963.61392
-1324253.08881
-1324253.08881
-1324253.08881
-1324253.08881
-1324253.08881
-1324253.08881
-1327052.98472
-1327052.98472
-1327052.98472
-1327052.98472
-1329257.96958
-1329257.96958
-1329257.96958
-1329257.96958
-1330844.91552
-1330844.91552
-1330844.91552
-1330844.91552
-1330844.91552
-1332663.18234
-1332663.18234
-1332663.18234
-1332663.18234
-1332663.18234
-1332663.18234
-1332663.18234
-1332663.18234
-1332663.18234
-1332663.18234
-1332663.18234
-1332663.18234
-1332663.18234
-1332663.18234
-1332663.18234
-1332663.18234
-1332663.18234
-1332663.18234
-1332663.18234
-1332663.18234
-1332663.18234
-1332663.18234
-1332663.18234
-1332663.18234
-1332663.18234
-1332663.18234
-1332663.18234
-1332663.18234
-1332663.18234
-1332663.18234
-1332663.18234
-1332663.18234
-1332663.18234
-1332663.18234
-1332663.18234
-1332663.18234
-1332663.18234
-1332663.18234
-1332663.18234
-1332663.18234
-1332663.18234
-1340246.26441
-1340246.26441
-1340246.26441
-1340246.26441
-1345250.56469
-1345250.56469
-1345250.56469
-1345250.56469
-1345250.56469
-1345250.56469
-1345250.56469
-1345250.56469
-1345250.56469
-1345250.56469
-1345250.56469
-1345250.56469
-1345250.56469
-1345250.56469
-1345250.56469
-1345250.56469
-1345250.56469
-1345250.56469
-1345250.56469
-1345250.56469
-1345250.56469
-1345250.56469
-1345250.56469
-1345250.56469
-1345250.56469
-1345250.56469
-1345250.56469
-1345250.56469
-1345250.56469
-1345250.56469
-1345250.56469
-1345250.56469
-1345250.56469
-1345250.56469
-1345250.56469
-1345250.56469
-1345250.56469
-1345250.56469
-1345250.56469
-1345250.56469
-1345250.56469
-1345250.56469
-1345250.56469
-1345250.56469
-1345250.56469
-1345250.56469
-1345250.56469
-1345250.56469
-1345250.56469
-1345250.56469
-1345250.56469
-1345250.56469
-1345250.56469
-1345250.56469
-1345250.56469
-1345250.56469
-1345250.56469
-1345250.56469
-1345250.56469
-1345250.56469
-1345250.56469
-1345250.56469
-1345250.56469
-1345250.56469
-1345250.56469
-1345250.56469
-1345250.56469
-1345250.56469
-1345250.56469
-1345250.56469
-1345250.56469
-1345250.56469
-1345250.56469
-1345250.56469
-1345250.56469
-1345250.56469
-1345250.56469
-1345250.56469
-1345250.56469
-1345250.56469
-1345250.56469
-1345250.56469
-1345250.56469
-1345250.56469
-1345250.56469
-1345250.56469
-1345250.56469
-1345250.56469
-1345250.56469
-1345250.56469
-1345250.56469
-1345250.56469
-1345250.56469
-1345250.56469
-1345250.56469
-1345250.56469
-1345250.56469
-1345250.56469
-1345250.56469
-1345250.56469
-1345250.56469
-1345250.56469
-1345250.56469
-1345250.56469
-1345250.56469
-1345250.56469
-1345250.56469
-1345250.56469
-1345250.56469
-1345250.56469
-1345250.56469
-1345250.56469
-1345250.56469
-1345250.56469
-1345250.56469
-1345250.56469
-1345250.56469
-1345250.56469
-1345250.56469
-1345250.56469
-1345250.56469
-1345250.56469
-1345250.56469
-1345250.56469
-1345250.56469
-1345250.56469
-1345250.56469
-1345250.56469
-1345250.56469
-1345250.56469
-1345250.56469
-1345250.56469
-1345250.56469
-1345250.56469
-1345250.56469
-1345250.56469
-1345250.56469
-1345250.56469
-1345250.56469
-1345250.56469
-1345250.56469
-1345250.56469
-1345250.56469
-1345250.56469
-1345250.56469
-1345250.56469
-1345250.56469
-1345250.56469
-1345250.56469
-1345250.56469
-1345250.56469
-1345250.56469
-1345250.56469
-1345250.56469
-1345250.56469
-1345250.56469
-1345250.56469
-1345250.56469
-1345250.56469
-1345250.56469
-1345250.56469
-1345250.56469
-1345250.56469
-1345250.56469
-1345250.56469
-1345250.56469
-1345250.56469
-1345250.56469
-1345250.56469
-1345250.56469
-1345250.56469
-1345250.56469
-1345250.56469
-1345250.56469
-1345250.56469
-1345250.56469
-1345250.56469
-1345250.56469
-1345250.56469
-1345250.56469
-1345250.56469
-1345250.56469
-1345250.56469
-1345250.56469
-1345250.56469
-1345250.56469
-1345250.56469
-1345250.56469
-1345250.56469
-1345250.56469
-1345250.56469
-1345250.56469
-1345250.56469
-1345250.56469
-1345250.56469
-1345250.56469
-1345250.56469
-1345250.56469
-1345250.56469
-1345250.56469
-1345250.56469
-1345250.56469
-1345250.56469
-1345250.56469
-1345250.56469
-1345250.56469
-1345250.56469
-1345250.56469
-1345250.56469
-1345250.56469
-1345250.56469
-1345250.56469
-1345250.56469
-1345250.56469
-1345250.56469
-1345250.56469
-1345250.56469
-1345250.56469
-1345250.56469
-1345250.56469
-1345250.56469
-1345250.56469
-1345250.56469
-1345250.56469
-1345250.56469
-1345250.56469
-1345250.56469
-1345250.56469
-1345250.56469
-1345250.56469
-1345250.56469
-1345250.56469
-1345250.56469
