-662319.748056
-722542.297493
-744738.08597
-747454.484987
-747454.484987
-752270.928276
-752270.928276
-752270.928276
-752270.928276
-752270.928276
-759664.078156
-759664.078156
-759664.078156
-759664.078156
-759664.078156
-759664.078156
-759664.078156
-759664.078156
-759664.078156
-759664.078156
-759664.078156
-759664.078156
-759664.078156
-759664.078156
-759664.078156
-759664.078156
-759664.078156
-760224.919069
-760224.919069
-760224.919069
-760224.919069
-760224.919069
-760224.919069
-760224.919069
-760224.919069
-760224.919069
-761686.989889
-761686.989889
-761686.989889
-761686.989889
-761686.989889
-761686.989889
-761686.989889
-761686.989889
-761686.989889
-761686.989889
-761686.989889
-761686.989889
-761686.989889
-761686.989889
-761686.989889
-761686.989889
-761686.989889
-761686.989889
-764320.824547
-764320.824547
-764320.824547
-764320.824547
-764320.824547
-764320.824547
-764320.824547
-764320.824547
-764320.824547
-764320.824547
-764320.824547
-764320.824547
-764320.824547
-764320.824547
-764320.824547
-764320.824547
-764320.824547
-764320.824547
-764320.824547
-764320.824547
-764320.824547
-764320.824547
-764320.824547
-764320.824547
-764320.824547
-764320.824547
-764320.824547
-764320.824547
-764320.824547
-764320.824547
-764320.824547
-764320.824547
-766829.437383
-766829.437383
-766829.437383
-766829.437383
-766829.437383
-766829.437383
-766829.437383
-766829.437383
-766829.437383
-766829.437383
-766829.437383
-766829.437383
-766829.437383
-766829.437383
-766829.437383
-766829.437383
-766829.437383
-766829.437383
-766829.437383
-766829.437383
-766829.437383
-766829.437383
-766829.437383
-766829.437383
-766829.437383
-774201.763874
-774201.763874
-774201.763874
-774201.763874
-774201.763874
-774201.763874
-774201.763874
-774201.763874
-774201.763874
-774201.763874
-774201.763874
-774201.763874
-774201.763874
-774201.763874
-774201.763874
-774201.763874
-774201.763874
-774201.763874
-774201.763874
-774201.763874
-774201.763874
-774201.763874
-774201.763874
-774201.763874
-774201.763874
-774201.763874
-774201.763874
-774201.763874
-774201.763874
-774201.763874
-774201.763874
-774201.763874
-774201.763874
-774201.763874
-774201.763874
-774201.763874
-774201.763874
-774201.763874
-774201.763874
-774201.763874
-774201.763874
-774201.763874
-774201.763874
-774201.763874
-774201.763874
-774201.763874
-774201.763874
-774201.763874
-774201.763874
-774201.763874
-774201.763874
-774201.763874
-774201.763874
-774201.763874
-774201.763874
-774201.763874
-774201.763874
-774201.763874
-774201.763874
-774201.763874
-774201.763874
-774201.763874
-774201.763874
-774201.763874
-774201.763874
-774201.763874
-774201.763874
-774201.763874
-774201.763874
-774201.763874
-774201.763874
-774201.763874
-774201.763874
-774201.763874
-774201.763874
-774201.763874
-774201.763874
-774201.763874
-774201.763874
-774201.763874
-774201.763874
-774201.763874
-774201.763874
-774201.763874
-774201.763874
-774201.763874
-774201.763874
-774201.763874
-774201.763874
