-1074155.76175
-1251434.17478
-1307454.03436
-1309286.029
-1316107.26207
-1316107.26207
-1328620.42116
-1328620.42116
-1328620.42116
-1328620.42116
-1328620.42116
-1328632.54073
-1328632.54073
-1332140.69603
-1332140.69603
-1332140.69603
-1332140.69603
-1332140.69603
-1332140.69603
-1332140.69603
-1332140.69603
-1332140.69603
-1332140.69603
-1332140.69603
-1332140.69603
-1332140.69603
-1332140.69603
-1332140.69603
-1332140.69603
-1332140.69603
-1332140.69603
-1332140.69603
-1332140.69603
-1332140.69603
-1332140.69603
-1332140.69603
-1332140.69603
-1332140.69603
-1332140.69603
-1332140.69603
-1332140.69603
-1332140.69603
-1332140.69603
-1332140.69603
-1332140.69603
-1342104.89234
-1342104.89234
-1342104.89234
-1342104.89234
-1342104.89234
-1342104.89234
-1342104.89234
-1342104.89234
-1342104.89234
-1342104.89234
-1342104.89234
-1342104.89234
-1342104.89234
-1342104.89234
-1342104.89234
-1342104.89234
-1342104.89234
-1342104.89234
-1342104.89234
-1342104.89234
-1342104.89234
-1342104.89234
-1342104.89234
-1342104.89234
-1342104.89234
-1342104.89234
-1342104.89234
-1342104.89234
-1342104.89234
-1342104.89234
-1342104.89234
-1342104.89234
-1342104.89234
-1342104.89234
-1342104.89234
-1342104.89234
-1342104.89234
-1342104.89234
-1342104.89234
-1342104.89234
-1342104.89234
-1342104.89234
-1342104.89234
-1342104.89234
-1342104.89234
-1342104.89234
-1342104.89234
-1342104.89234
-1342104.89234
-1342104.89234
-1342104.89234
-1342104.89234
-1342104.89234
-1342104.89234
-1342104.89234
-1342104.89234
-1342104.89234
-1342104.89234
-1342104.89234
-1342104.89234
-1342104.89234
-1342104.89234
-1342104.89234
-1348669.99235
-1348669.99235
-1348669.99235
-1348669.99235
-1348669.99235
-1348669.99235
-1348669.99235
-1348669.99235
-1348669.99235
-1348669.99235
-1348669.99235
-1348669.99235
-1348669.99235
-1348669.99235
-1348669.99235
-1348669.99235
-1348669.99235
-1348669.99235
-1348669.99235
-1348669.99235
-1348669.99235
-1348669.99235
-1348669.99235
-1348669.99235
-1348669.99235
-1348669.99235
-1348669.99235
-1348669.99235
-1348669.99235
-1348669.99235
-1348669.99235
-1348669.99235
-1348669.99235
-1348669.99235
-1348669.99235
-1348669.99235
-1348669.99235
-1348669.99235
-1348669.99235
-1348669.99235
-1348669.99235
-1348669.99235
-1348669.99235
-1348669.99235
-1348669.99235
-1348669.99235
-1348669.99235
-1348669.99235
-1348669.99235
-1348669.99235
-1348669.99235
-1348669.99235
-1348669.99235
-1348669.99235
-1348669.99235
-1348669.99235
-1348669.99235
-1348669.99235
-1348669.99235
-1348669.99235
-1348669.99235
-1348669.99235
-1349167.18528
-1349167.18528
-1349167.18528
-1349167.18528
-1349167.18528
-1349167.18528
-1349167.18528
-1349167.18528
-1349167.18528
-1349167.18528
-1349167.18528
-1349167.18528
-1349167.18528
-1349167.18528
-1349167.18528
-1349167.18528
-1349167.18528
-1349167.18528
-1349167.18528
-1349167.18528
-1349167.18528
-1349167.18528
-1349167.18528
-1349167.18528
-1349167.18528
-1349167.18528
-1349167.18528
-1349167.18528
-1349167.18528
-1349167.18528
-1349167.18528
-1349167.18528
-1349167.18528
-1349167.18528
-1349167.18528
-1349167.18528
-1349167.18528
-1349167.18528
-1349167.18528
-1349167.18528
-1349167.18528
-1349167.18528
-1349167.18528
-1349167.18528
-1349167.18528
-1349167.18528
-1349167.18528
-1349167.18528
-1349167.18528
-1349167.18528
-1349167.18528
-1349167.18528
-1349167.18528
-1349167.18528
-1349167.18528
-1349167.18528
-1349167.18528
-1349167.18528
-1349167.18528
-1349167.18528
-1349167.18528
-1349167.18528
-1349167.18528
-1349167.18528
-1349167.18528
-1349167.18528
-1349167.18528
-1349167.18528
-1349167.18528
-1349167.18528
-1349167.18528
-1349167.18528
-1349167.18528
-1349167.18528
-1349167.18528
-1349167.18528
-1349167.18528
-1349167.18528
-1349167.18528
-1349167.18528
-1349167.18528
-1349167.18528
-1349167.18528
-1349167.18528
-1349167.18528
-1349167.18528
-1349167.18528
-1349167.18528
-1349167.18528
-1349167.18528
-1349167.18528
-1349167.18528
-1349167.18528
-1349167.18528
-1349167.18528
-1349167.18528
-1349167.18528
-1349167.18528
-1349167.18528
-1349167.18528
-1349167.18528
-1349167.18528
-1349167.18528
-1349167.18528
-1349167.18528
-1349167.18528
-1349167.18528
-1349167.18528
-1349167.18528
-1349167.18528
-1349167.18528
-1349167.18528
-1349167.18528
-1349167.18528
-1349167.18528
-1349167.18528
-1349167.18528
-1349167.18528
-1349167.18528
-1349167.18528
-1349167.18528
-1349167.18528
-1349167.18528
-1349167.18528
-1349167.18528
-1349167.18528
-1349167.18528
-1349167.18528
-1349167.18528
-1349167.18528
