-1081211.62819
-1264786.48839
-1313908.49045
-1314999.29024
-1314999.29024
-1328476.97655
-1328476.97655
-1328476.97655
-1329895.91512
-1329895.91512
-1329895.91512
-1329895.91512
-1329895.91512
-1329895.91512
-1329895.91512
-1329895.91512
-1329895.91512
-1330217.49094
-1330217.49094
-1330217.49094
-1330217.49094
-1330217.49094
-1330217.49094
-1330217.49094
-1330217.49094
-1330217.49094
-1330217.49094
-1330217.49094
-1330217.49094
-1330217.49094
-1330217.49094
-1330217.49094
-1330217.49094
-1330217.49094
-1330217.49094
-1330217.49094
-1330217.49094
-1330217.49094
-1330217.49094
-1339861.68897
-1339861.68897
-1339861.68897
-1339861.68897
-1339861.68897
-1339861.68897
-1339861.68897
-1339861.68897
-1339861.68897
-1339861.68897
-1339861.68897
-1339861.68897
-1339861.68897
-1339861.68897
-1339861.68897
-1339861.68897
-1339861.68897
-1339861.68897
-1339861.68897
-1339861.68897
-1339861.68897
-1339861.68897
-1339861.68897
-1339861.68897
-1339861.68897
-1339861.68897
-1339861.68897
-1339861.68897
-1339861.68897
-1339861.68897
-1339861.68897
-1339861.68897
-1339861.68897
-1339861.68897
-1339861.68897
-1339861.68897
-1339861.68897
-1339861.68897
-1339861.68897
-1339861.68897
-1339861.68897
-1339861.68897
-1339861.68897
-1339861.68897
-1339861.68897
-1339861.68897
-1339861.68897
-1339861.68897
-1339861.68897
-1339861.68897
-1339861.68897
-1339861.68897
-1339861.68897
-1339861.68897
-1339861.68897
-1339861.68897
-1339861.68897
-1339861.68897
-1339861.68897
-1339861.68897
-1339861.68897
-1339861.68897
-1339861.68897
-1339861.68897
-1339861.68897
-1339861.68897
-1339861.68897
-1339861.68897
-1339861.68897
-1339861.68897
-1339861.68897
-1339861.68897
-1339861.68897
-1339861.68897
-1339861.68897
-1339861.68897
-1339861.68897
-1339861.68897
-1339861.68897
-1339861.68897
-1339861.68897
-1339861.68897
-1339861.68897
-1339861.68897
-1339861.68897
-1339861.68897
-1339861.68897
-1339861.68897
-1339861.68897
-1339861.68897
-1339861.68897
-1339861.68897
-1339861.68897
-1339861.68897
-1339861.68897
-1339861.68897
-1339861.68897
-1339861.68897
-1339861.68897
-1339861.68897
-1339861.68897
-1339861.68897
-1339861.68897
-1339861.68897
-1339861.68897
-1339861.68897
-1339861.68897
-1339861.68897
-1339861.68897
-1339861.68897
-1339861.68897
-1339861.68897
-1339861.68897
-1339861.68897
-1339861.68897
-1339861.68897
-1339861.68897
-1339861.68897
-1339861.68897
-1339861.68897
-1339861.68897
-1339861.68897
-1339861.68897
-1339861.68897
-1339861.68897
-1339861.68897
-1339861.68897
-1339861.68897
-1339861.68897
-1339861.68897
-1339861.68897
-1339861.68897
-1339861.68897
-1339861.68897
-1339861.68897
-1339861.68897
-1339861.68897
-1339861.68897
-1339861.68897
-1339861.68897
-1339861.68897
-1339861.68897
-1339861.68897
-1349698.28583
-1349698.28583
-1349698.28583
-1349698.28583
-1349698.28583
-1349698.28583
-1349698.28583
-1349698.28583
-1349698.28583
-1349698.28583
-1349698.28583
-1349698.28583
-1349698.28583
-1349698.28583
-1349698.28583
-1349698.28583
-1349698.28583
-1349698.28583
-1349698.28583
-1349698.28583
-1349698.28583
-1349698.28583
-1349698.28583
-1349698.28583
-1349698.28583
-1349698.28583
-1349698.28583
-1349698.28583
-1349698.28583
-1349698.28583
-1349698.28583
-1349698.28583
-1349698.28583
-1349698.28583
-1349698.28583
-1349698.28583
-1349698.28583
-1349698.28583
-1349698.28583
-1349698.28583
-1349698.28583
-1349698.28583
-1349698.28583
-1349698.28583
-1349698.28583
-1349698.28583
-1349698.28583
-1349698.28583
-1349698.28583
-1349698.28583
-1349698.28583
-1349698.28583
-1349698.28583
-1349698.28583
-1349698.28583
-1349698.28583
-1349698.28583
-1349698.28583
-1349698.28583
-1349698.28583
-1349698.28583
-1349698.28583
-1349698.28583
-1349698.28583
-1349698.28583
-1349698.28583
-1349698.28583
-1349698.28583
-1349698.28583
-1349698.28583
-1349698.28583
-1349698.28583
-1349698.28583
-1349698.28583
-1349698.28583
-1349698.28583
-1349698.28583
-1349698.28583
-1349698.28583
-1349698.28583
-1349698.28583
-1349698.28583
-1349698.28583
-1349698.28583
-1349698.28583
-1349698.28583
-1349698.28583
-1349698.28583
-1349698.28583
-1349698.28583
-1349698.28583
-1349698.28583
-1349698.28583
-1349698.28583
-1349698.28583
-1349698.28583
-1349698.28583
-1349698.28583
-1349698.28583
-1349698.28583
-1349698.28583
-1349698.28583
-1349698.28583
-1349698.28583
-1349698.28583
-1349698.28583
-1349698.28583
-1349698.28583
-1349698.28583
-1349698.28583
-1349698.28583
-1349698.28583
-1349698.28583
-1349698.28583
-1349698.28583
-1349698.28583
-1349698.28583
-1349698.28583
