-1072677.70604
-1253966.75772
-1319636.04385
-1341764.44809
-1341764.44809
-1341764.44809
-1341764.44809
-1341764.44809
-1341764.44809
-1341764.44809
-1341764.44809
-1341764.44809
-1341764.44809
-1341764.44809
-1341764.44809
-1341764.44809
-1341764.44809
-1341764.44809
-1341764.44809
-1341764.44809
-1341764.44809
-1341764.44809
-1341764.44809
-1341764.44809
-1341764.44809
-1341764.44809
-1341764.44809
-1341764.44809
-1341764.44809
-1341764.44809
-1341764.44809
-1341764.44809
-1341764.44809
-1341764.44809
-1341764.44809
-1341764.44809
-1341764.44809
-1341764.44809
-1341764.44809
-1341764.44809
-1341764.44809
-1341764.44809
-1341764.44809
-1341764.44809
-1341764.44809
-1341764.44809
-1341764.44809
-1341764.44809
-1341764.44809
-1341764.44809
-1341764.44809
-1341764.44809
-1341764.44809
-1341764.44809
-1341764.44809
-1341764.44809
-1341764.44809
-1341764.44809
-1341764.44809
-1341764.44809
-1341764.44809
-1341764.44809
-1341764.44809
-1341764.44809
-1341764.44809
-1341764.44809
-1341764.44809
-1341764.44809
-1341764.44809
-1341764.44809
-1341764.44809
-1341764.44809
-1341764.44809
-1341764.44809
-1341764.44809
-1341764.44809
-1341764.44809
-1341764.44809
-1341764.44809
-1341764.44809
-1341764.44809
-1341764.44809
-1341764.44809
-1341764.44809
-1341764.44809
-1341764.44809
-1341764.44809
-1341764.44809
-1341764.44809
-1341764.44809
-1341764.44809
-1341764.44809
-1341764.44809
-1341764.44809
-1341764.44809
-1341764.44809
-1341764.44809
-1341764.44809
-1341764.44809
-1341764.44809
-1341764.44809
-1341764.44809
-1341764.44809
-1341764.44809
-1341764.44809
-1341764.44809
-1341764.44809
-1341764.44809
-1341764.44809
-1341764.44809
-1341764.44809
-1341764.44809
-1341764.44809
-1341764.44809
-1341764.44809
-1341764.44809
-1341764.44809
-1348315.58587
-1348315.58587
-1348315.58587
-1348315.58587
-1348315.58587
-1348315.58587
-1348315.58587
-1348315.58587
-1348315.58587
-1348315.58587
-1348315.58587
-1348315.58587
-1348315.58587
-1348315.58587
-1348315.58587
-1348315.58587
-1348315.58587
-1348315.58587
-1348315.58587
-1348315.58587
-1348315.58587
-1348315.58587
-1348315.58587
-1348315.58587
-1348315.58587
-1348315.58587
-1348315.58587
-1348315.58587
-1348315.58587
-1348315.58587
-1348315.58587
-1348315.58587
-1348315.58587
-1348315.58587
-1348315.58587
-1348315.58587
-1348315.58587
-1348315.58587
-1348315.58587
-1348315.58587
-1348315.58587
-1348315.58587
-1348315.58587
-1348315.58587
-1348315.58587
-1348315.58587
-1348315.58587
-1348315.58587
-1348315.58587
-1348315.58587
-1348315.58587
-1348315.58587
-1348315.58587
-1348315.58587
-1348315.58587
-1348315.58587
-1348315.58587
-1348315.58587
-1348315.58587
-1348315.58587
-1348315.58587
-1348315.58587
-1348315.58587
-1348315.58587
-1348315.58587
-1348315.58587
-1348315.58587
-1348315.58587
-1348315.58587
-1348315.58587
-1348315.58587
-1348315.58587
-1348315.58587
-1348315.58587
-1348315.58587
-1348315.58587
-1348315.58587
-1348315.58587
-1348315.58587
-1348315.58587
-1348315.58587
-1348315.58587
-1348315.58587
