-1097223.01882
-1278787.86782
-1318978.69764
-1318978.69764
-1323672.00978
-1323672.00978
-1323672.00978
-1323672.00978
-1323672.00978
-1323672.00978
-1325936.91795
-1325936.91795
-1325936.91795
-1325936.91795
-1326276.33573
-1326276.33573
-1327526.00014
-1327526.00014
-1327526.00014
-1327526.00014
-1332873.31698
-1335670.21927
-1335670.21927
-1335670.21927
-1335670.21927
-1335670.21927
-1335670.21927
-1335670.21927
-1335670.21927
-1335670.21927
-1335670.21927
-1335670.21927
-1335670.21927
-1335670.21927
-1335670.21927
-1335670.21927
-1335670.21927
-1335670.21927
-1335670.21927
-1335670.21927
-1335670.21927
-1335670.21927
-1335670.21927
-1335670.21927
-1335670.21927
-1335670.21927
-1335670.21927
-1335670.21927
-1335670.21927
-1335670.21927
-1335670.21927
-1339321.40679
-1339321.40679
-1339321.40679
-1339321.40679
-1339321.40679
-1339321.40679
-1342000.73705
-1342000.73705
-1342000.73705
-1342000.73705
-1342000.73705
-1342000.73705
-1342000.73705
-1342000.73705
-1342000.73705
-1342000.73705
-1342000.73705
-1342000.73705
-1342000.73705
-1342000.73705
-1342000.73705
-1342000.73705
-1342000.73705
-1342000.73705
-1342000.73705
-1342000.73705
-1342000.73705
-1342000.73705
-1342000.73705
-1342000.73705
-1342000.73705
-1342000.73705
-1342000.73705
-1342000.73705
-1342486.78534
-1342486.78534
-1342486.78534
-1342486.78534
-1342486.78534
-1342486.78534
-1342486.78534
-1342486.78534
-1342486.78534
-1342486.78534
-1342486.78534
-1342486.78534
-1342486.78534
-1342486.78534
-1342486.78534
-1342486.78534
-1342486.78534
-1342486.78534
-1342486.78534
-1342486.78534
-1342486.78534
-1342486.78534
-1342486.78534
-1342486.78534
-1342486.78534
-1342486.78534
-1342486.78534
-1342486.78534
-1342486.78534
-1342486.78534
-1342486.78534
-1342486.78534
-1342486.78534
-1342486.78534
-1342486.78534
-1342486.78534
-1342486.78534
-1342486.78534
-1342486.78534
-1342486.78534
-1342486.78534
-1342486.78534
-1342486.78534
-1342486.78534
-1342486.78534
-1342486.78534
-1342486.78534
-1342486.78534
-1342486.78534
-1342486.78534
-1342486.78534
-1342486.78534
-1342486.78534
-1342486.78534
-1342486.78534
-1342486.78534
-1342486.78534
-1342486.78534
-1342486.78534
-1342486.78534
-1342486.78534
-1342486.78534
-1342486.78534
-1342486.78534
-1342486.78534
-1342486.78534
-1342486.78534
-1342486.78534
-1342486.78534
-1342486.78534
-1342486.78534
-1342486.78534
-1342486.78534
-1342486.78534
-1342486.78534
-1342486.78534
-1342486.78534
-1342486.78534
-1342486.78534
-1342486.78534
-1342486.78534
-1342486.78534
-1342486.78534
-1342486.78534
-1342486.78534
-1342486.78534
-1342486.78534
-1342486.78534
-1342486.78534
-1342486.78534
-1342486.78534
-1342486.78534
-1342486.78534
-1342486.78534
-1342486.78534
-1342486.78534
-1342486.78534
-1342486.78534
-1342486.78534
-1342486.78534
-1342486.78534
-1342486.78534
-1342486.78534
-1342486.78534
-1342486.78534
-1342486.78534
-1342486.78534
-1342486.78534
-1342486.78534
-1342910.55993
-1342910.55993
-1342910.55993
-1342910.55993
-1342910.55993
-1342910.55993
