-1131845.56361
-1284616.46845
-1325468.74171
-1325468.74171
-1325468.74171
-1325468.74171
-1325468.74171
-1325468.74171
-1325468.74171
-1325468.74171
-1331187.60455
-1331187.60455
-1335241.86942
-1335241.86942
-1335241.86942
-1335241.86942
-1335241.86942
-1335241.86942
-1335241.86942
-1335241.86942
-1335241.86942
-1335241.86942
-1335241.86942
-1335241.86942
-1335241.86942
-1335241.86942
-1335241.86942
-1335241.86942
-1335241.86942
-1335241.86942
-1335241.86942
-1335241.86942
-1335241.86942
-1335241.86942
-1335241.86942
-1335241.86942
-1335241.86942
-1335241.86942
-1340211.05143
-1340211.05143
-1340211.05143
-1345926.08385
-1345926.08385
-1345926.08385
-1345926.08385
-1350398.51703
-1350398.51703
-1350398.51703
-1350398.51703
-1350398.51703
-1350398.51703
-1350398.51703
-1350398.51703
-1350398.51703
-1350398.51703
-1350398.51703
-1350398.51703
-1350398.51703
-1350398.51703
-1350398.51703
-1350398.51703
-1350398.51703
-1350398.51703
-1350398.51703
-1350398.51703
-1350398.51703
-1350398.51703
-1350398.51703
-1350398.51703
-1350398.51703
-1350398.51703
-1350398.51703
-1350398.51703
-1350398.51703
-1350398.51703
-1350398.51703
-1350398.51703
-1350398.51703
-1350398.51703
-1350398.51703
-1350398.51703
-1350398.51703
-1350398.51703
-1350398.51703
-1350398.51703
-1350398.51703
-1350398.51703
-1350398.51703
-1350398.51703
-1350398.51703
-1350398.51703
-1350398.51703
-1350398.51703
-1350398.51703
-1350398.51703
-1350398.51703
-1350398.51703
-1350398.51703
-1350398.51703
-1350398.51703
-1350398.51703
-1350398.51703
-1350398.51703
-1350398.51703
-1350398.51703
-1350398.51703
-1350398.51703
-1350398.51703
-1350398.51703
-1350398.51703
-1350398.51703
-1350398.51703
-1350398.51703
-1350398.51703
-1350398.51703
-1350398.51703
-1350398.51703
-1350398.51703
-1350398.51703
-1350398.51703
-1350398.51703
-1350398.51703
-1350398.51703
-1350398.51703
-1350398.51703
-1350398.51703
-1350398.51703
-1350398.51703
-1350398.51703
-1350398.51703
-1350398.51703
-1350398.51703
-1350398.51703
-1350398.51703
-1350398.51703
-1350398.51703
-1350398.51703
-1350398.51703
-1350398.51703
-1350398.51703
-1350398.51703
-1350398.51703
-1350398.51703
-1350398.51703
-1350398.51703
-1350398.51703
-1350398.51703
-1350398.51703
-1350398.51703
-1350398.51703
-1350398.51703
-1350398.51703
-1350398.51703
-1350398.51703
-1350398.51703
-1350398.51703
-1350398.51703
-1350398.51703
-1350398.51703
-1350398.51703
-1350398.51703
-1350398.51703
-1350398.51703
-1350398.51703
-1350398.51703
-1350398.51703
-1350398.51703
-1350398.51703
-1350398.51703
-1350398.51703
-1350398.51703
-1350398.51703
-1350398.51703
-1350398.51703
-1350398.51703
-1350398.51703
-1350398.51703
-1350398.51703
-1350398.51703
-1350398.51703
-1350398.51703
-1350398.51703
-1350398.51703
-1350398.51703
-1350398.51703
-1350398.51703
-1350398.51703
-1350398.51703
-1350398.51703
-1350398.51703
-1350398.51703
-1350398.51703
-1350398.51703
-1350398.51703
-1350398.51703
-1350398.51703
-1350398.51703
-1350398.51703
-1350398.51703
-1350398.51703
-1350398.51703
-1350398.51703
-1350398.51703
-1350398.51703
-1350398.51703
-1350398.51703
-1350398.51703
-1350398.51703
-1350398.51703
-1350398.51703
-1350398.51703
-1350398.51703
-1350398.51703
-1350398.51703
-1350398.51703
-1350398.51703
-1350398.51703
-1350398.51703
-1350398.51703
-1350398.51703
-1350398.51703
-1350398.51703
-1352793.3895
-1352793.3895
-1352793.3895
-1352793.3895
-1352793.3895
-1352793.3895
-1352793.3895
-1352793.3895
-1352793.3895
-1352793.3895
-1352793.3895
-1352793.3895
-1352793.3895
-1352793.3895
-1352793.3895
-1352793.3895
-1352793.3895
-1352793.3895
-1352793.3895
-1352793.3895
-1352793.3895
-1352793.3895
-1352793.3895
-1352793.3895
-1352793.3895
-1352793.3895
-1352793.3895
-1352793.3895
-1352793.3895
-1352793.3895
-1352793.3895
-1352793.3895
-1352793.3895
-1352793.3895
-1352793.3895
-1352793.3895
-1352793.3895
-1352793.3895
-1352793.3895
-1352793.3895
-1352793.3895
-1352793.3895
-1352793.3895
-1352793.3895
-1352793.3895
-1352793.3895
-1352793.3895
-1352793.3895
-1352793.3895
-1352793.3895
-1352793.3895
-1352793.3895
-1352793.3895
-1352793.3895
-1352793.3895
-1352793.3895
-1352793.3895
-1352793.3895
-1352793.3895
-1352793.3895
-1352793.3895
-1352793.3895
-1352793.3895
-1352793.3895
-1352793.3895
-1352793.3895
-1352793.3895
-1352793.3895
-1352793.3895
-1352793.3895
-1352793.3895
-1352793.3895
-1352793.3895
-1352793.3895
-1352793.3895
-1352793.3895
-1352793.3895
-1352793.3895
