-1047863.68881
-1257014.3158
-1321409.35189
-1321409.35189
-1321409.35189
-1321409.35189
-1321409.35189
-1321409.35189
-1321409.35189
-1331033.53336
-1331033.53336
-1331033.53336
-1331033.53336
-1331033.53336
-1331033.53336
-1331033.53336
-1331033.53336
-1331033.53336
-1331033.53336
-1331033.53336
-1331033.53336
-1337624.65117
-1337624.65117
-1337624.65117
-1337624.65117
-1337624.65117
-1337624.65117
-1337624.65117
-1337624.65117
-1337624.65117
-1337624.65117
-1337624.65117
-1337624.65117
-1337624.65117
-1337624.65117
-1337624.65117
-1337624.65117
-1337624.65117
-1337624.65117
-1337624.65117
-1337624.65117
-1337624.65117
-1337624.65117
-1337624.65117
-1337624.65117
-1337624.65117
-1337624.65117
-1337624.65117
-1337624.65117
-1337624.65117
-1337624.65117
-1337624.65117
-1337624.65117
-1337624.65117
-1337624.65117
-1337624.65117
-1337624.65117
-1337624.65117
-1337624.65117
-1337624.65117
-1337624.65117
-1337624.65117
-1337624.65117
-1337624.65117
-1337624.65117
-1337624.65117
-1337624.65117
-1337624.65117
-1337624.65117
-1337624.65117
-1337624.65117
-1337624.65117
-1337624.65117
-1337624.65117
-1337624.65117
-1337624.65117
-1337624.65117
-1337624.65117
-1337624.65117
-1337624.65117
-1337624.65117
-1337624.65117
-1337624.65117
-1337624.65117
-1337624.65117
-1337624.65117
-1337624.65117
-1337624.65117
-1337624.65117
-1337624.65117
-1337624.65117
-1337624.65117
-1337624.65117
-1337624.65117
-1337624.65117
-1337624.65117
-1337624.65117
-1337624.65117
-1337624.65117
-1337624.65117
-1337624.65117
-1337624.65117
-1337624.65117
-1337624.65117
-1337624.65117
-1337624.65117
-1337624.65117
-1337624.65117
-1337624.65117
-1337624.65117
-1337624.65117
-1337624.65117
-1337624.65117
-1337624.65117
-1337624.65117
-1337624.65117
-1337624.65117
-1337624.65117
-1337624.65117
-1337624.65117
-1337624.65117
-1337624.65117
-1337624.65117
-1337624.65117
-1337624.65117
-1337624.65117
-1337624.65117
-1337624.65117
-1338544.43654
-1338544.43654
-1338544.43654
-1338544.43654
-1338544.43654
-1338544.43654
-1338544.43654
-1338544.43654
-1338544.43654
-1338544.43654
-1338544.43654
-1338544.43654
-1338544.43654
-1338544.43654
-1347237.46459
-1347237.46459
-1347237.46459
-1347237.46459
-1347237.46459
-1347237.46459
-1347237.46459
-1347237.46459
-1347237.46459
-1347237.46459
-1347237.46459
-1347237.46459
-1347237.46459
-1347237.46459
-1347237.46459
-1347237.46459
-1347237.46459
-1347237.46459
-1347237.46459
-1347237.46459
-1347237.46459
-1347237.46459
-1347237.46459
-1347237.46459
-1347237.46459
-1347237.46459
-1347237.46459
-1347237.46459
-1347237.46459
-1347237.46459
-1347237.46459
-1347237.46459
-1347237.46459
-1347237.46459
-1347237.46459
-1347237.46459
-1347237.46459
-1347237.46459
-1347237.46459
-1347237.46459
-1347237.46459
-1347237.46459
-1347237.46459
-1347237.46459
-1347237.46459
-1347237.46459
-1347237.46459
-1347237.46459
-1347237.46459
-1347237.46459
-1347237.46459
-1347237.46459
-1347237.46459
-1347237.46459
-1347237.46459
-1347237.46459
-1347237.46459
-1347237.46459
-1347237.46459
-1347237.46459
-1347237.46459
-1347237.46459
-1347237.46459
-1347237.46459
-1347237.46459
-1347237.46459
-1347237.46459
-1347237.46459
-1347237.46459
-1347237.46459
-1347237.46459
-1347237.46459
-1347237.46459
-1347237.46459
-1347237.46459
-1347237.46459
-1347237.46459
-1347237.46459
-1347237.46459
-1347237.46459
-1347237.46459
-1347237.46459
-1347237.46459
-1347237.46459
-1347237.46459
-1347237.46459
-1347237.46459
-1347237.46459
-1347237.46459
-1347237.46459
-1347237.46459
-1347237.46459
-1347237.46459
-1347237.46459
-1347237.46459
-1347237.46459
-1347237.46459
-1347237.46459
-1347237.46459
-1347237.46459
-1347237.46459
-1347237.46459
-1347237.46459
-1347237.46459
-1347237.46459
-1347237.46459
-1347237.46459
-1347237.46459
-1347237.46459
-1347237.46459
-1347237.46459
-1347237.46459
-1347237.46459
-1347237.46459
-1347237.46459
-1347237.46459
-1347237.46459
-1347237.46459
-1347237.46459
-1347237.46459
-1347237.46459
-1347237.46459
-1347237.46459
-1347237.46459
-1347237.46459
-1347237.46459
-1347237.46459
-1347237.46459
-1347237.46459
-1347237.46459
-1347237.46459
-1347237.46459
-1347237.46459
-1347237.46459
-1347237.46459
-1347237.46459
-1347237.46459
-1347237.46459
-1347237.46459
-1347237.46459
-1347237.46459
-1347237.46459
-1347237.46459
-1347237.46459
-1347237.46459
-1347237.46459
-1347237.46459
-1347237.46459
-1347237.46459
-1347237.46459
-1347237.46459
-1347237.46459
-1347237.46459
-1347237.46459
-1347237.46459
-1347237.46459
-1347237.46459
-1347237.46459
