-1125032.1543
-1269172.241
-1318339.4597
-1318339.4597
-1318339.4597
-1318339.4597
-1321283.81503
-1321283.81503
-1321283.81503
-1321283.81503
-1329643.09905
-1329643.09905
-1329643.09905
-1329643.09905
-1329643.09905
-1329643.09905
-1329643.09905
-1329643.09905
-1329643.09905
-1329643.09905
-1329643.09905
-1329643.09905
-1332947.32244
-1332947.32244
-1332947.32244
-1332947.32244
-1332947.32244
-1332947.32244
-1332947.32244
-1332947.32244
-1332947.32244
-1332947.32244
-1332947.32244
-1332947.32244
-1332947.32244
-1332947.32244
-1332947.32244
-1334475.57733
-1334475.57733
-1334475.57733
-1335676.5227
-1335676.5227
-1335676.5227
-1335676.5227
-1335676.5227
-1335676.5227
-1335676.5227
-1335676.5227
-1335676.5227
-1335676.5227
-1335676.5227
-1335676.5227
-1335676.5227
-1335676.5227
-1335676.5227
-1335676.5227
-1335676.5227
-1335676.5227
-1335676.5227
-1335676.5227
-1335676.5227
-1335676.5227
-1335676.5227
-1335676.5227
-1335676.5227
-1335676.5227
-1335676.5227
-1335676.5227
-1335676.5227
-1335676.5227
-1335676.5227
-1335676.5227
-1335676.5227
-1335676.5227
-1335676.5227
-1335676.5227
-1335676.5227
-1335676.5227
-1335676.5227
-1335676.5227
-1335676.5227
-1335676.5227
-1335676.5227
-1335676.5227
-1335676.5227
-1335676.5227
-1335676.5227
-1335676.5227
-1335676.5227
-1335676.5227
-1338362.97717
-1338362.97717
-1338362.97717
-1338362.97717
-1338362.97717
-1338362.97717
-1338362.97717
-1338362.97717
-1338362.97717
-1338362.97717
-1338362.97717
-1338362.97717
-1338362.97717
-1338362.97717
-1338362.97717
-1338362.97717
-1338362.97717
-1338362.97717
-1338362.97717
-1338362.97717
-1338362.97717
-1338362.97717
-1338362.97717
-1338362.97717
-1338362.97717
-1338362.97717
-1338362.97717
-1338362.97717
-1338362.97717
-1338362.97717
-1338362.97717
-1338362.97717
-1338362.97717
-1338362.97717
-1338362.97717
-1338362.97717
-1338362.97717
-1338362.97717
-1338362.97717
-1338362.97717
-1338362.97717
-1338362.97717
-1338362.97717
-1338362.97717
-1338362.97717
-1338362.97717
-1338362.97717
-1338362.97717
-1338362.97717
-1338362.97717
-1338362.97717
-1338362.97717
-1338362.97717
-1338362.97717
-1338362.97717
-1338362.97717
-1338362.97717
-1338362.97717
-1338362.97717
-1338362.97717
-1338362.97717
-1338362.97717
-1338362.97717
-1338362.97717
-1338362.97717
-1338362.97717
-1338362.97717
-1338362.97717
-1338362.97717
-1338362.97717
-1338362.97717
-1338362.97717
-1338362.97717
-1338362.97717
-1338362.97717
-1338362.97717
-1338362.97717
-1338362.97717
-1338362.97717
-1338362.97717
-1338362.97717
-1338362.97717
-1338362.97717
-1338362.97717
-1338362.97717
-1338362.97717
-1338362.97717
-1338362.97717
-1338362.97717
-1338362.97717
-1338362.97717
-1338362.97717
-1338362.97717
-1338362.97717
-1338362.97717
-1338362.97717
-1338362.97717
-1338362.97717
-1338362.97717
-1338362.97717
-1338362.97717
-1338362.97717
-1338362.97717
-1338362.97717
-1338362.97717
-1338362.97717
-1338362.97717
-1338362.97717
-1338362.97717
-1338362.97717
-1338362.97717
-1338362.97717
-1338365.58054
-1338365.58054
-1338365.58054
-1338365.58054
-1338365.58054
-1338365.58054
-1343185.71141
-1343185.71141
-1343185.71141
-1343185.71141
-1343185.71141
-1343185.71141
-1343185.71141
-1343185.71141
-1343185.71141
-1343185.71141
-1343185.71141
-1343185.71141
-1343185.71141
-1343185.71141
-1343185.71141
-1343185.71141
-1343185.71141
-1343185.71141
-1343185.71141
-1343185.71141
-1343185.71141
-1343185.71141
-1343185.71141
-1343185.71141
-1343185.71141
-1343185.71141
-1343185.71141
-1343185.71141
-1343185.71141
-1343185.71141
-1343185.71141
-1343185.71141
-1343185.71141
-1343185.71141
-1343185.71141
-1343185.71141
-1343185.71141
-1343185.71141
-1343185.71141
-1343185.71141
-1343185.71141
-1343185.71141
-1343185.71141
-1343185.71141
-1343185.71141
-1343185.71141
-1343185.71141
-1343185.71141
-1343185.71141
-1343185.71141
-1343185.71141
-1343185.71141
-1343185.71141
-1343185.71141
-1343185.71141
-1343185.71141
-1343185.71141
-1343185.71141
-1343185.71141
-1343185.71141
-1343185.71141
-1343185.71141
-1343185.71141
-1343185.71141
-1343185.71141
-1343185.71141
-1343185.71141
-1343185.71141
-1343185.71141
-1343185.71141
-1343185.71141
-1343185.71141
-1343185.71141
-1343185.71141
-1343185.71141
-1343185.71141
-1343185.71141
-1343185.71141
-1343185.71141
-1343185.71141
-1343185.71141
-1343185.71141
-1343185.71141
-1343185.71141
-1343185.71141
-1343185.71141
-1343185.71141
-1343185.71141
-1343185.71141
-1343185.71141
-1343185.71141
-1343185.71141
