-1111761.38417
-1278454.91191
-1293721.95115
-1298707.14711
-1318793.82172
-1320206.23636
-1332471.98426
-1332471.98426
-1332471.98426
-1332471.98426
-1332471.98426
-1332471.98426
-1332471.98426
-1332471.98426
-1332471.98426
-1332471.98426
-1332471.98426
-1332471.98426
-1332471.98426
-1332471.98426
-1332471.98426
-1332471.98426
-1332471.98426
-1332471.98426
-1332471.98426
-1332471.98426
-1332471.98426
-1332471.98426
-1332471.98426
-1332471.98426
-1332471.98426
-1332471.98426
-1332471.98426
-1332471.98426
-1332471.98426
-1332471.98426
-1332471.98426
-1332471.98426
-1332471.98426
-1332471.98426
-1332471.98426
-1332471.98426
-1332471.98426
-1332471.98426
-1332471.98426
-1332471.98426
-1332471.98426
-1332471.98426
-1332471.98426
-1332471.98426
-1332471.98426
-1332471.98426
-1345895.71566
-1345895.71566
-1345895.71566
-1345895.71566
-1345895.71566
-1345895.71566
-1345895.71566
-1345895.71566
-1345895.71566
-1345895.71566
-1345895.71566
-1345895.71566
-1345895.71566
-1345895.71566
-1345895.71566
-1345895.71566
-1345895.71566
-1345895.71566
-1345895.71566
-1345895.71566
-1345895.71566
-1345895.71566
-1345895.71566
-1345895.71566
-1345895.71566
-1345895.71566
-1345895.71566
-1345895.71566
-1345895.71566
-1345895.71566
-1345895.71566
-1345895.71566
-1345895.71566
-1345895.71566
-1345895.71566
-1345895.71566
-1345895.71566
-1345895.71566
-1345895.71566
-1345895.71566
-1345895.71566
-1345895.71566
-1345895.71566
-1345895.71566
-1345895.71566
-1345895.71566
-1345895.71566
-1345895.71566
-1345895.71566
-1345895.71566
-1345895.71566
-1345895.71566
-1345895.71566
-1345895.71566
-1345895.71566
-1345895.71566
-1345895.71566
-1345895.71566
-1345895.71566
-1345895.71566
-1345895.71566
-1345895.71566
-1345895.71566
-1345895.71566
-1345895.71566
-1345895.71566
-1345895.71566
-1345895.71566
-1345895.71566
-1345895.71566
-1345895.71566
-1345895.71566
-1345895.71566
-1345895.71566
-1345895.71566
-1345895.71566
-1345895.71566
-1345895.71566
-1345895.71566
-1345895.71566
-1345895.71566
-1345895.71566
-1345895.71566
-1345895.71566
-1345895.71566
-1345895.71566
-1345895.71566
-1345895.71566
-1345895.71566
-1345895.71566
-1345895.71566
-1345895.71566
-1345895.71566
-1345895.71566
-1345895.71566
-1345895.71566
-1345895.71566
-1345895.71566
-1345895.71566
-1345895.71566
-1345895.71566
-1345895.71566
-1345895.71566
-1345895.71566
-1345895.71566
-1345895.71566
-1345895.71566
-1345895.71566
-1345895.71566
-1345895.71566
-1345895.71566
-1345895.71566
-1345895.71566
-1345895.71566
-1345895.71566
-1345895.71566
-1345895.71566
-1345895.71566
-1345895.71566
-1345895.71566
-1345895.71566
-1345895.71566
-1345895.71566
-1345895.71566
-1345895.71566
-1345895.71566
-1345895.71566
-1345895.71566
-1345895.71566
-1345895.71566
-1345895.71566
-1345895.71566
-1345895.71566
-1345895.71566
-1345895.71566
-1345895.71566
-1345895.71566
-1345895.71566
-1345895.71566
-1345895.71566
-1345895.71566
-1345895.71566
-1345895.71566
-1345895.71566
-1345895.71566
-1345895.71566
-1345895.71566
-1345895.71566
-1345895.71566
-1345895.71566
-1345895.71566
-1345895.71566
-1345895.71566
-1345895.71566
-1345895.71566
-1345895.71566
-1345895.71566
-1345895.71566
-1345895.71566
-1345895.71566
-1345895.71566
-1345895.71566
-1345895.71566
-1345895.71566
-1345895.71566
-1345895.71566
-1345895.71566
-1345895.71566
-1345895.71566
-1345895.71566
-1345895.71566
-1345895.71566
-1345895.71566
-1345895.71566
-1345895.71566
-1345895.71566
-1345895.71566
-1345895.71566
-1345895.71566
-1345895.71566
-1345895.71566
-1345895.71566
-1345895.71566
-1345895.71566
-1345895.71566
-1345895.71566
-1345895.71566
-1345895.71566
-1345895.71566
-1345895.71566
-1345895.71566
-1345895.71566
-1345895.71566
-1345895.71566
-1345895.71566
-1345895.71566
-1345895.71566
-1345895.71566
-1345895.71566
-1345895.71566
-1345895.71566
-1345895.71566
-1345895.71566
-1345895.71566
-1345895.71566
-1345895.71566
-1345895.71566
-1345895.71566
-1345895.71566
-1345895.71566
-1345895.71566
-1345895.71566
-1345895.71566
-1345895.71566
-1345895.71566
-1345895.71566
-1345895.71566
-1345895.71566
-1345895.71566
-1345895.71566
-1345895.71566
-1345895.71566
-1345895.71566
-1345895.71566
-1345895.71566
-1345895.71566
-1345895.71566
-1345895.71566
-1345895.71566
-1345895.71566
-1345895.71566
-1345895.71566
-1345895.71566
-1345895.71566
-1345895.71566
-1345895.71566
-1345895.71566
-1345895.71566
-1345895.71566
-1345895.71566
-1345895.71566
-1345895.71566
-1345895.71566
-1345895.71566
-1345895.71566
-1345895.71566
-1345895.71566
-1345895.71566
