-1078305.78184
-1278446.49606
-1306976.40015
-1315890.18945
-1315890.18945
-1328004.84283
-1328004.84283
-1333248.30476
-1333248.30476
-1333248.30476
-1333248.30476
-1333248.30476
-1333248.30476
-1333248.30476
-1333248.30476
-1333248.30476
-1333248.30476
-1333248.30476
-1333248.30476
-1333248.30476
-1333248.30476
-1333248.30476
-1333248.30476
-1333248.30476
-1333248.30476
-1333248.30476
-1333248.30476
-1333248.30476
-1333248.30476
-1337966.60863
-1337966.60863
-1337966.60863
-1337966.60863
-1337966.60863
-1337966.60863
-1337966.60863
-1337966.60863
-1337966.60863
-1337966.60863
-1337966.60863
-1337966.60863
-1337966.60863
-1337966.60863
-1337966.60863
-1337966.60863
-1338557.30256
-1338557.30256
-1358541.77476
-1358541.77476
-1358541.77476
-1358541.77476
-1358541.77476
-1358541.77476
-1358541.77476
-1358541.77476
-1358541.77476
-1358541.77476
-1358541.77476
-1358541.77476
-1358541.77476
-1358541.77476
-1358541.77476
-1358541.77476
-1358541.77476
-1358541.77476
-1358541.77476
-1358541.77476
-1358541.77476
-1358541.77476
-1358541.77476
-1358541.77476
-1358541.77476
-1358541.77476
-1358541.77476
-1358541.77476
-1358541.77476
-1358541.77476
-1358541.77476
-1358541.77476
-1358541.77476
-1358541.77476
-1358541.77476
-1358541.77476
-1358541.77476
-1358541.77476
-1358541.77476
-1358541.77476
-1358541.77476
-1358541.77476
-1358541.77476
-1358541.77476
-1358541.77476
-1358541.77476
-1358541.77476
-1358541.77476
-1358541.77476
-1358541.77476
-1358541.77476
-1358541.77476
-1358541.77476
-1358541.77476
-1358541.77476
-1358541.77476
-1358541.77476
-1358541.77476
-1358541.77476
-1358541.77476
-1358541.77476
-1358541.77476
-1358541.77476
-1358541.77476
-1358541.77476
-1358541.77476
-1358541.77476
-1358541.77476
-1358541.77476
-1358541.77476
-1358541.77476
-1358541.77476
-1358541.77476
-1358541.77476
-1358541.77476
-1358541.77476
-1358541.77476
-1358541.77476
-1358541.77476
-1358541.77476
-1358541.77476
-1358541.77476
-1358541.77476
-1358541.77476
-1358541.77476
-1358541.77476
-1358541.77476
-1358541.77476
-1358541.77476
-1358541.77476
-1358541.77476
-1358541.77476
-1358541.77476
-1358541.77476
-1358541.77476
-1358541.77476
-1358541.77476
-1358541.77476
-1358541.77476
-1358541.77476
-1358541.77476
-1358541.77476
-1358541.77476
-1358541.77476
-1358541.77476
-1358541.77476
-1358541.77476
-1358541.77476
-1358541.77476
-1358541.77476
-1358541.77476
-1358541.77476
-1358541.77476
-1358541.77476
-1358541.77476
-1358541.77476
-1358541.77476
-1358541.77476
-1358541.77476
-1358541.77476
-1358541.77476
-1358541.77476
-1358541.77476
-1358541.77476
-1358541.77476
-1358541.77476
-1358541.77476
-1358541.77476
-1358541.77476
-1358541.77476
-1358541.77476
-1358541.77476
-1358541.77476
-1358541.77476
-1358541.77476
-1358541.77476
-1358541.77476
-1358541.77476
-1358541.77476
-1358541.77476
-1358541.77476
-1358541.77476
-1358541.77476
-1358541.77476
-1358541.77476
-1358541.77476
-1358541.77476
-1358541.77476
-1358541.77476
-1358541.77476
-1358541.77476
-1358541.77476
-1358541.77476
-1358541.77476
-1358541.77476
-1358541.77476
-1358541.77476
-1358541.77476
-1358541.77476
-1358541.77476
-1358541.77476
-1358541.77476
-1358541.77476
-1358541.77476
-1358541.77476
-1358541.77476
-1358541.77476
-1358541.77476
-1358541.77476
-1358541.77476
-1358541.77476
-1358541.77476
-1358541.77476
-1358541.77476
-1358541.77476
-1358541.77476
-1358541.77476
-1358541.77476
-1358541.77476
-1358541.77476
-1358541.77476
-1358541.77476
-1358541.77476
-1358541.77476
-1358541.77476
-1358541.77476
-1358541.77476
-1358541.77476
-1358541.77476
-1358541.77476
-1358541.77476
-1358541.77476
-1358541.77476
-1358541.77476
-1358541.77476
-1358541.77476
-1358541.77476
-1358541.77476
-1358541.77476
-1358541.77476
-1358541.77476
-1358541.77476
-1358541.77476
-1358541.77476
-1358541.77476
-1358541.77476
-1358541.77476
-1358541.77476
-1358541.77476
-1358541.77476
-1358541.77476
-1358541.77476
-1358541.77476
-1358541.77476
-1358541.77476
-1358541.77476
-1358541.77476
-1358541.77476
-1358541.77476
-1358541.77476
-1358541.77476
-1358541.77476
-1358541.77476
-1358541.77476
-1358541.77476
-1358541.77476
-1358541.77476
-1358541.77476
-1358541.77476
-1358541.77476
-1358541.77476
-1358541.77476
-1358541.77476
-1358541.77476
-1358541.77476
-1358541.77476
-1358541.77476
-1358541.77476
-1358541.77476
-1358541.77476
-1358541.77476
-1358541.77476
-1358541.77476
-1358541.77476
-1358541.77476
-1358541.77476
-1358541.77476
-1358541.77476
-1358541.77476
-1358541.77476
-1358541.77476
-1358541.77476
-1358541.77476
