-1110640.90152
-1266966.277
-1307560.12337
-1308010.57925
-1326646.18945
-1326646.18945
-1326646.18945
-1326646.18945
-1326646.18945
-1326646.18945
-1326646.18945
-1326646.18945
-1326646.18945
-1326646.18945
-1327203.94878
-1327203.94878
-1327203.94878
-1327203.94878
-1327203.94878
-1327289.29973
-1327289.29973
-1327289.29973
-1327289.29973
-1327289.29973
-1327289.29973
-1327289.29973
-1327289.29973
-1327289.29973
-1327289.29973
-1327289.29973
-1327289.29973
-1327289.29973
-1327289.29973
-1327289.29973
-1327289.29973
-1327419.44134
-1327419.44134
-1327419.44134
-1327419.44134
-1327419.44134
-1327419.44134
-1327419.44134
-1327419.44134
-1335656.14118
-1335656.14118
-1335656.14118
-1335656.14118
-1335656.14118
-1335656.14118
-1335656.14118
-1335656.14118
-1335656.14118
-1335656.14118
-1335656.14118
-1335656.14118
-1335656.14118
-1335656.14118
-1335656.14118
-1335656.14118
-1343896.69983
-1343896.69983
-1343896.69983
-1343896.69983
-1343896.69983
-1343896.69983
-1343896.69983
-1343896.69983
-1343896.69983
-1343896.69983
-1343896.69983
-1343896.69983
-1343896.69983
-1343896.69983
-1343896.69983
-1343896.69983
-1343896.69983
-1343896.69983
-1343896.69983
-1343896.69983
-1343896.69983
-1343896.69983
-1343896.69983
-1343896.69983
-1343896.69983
-1343896.69983
-1343896.69983
-1343896.69983
-1343896.69983
-1343896.69983
-1343896.69983
-1343896.69983
-1343896.69983
-1343896.69983
-1343896.69983
-1343896.69983
-1343896.69983
-1343896.69983
-1343896.69983
-1343896.69983
-1343896.69983
-1343896.69983
-1343896.69983
-1343896.69983
-1343896.69983
-1343896.69983
-1343896.69983
-1343896.69983
-1343896.69983
-1347841.50563
-1347841.50563
-1347841.50563
-1347841.50563
-1347841.50563
-1347841.50563
-1347841.50563
-1347841.50563
-1347841.50563
-1347841.50563
-1347841.50563
-1347841.50563
-1347841.50563
-1347841.50563
-1347841.50563
-1347841.50563
-1347841.50563
-1347841.50563
-1347841.50563
-1347841.50563
-1347841.50563
-1347841.50563
-1347841.50563
-1347841.50563
-1347841.50563
-1347841.50563
-1347841.50563
-1347841.50563
-1347841.50563
-1347841.50563
-1347841.50563
-1347841.50563
-1347841.50563
-1347841.50563
-1347841.50563
-1347841.50563
-1347841.50563
-1347841.50563
-1347841.50563
-1347841.50563
-1347841.50563
-1347841.50563
-1347841.50563
-1347841.50563
-1347841.50563
-1347841.50563
-1347841.50563
-1347841.50563
-1347841.50563
-1347841.50563
-1347841.50563
-1347841.50563
-1347841.50563
-1347841.50563
-1347841.50563
-1347841.50563
-1347841.50563
-1347841.50563
-1347841.50563
-1347841.50563
-1347841.50563
-1347841.50563
-1347841.50563
-1347841.50563
-1347841.50563
-1347841.50563
-1347841.50563
-1347841.50563
-1347841.50563
-1347841.50563
-1347841.50563
-1347841.50563
-1347841.50563
-1347841.50563
-1347841.50563
-1347841.50563
-1347841.50563
-1347841.50563
-1347841.50563
-1347841.50563
-1347841.50563
-1347841.50563
-1347841.50563
-1347841.50563
-1347841.50563
-1347841.50563
-1347841.50563
-1347841.50563
-1347841.50563
-1347841.50563
-1347841.50563
-1347841.50563
-1347841.50563
-1347841.50563
-1347841.50563
-1347841.50563
-1347841.50563
-1347841.50563
-1347841.50563
-1347841.50563
-1347841.50563
-1347841.50563
-1347841.50563
-1347841.50563
-1347841.50563
-1347841.50563
-1347841.50563
-1347841.50563
-1347841.50563
-1347841.50563
-1347841.50563
-1347841.50563
-1347841.50563
-1347841.50563
-1347841.50563
-1347841.50563
-1347841.50563
-1347841.50563
-1347841.50563
-1347841.50563
-1347841.50563
-1347841.50563
-1347841.50563
-1347841.50563
-1347841.50563
-1347841.50563
-1347841.50563
-1347841.50563
-1347841.50563
-1347841.50563
-1347841.50563
-1347841.50563
-1347841.50563
-1347841.50563
-1347841.50563
-1347841.50563
-1347841.50563
-1347841.50563
-1347841.50563
-1347841.50563
-1347841.50563
-1347841.50563
-1347841.50563
-1347841.50563
-1347841.50563
-1347841.50563
-1347841.50563
-1347841.50563
-1347841.50563
-1347841.50563
-1347841.50563
-1347841.50563
-1347841.50563
-1347841.50563
-1347841.50563
-1347841.50563
-1347841.50563
-1347841.50563
-1347841.50563
-1347841.50563
-1347841.50563
-1347841.50563
-1347841.50563
-1347841.50563
-1347841.50563
-1347841.50563
-1347841.50563
-1347841.50563
-1347841.50563
-1347841.50563
-1347841.50563
-1347841.50563
-1347841.50563
-1347841.50563
-1347841.50563
-1347841.50563
-1347841.50563
-1347841.50563
-1347841.50563
-1347841.50563
-1347841.50563
-1347841.50563
-1347841.50563
-1347841.50563
-1347841.50563
-1347841.50563
-1347841.50563
-1347841.50563
-1347841.50563
-1347841.50563
-1347841.50563
-1347841.50563
