-1074943.3681
-1271545.56364
-1315778.10373
-1315778.10373
-1326394.40369
-1326394.40369
-1326394.40369
-1326394.40369
-1327300.86308
-1327300.86308
-1327300.86308
-1327300.86308
-1327300.86308
-1327300.86308
-1327300.86308
-1327300.86308
-1327575.73449
-1327575.73449
-1327575.73449
-1327575.73449
-1327575.73449
-1327575.73449
-1327575.73449
-1327575.73449
-1327575.73449
-1332292.61996
-1332292.61996
-1332292.61996
-1344412.96598
-1344412.96598
-1344412.96598
-1344412.96598
-1344412.96598
-1344412.96598
-1344412.96598
-1344412.96598
-1344412.96598
-1344412.96598
-1344412.96598
-1344412.96598
-1344412.96598
-1344412.96598
-1344412.96598
-1344412.96598
-1344412.96598
-1344412.96598
-1344412.96598
-1344412.96598
-1344412.96598
-1344412.96598
-1344412.96598
-1344412.96598
-1344412.96598
-1344412.96598
-1344412.96598
-1344412.96598
-1344412.96598
-1344412.96598
-1344412.96598
-1344412.96598
-1344412.96598
-1344412.96598
-1344412.96598
-1344412.96598
-1344412.96598
-1344412.96598
-1344412.96598
-1344412.96598
-1344412.96598
-1344412.96598
-1344412.96598
-1344412.96598
-1344412.96598
-1344412.96598
-1344412.96598
-1344412.96598
-1344412.96598
-1344412.96598
-1344412.96598
-1344412.96598
-1344412.96598
-1344412.96598
-1344412.96598
-1344412.96598
-1344412.96598
-1344412.96598
-1344412.96598
-1344412.96598
-1344412.96598
-1344412.96598
-1344412.96598
-1344412.96598
-1344412.96598
-1344412.96598
-1344412.96598
-1344412.96598
-1344412.96598
-1344412.96598
-1344412.96598
-1344412.96598
-1344412.96598
-1344412.96598
-1344412.96598
-1344412.96598
-1344412.96598
-1344412.96598
-1344412.96598
-1344412.96598
-1344412.96598
-1344412.96598
-1344412.96598
-1344412.96598
-1344412.96598
-1344412.96598
-1344412.96598
-1344412.96598
-1344412.96598
-1344412.96598
-1344412.96598
-1344412.96598
-1344412.96598
-1344412.96598
-1344412.96598
-1344412.96598
-1344412.96598
-1344412.96598
-1344412.96598
-1344412.96598
-1344412.96598
-1344412.96598
-1344412.96598
-1344412.96598
-1344412.96598
-1344412.96598
-1344412.96598
-1344412.96598
-1344412.96598
-1344412.96598
-1344412.96598
-1344412.96598
-1344412.96598
-1344412.96598
-1344412.96598
-1344412.96598
-1344412.96598
-1344412.96598
-1344412.96598
-1344412.96598
-1344412.96598
-1344412.96598
-1344412.96598
-1344412.96598
-1344412.96598
-1344412.96598
-1344412.96598
-1344412.96598
-1344412.96598
-1344412.96598
-1344412.96598
-1344412.96598
-1344412.96598
-1344412.96598
-1344412.96598
-1344412.96598
-1344412.96598
-1344412.96598
-1344412.96598
-1344412.96598
-1344412.96598
-1344412.96598
-1344412.96598
-1344412.96598
-1344412.96598
-1344412.96598
-1344412.96598
-1344412.96598
-1344412.96598
-1344412.96598
-1344412.96598
-1344412.96598
-1344412.96598
-1344412.96598
-1344412.96598
-1344412.96598
-1344412.96598
-1344412.96598
-1344412.96598
-1344412.96598
-1344412.96598
-1344412.96598
-1344412.96598
-1344412.96598
-1344412.96598
-1344412.96598
-1344412.96598
-1344412.96598
-1344412.96598
-1344412.96598
-1344412.96598
-1344412.96598
-1344412.96598
-1344412.96598
-1344412.96598
-1344412.96598
-1344412.96598
-1344412.96598
-1344412.96598
-1344412.96598
-1344412.96598
-1344412.96598
-1344412.96598
-1344412.96598
-1344412.96598
-1344412.96598
-1344412.96598
-1344412.96598
-1344412.96598
-1344412.96598
-1344412.96598
-1344412.96598
-1344412.96598
-1344412.96598
-1344412.96598
-1344412.96598
-1344412.96598
-1344412.96598
-1344412.96598
-1344412.96598
-1344412.96598
-1344412.96598
-1344412.96598
-1344412.96598
-1344412.96598
-1344412.96598
-1344412.96598
-1344412.96598
-1344412.96598
-1344412.96598
-1344412.96598
-1344412.96598
-1344412.96598
-1344412.96598
-1344412.96598
-1344412.96598
-1344412.96598
-1344412.96598
-1344412.96598
-1344412.96598
-1344412.96598
-1344412.96598
-1344412.96598
-1344412.96598
-1344412.96598
-1344412.96598
-1344412.96598
-1344412.96598
-1344412.96598
-1344412.96598
-1344412.96598
-1344412.96598
-1344412.96598
-1344412.96598
-1344412.96598
-1344412.96598
-1344412.96598
-1344412.96598
-1344412.96598
-1344412.96598
-1344412.96598
-1344412.96598
-1344412.96598
-1344412.96598
-1344412.96598
-1344412.96598
-1344412.96598
-1344412.96598
-1344412.96598
-1344412.96598
-1344412.96598
-1344412.96598
-1344412.96598
-1344412.96598
-1344412.96598
-1344412.96598
-1344412.96598
-1344412.96598
-1344412.96598
-1344412.96598
-1344412.96598
-1344412.96598
-1344412.96598
-1344412.96598
-1344412.96598
-1344412.96598
-1344412.96598
-1344412.96598
-1344412.96598
-1344412.96598
-1344412.96598
-1344412.96598
