-1092770.04586
-1283129.00558
-1327656.10543
-1327656.10543
-1327656.10543
-1327656.10543
-1336054.17337
-1336054.17337
-1336054.17337
-1336054.17337
-1336054.17337
-1336054.17337
-1336054.17337
-1336054.17337
-1339784.04674
-1339784.04674
-1339784.04674
-1339784.04674
-1339784.04674
-1339784.04674
-1339784.04674
-1339784.04674
-1339784.04674
-1339784.04674
-1339784.04674
-1339784.04674
-1339784.04674
-1339784.04674
-1339784.04674
-1339784.04674
-1339784.04674
-1339784.04674
-1339784.04674
-1339784.04674
-1339784.04674
-1339784.04674
-1339784.04674
-1339784.04674
-1339784.04674
-1339784.04674
-1339784.04674
-1339784.04674
-1339784.04674
-1339784.04674
-1339784.04674
-1339784.04674
-1339784.04674
-1339784.04674
-1339784.04674
-1339784.04674
-1339784.04674
-1339784.04674
-1339784.04674
-1339784.04674
-1339784.04674
-1339784.04674
-1339784.04674
-1339784.04674
-1339784.04674
-1339784.04674
-1339784.04674
-1339784.04674
-1339784.04674
-1347748.78878
-1347748.78878
-1347748.78878
-1347748.78878
-1347748.78878
-1347748.78878
-1347748.78878
-1347748.78878
-1347748.78878
-1347748.78878
-1347748.78878
-1347748.78878
-1347748.78878
-1347748.78878
-1347748.78878
-1347748.78878
-1347748.78878
-1347748.78878
-1347748.78878
-1347748.78878
-1347748.78878
-1347748.78878
-1347748.78878
-1347748.78878
-1347748.78878
-1347748.78878
-1347748.78878
-1347748.78878
-1347748.78878
-1347748.78878
-1347748.78878
-1347748.78878
-1347748.78878
-1348150.73797
-1348150.73797
-1348150.73797
-1348150.73797
-1348150.73797
-1348150.73797
-1348150.73797
-1348150.73797
-1348150.73797
-1348150.73797
-1348150.73797
-1348150.73797
-1348150.73797
-1348150.73797
-1348150.73797
-1348150.73797
-1348150.73797
-1348150.73797
-1348150.73797
-1348150.73797
-1348150.73797
-1348150.73797
-1348150.73797
-1348150.73797
-1348150.73797
-1348150.73797
-1348150.73797
-1348150.73797
-1348150.73797
-1348150.73797
-1348150.73797
-1348150.73797
-1348150.73797
-1348150.73797
-1348150.73797
-1348150.73797
-1348150.73797
-1348150.73797
-1348150.73797
-1348150.73797
-1348150.73797
-1348150.73797
-1348150.73797
-1348150.73797
-1348150.73797
-1348150.73797
-1348150.73797
-1348150.73797
-1348150.73797
-1348150.73797
-1348150.73797
-1348150.73797
-1348150.73797
-1348150.73797
-1348150.73797
-1348150.73797
-1348150.73797
-1348150.73797
-1348150.73797
-1348150.73797
-1348150.73797
-1348150.73797
-1348150.73797
-1348150.73797
-1348150.73797
-1348150.73797
-1348150.73797
-1348150.73797
-1348150.73797
-1348150.73797
-1348150.73797
-1348150.73797
-1348150.73797
-1348150.73797
-1348150.73797
-1348150.73797
-1348150.73797
-1348150.73797
-1348150.73797
-1348150.73797
-1348150.73797
-1348150.73797
-1348150.73797
-1348150.73797
-1348150.73797
-1348150.73797
-1348150.73797
-1348150.73797
-1348150.73797
-1348150.73797
-1348150.73797
-1348150.73797
-1348150.73797
-1348150.73797
-1348150.73797
-1348150.73797
-1348150.73797
-1348150.73797
-1348150.73797
-1348150.73797
-1348150.73797
-1348150.73797
-1348150.73797
-1348150.73797
-1348150.73797
-1348150.73797
-1348150.73797
-1348150.73797
-1348150.73797
-1348150.73797
-1348150.73797
-1348150.73797
-1348150.73797
-1348150.73797
-1348150.73797
-1348150.73797
-1348150.73797
-1348150.73797
-1348150.73797
-1348150.73797
-1348150.73797
-1348150.73797
-1348150.73797
-1348150.73797
-1348150.73797
-1348150.73797
-1348150.73797
-1348150.73797
-1348150.73797
-1348150.73797
-1348150.73797
-1348150.73797
-1348150.73797
-1348150.73797
-1348150.73797
-1348150.73797
-1348150.73797
-1348150.73797
-1348150.73797
-1348150.73797
-1348150.73797
-1348150.73797
-1348150.73797
-1348150.73797
-1348150.73797
-1348150.73797
-1348150.73797
-1348150.73797
-1348150.73797
-1348150.73797
-1348150.73797
-1348150.73797
-1348150.73797
-1348150.73797
-1348150.73797
-1348150.73797
-1348150.73797
-1348150.73797
-1348150.73797
-1348150.73797
-1348150.73797
-1348150.73797
-1348150.73797
-1348150.73797
-1348150.73797
-1348150.73797
-1348150.73797
-1348150.73797
-1348150.73797
-1348150.73797
-1348150.73797
-1348150.73797
-1348150.73797
-1348150.73797
-1348150.73797
-1348150.73797
-1348150.73797
-1348150.73797
-1348150.73797
-1348150.73797
-1348150.73797
-1348150.73797
-1348150.73797
-1348150.73797
-1348150.73797
-1348150.73797
-1348150.73797
-1348150.73797
-1348150.73797
-1348150.73797
-1348150.73797
-1348150.73797
-1348150.73797
-1348150.73797
-1348150.73797
-1348150.73797
-1348150.73797
-1348150.73797
-1348150.73797
-1348150.73797
-1348150.73797
-1348150.73797
-1348150.73797
-1348150.73797
