-1086335.47015
-1257248.5377
-1315595.28882
-1315595.28882
-1315595.28882
-1315595.28882
-1330437.78573
-1330437.78573
-1330437.78573
-1330437.78573
-1330437.78573
-1330437.78573
-1330437.78573
-1330437.78573
-1330437.78573
-1330437.78573
-1330437.78573
-1330437.78573
-1330437.78573
-1330437.78573
-1330437.78573
-1330437.78573
-1330437.78573
-1330437.78573
-1334621.57127
-1334621.57127
-1334621.57127
-1334621.57127
-1339391.95391
-1339391.95391
-1339391.95391
-1339391.95391
-1339391.95391
-1339391.95391
-1339391.95391
-1339391.95391
-1339391.95391
-1339391.95391
-1339391.95391
-1339391.95391
-1339391.95391
-1339391.95391
-1339391.95391
-1339391.95391
-1339391.95391
-1339391.95391
-1339391.95391
-1339391.95391
-1339391.95391
-1339391.95391
-1339391.95391
-1339391.95391
-1339391.95391
-1339391.95391
-1339391.95391
-1339391.95391
-1339391.95391
-1339391.95391
-1339391.95391
-1339391.95391
-1339391.95391
-1339391.95391
-1339391.95391
-1339391.95391
-1339391.95391
-1339391.95391
-1339391.95391
-1339391.95391
-1339391.95391
-1339391.95391
-1339391.95391
-1339391.95391
-1339391.95391
-1339391.95391
-1339391.95391
-1339391.95391
-1339391.95391
-1339391.95391
-1339391.95391
-1339391.95391
-1339391.95391
-1339391.95391
-1339391.95391
-1339391.95391
-1339391.95391
-1339391.95391
-1339391.95391
-1339391.95391
-1339391.95391
-1339391.95391
-1339391.95391
-1339391.95391
-1339391.95391
-1339391.95391
-1340885.53939
-1340885.53939
-1340885.53939
-1340885.53939
-1340885.53939
-1340885.53939
-1340885.53939
-1340885.53939
-1340885.53939
-1340885.53939
-1340885.53939
-1340885.53939
-1340885.53939
-1340885.53939
-1340885.53939
-1340885.53939
-1340885.53939
-1340885.53939
-1340885.53939
-1340885.53939
-1346385.06019
-1346385.06019
-1346385.06019
-1346385.06019
-1346385.06019
-1346385.06019
-1346385.06019
-1346385.06019
-1346385.06019
-1346385.06019
-1346385.06019
-1346385.06019
-1346385.06019
-1351600.99049
-1351600.99049
-1351600.99049
-1351600.99049
-1351600.99049
-1351600.99049
-1351600.99049
-1351600.99049
-1351600.99049
-1351600.99049
-1351600.99049
-1351600.99049
-1351600.99049
-1351600.99049
-1351600.99049
-1351600.99049
-1351600.99049
-1351600.99049
-1351600.99049
-1351600.99049
-1351600.99049
-1351600.99049
-1351600.99049
-1351600.99049
-1351600.99049
-1351600.99049
-1351600.99049
-1351600.99049
-1351600.99049
-1351600.99049
-1351600.99049
-1351600.99049
-1351600.99049
-1351600.99049
-1351600.99049
-1351600.99049
-1351600.99049
-1351600.99049
-1351600.99049
-1351600.99049
-1351600.99049
-1351600.99049
-1351600.99049
-1351600.99049
-1351600.99049
-1351600.99049
-1351600.99049
-1351600.99049
-1351600.99049
-1351600.99049
-1351600.99049
-1351600.99049
-1351600.99049
-1351600.99049
-1351600.99049
-1351600.99049
-1351600.99049
-1351600.99049
-1351600.99049
-1351600.99049
-1351600.99049
-1351600.99049
-1351600.99049
-1351600.99049
-1351600.99049
-1351600.99049
-1351600.99049
-1351600.99049
-1351600.99049
-1351600.99049
-1351600.99049
-1351600.99049
-1351600.99049
-1351600.99049
-1351600.99049
-1351600.99049
-1351600.99049
-1351600.99049
-1351600.99049
-1351600.99049
-1351600.99049
-1351600.99049
-1351600.99049
-1351600.99049
-1351600.99049
-1351600.99049
-1351600.99049
-1351600.99049
-1351600.99049
-1351600.99049
-1351600.99049
-1351600.99049
-1351600.99049
-1351600.99049
-1351600.99049
-1351600.99049
-1351600.99049
-1351600.99049
-1351600.99049
-1351600.99049
-1351600.99049
-1351600.99049
-1351600.99049
-1351600.99049
-1351600.99049
-1351600.99049
-1351600.99049
-1351600.99049
-1351600.99049
-1351600.99049
-1351600.99049
-1351600.99049
-1351600.99049
-1351600.99049
-1351600.99049
-1351600.99049
-1351600.99049
-1351600.99049
-1351600.99049
-1351600.99049
-1351600.99049
-1351600.99049
-1351600.99049
-1351600.99049
-1351600.99049
-1351600.99049
-1351600.99049
-1351600.99049
-1351600.99049
-1351600.99049
-1351600.99049
-1351600.99049
-1351600.99049
-1351600.99049
-1351600.99049
-1351600.99049
-1351600.99049
-1351600.99049
-1351600.99049
-1351600.99049
-1351600.99049
-1351600.99049
-1351600.99049
-1351600.99049
-1351600.99049
-1351600.99049
-1351600.99049
-1351600.99049
-1351600.99049
-1351600.99049
-1351600.99049
-1351600.99049
-1351600.99049
-1351600.99049
-1351600.99049
-1351600.99049
-1351600.99049
-1351600.99049
-1351600.99049
-1351600.99049
-1351600.99049
-1351600.99049
-1351600.99049
-1351600.99049
-1351600.99049
-1351600.99049
-1351600.99049
-1351600.99049
-1351600.99049
-1351600.99049
-1351600.99049
-1351600.99049
-1351600.99049
