-1085366.93013
-1310950.75092
-1315082.64183
-1320882.02889
-1321406.07693
-1321406.07693
-1321406.07693
-1325732.96829
-1325732.96829
-1325732.96829
-1325732.96829
-1325732.96829
-1325732.96829
-1325732.96829
-1325732.96829
-1325732.96829
-1325732.96829
-1325732.96829
-1325732.96829
-1325732.96829
-1325732.96829
-1325732.96829
-1333562.75614
-1333562.75614
-1333562.75614
-1333562.75614
-1333562.75614
-1333562.75614
-1333562.75614
-1333562.75614
-1333562.75614
-1333562.75614
-1333562.75614
-1333562.75614
-1333562.75614
-1333562.75614
-1333562.75614
-1333562.75614
-1333562.75614
-1333562.75614
-1333562.75614
-1333562.75614
-1333562.75614
-1333562.75614
-1333562.75614
-1333562.75614
-1333562.75614
-1333562.75614
-1333782.69905
-1333782.69905
-1333782.69905
-1333782.69905
-1333782.69905
-1333782.69905
-1333782.69905
-1333782.69905
-1333782.69905
-1333782.69905
-1333782.69905
-1333782.69905
-1333782.69905
-1333782.69905
-1333782.69905
-1333782.69905
-1333782.69905
-1333782.69905
-1333782.69905
-1333782.69905
-1333782.69905
-1333782.69905
-1333782.69905
-1333782.69905
-1333782.69905
-1333782.69905
-1333782.69905
-1333782.69905
-1333782.69905
-1333782.69905
-1333782.69905
-1333782.69905
-1333782.69905
-1333782.69905
-1333782.69905
-1333782.69905
-1333782.69905
-1333782.69905
-1333782.69905
-1333782.69905
-1333782.69905
-1333782.69905
-1333782.69905
-1333782.69905
-1333782.69905
-1333782.69905
-1333782.69905
-1333782.69905
-1333782.69905
-1333782.69905
-1333782.69905
-1333782.69905
-1333782.69905
-1333782.69905
-1333782.69905
-1333782.69905
-1334943.79992
-1334943.79992
-1334943.79992
-1334943.79992
-1334943.79992
-1334943.79992
-1334943.79992
-1334943.79992
-1334943.79992
-1334943.79992
-1334943.79992
-1334943.79992
-1334943.79992
-1334943.79992
-1334943.79992
-1334943.79992
-1334943.79992
-1334943.79992
-1334943.79992
-1334943.79992
-1334943.79992
-1334943.79992
-1334943.79992
-1334943.79992
-1334943.79992
-1334943.79992
-1334943.79992
-1334943.79992
-1334943.79992
-1334943.79992
-1334943.79992
-1334943.79992
-1334943.79992
-1334943.79992
-1334943.79992
-1334943.79992
-1334943.79992
-1334943.79992
-1334943.79992
-1334943.79992
-1334943.79992
-1334943.79992
-1334943.79992
-1334943.79992
-1334943.79992
-1334943.79992
-1334943.79992
-1334943.79992
-1334943.79992
-1334943.79992
-1334943.79992
-1334943.79992
-1334943.79992
-1334943.79992
-1334943.79992
-1334943.79992
-1334943.79992
-1334943.79992
-1334943.79992
-1334943.79992
-1334943.79992
-1334943.79992
-1334943.79992
-1334943.79992
-1334943.79992
-1334943.79992
-1334943.79992
-1334943.79992
-1334943.79992
-1334943.79992
-1334943.79992
-1334943.79992
-1334943.79992
-1334943.79992
-1334943.79992
-1334943.79992
-1334943.79992
-1334943.79992
-1334943.79992
-1334943.79992
-1334943.79992
-1334943.79992
-1334943.79992
-1334943.79992
-1334943.79992
-1334943.79992
-1334943.79992
-1334943.79992
-1334943.79992
-1334943.79992
-1334943.79992
-1334943.79992
-1334943.79992
-1334943.79992
-1334943.79992
-1334943.79992
-1334943.79992
-1334943.79992
-1334943.79992
-1334943.79992
-1334943.79992
-1334943.79992
-1334943.79992
-1334943.79992
-1336038.29305
-1336038.29305
-1336038.29305
-1336038.29305
-1336038.29305
-1336038.29305
-1336038.29305
-1336038.29305
-1340370.37367
-1340370.37367
-1340370.37367
-1340370.37367
-1340370.37367
-1340370.37367
-1340370.37367
-1340370.37367
-1340370.37367
-1340370.37367
-1340370.37367
-1340370.37367
-1340370.37367
-1340370.37367
-1340370.37367
-1340370.37367
-1340370.37367
-1340370.37367
-1340370.37367
-1340370.37367
-1340370.37367
-1340370.37367
-1340370.37367
-1340370.37367
-1340370.37367
-1340370.37367
-1340370.37367
-1340370.37367
-1340370.37367
-1340370.37367
-1340370.37367
-1340370.37367
-1340370.37367
-1340370.37367
-1340370.37367
-1340370.37367
-1340370.37367
-1340370.37367
-1340370.37367
-1340370.37367
-1340370.37367
-1340370.37367
-1340370.37367
-1340370.37367
-1340370.37367
-1340370.37367
-1340370.37367
-1340370.37367
-1340370.37367
-1340370.37367
-1340370.37367
-1340370.37367
-1340370.37367
-1340370.37367
-1340370.37367
-1340370.37367
-1340370.37367
-1340370.37367
-1340370.37367
-1340370.37367
-1340370.37367
-1340370.37367
-1340370.37367
-1340370.37367
-1340370.37367
-1340370.37367
-1340370.37367
-1340370.37367
-1340370.37367
-1340370.37367
-1340370.37367
-1340370.37367
-1340370.37367
-1340370.37367
-1340370.37367
-1340370.37367
-1342092.02131
-1342092.02131
-1342092.02131
-1342092.02131
-1342092.02131
-1342092.02131
-1342092.02131
-1342092.02131
