-330589.066368
-360051.904664
-360650.058825
-368808.685214
-374955.987909
-374955.987909
-374955.987909
-374955.987909
-374955.987909
-375585.245943
-375585.245943
-375585.245943
-375585.245943
-375585.245943
-375585.245943
-375585.245943
-375585.245943
-375585.245943
-375585.245943
-375585.245943
-375585.245943
-375585.245943
-375585.245943
-375585.245943
-375585.245943
-375585.245943
-375585.245943
-375585.245943
-375585.245943
-375585.245943
-375585.245943
-375585.245943
-375585.245943
-375585.245943
-375585.245943
-375585.245943
-375585.245943
-375585.245943
-375585.245943
-375585.245943
-375585.245943
-375585.245943
-375585.245943
-375585.245943
-375585.245943
-375585.245943
-375585.245943
-375585.245943
-375585.245943
-382916.734711
-382916.734711
-382916.734711
-382916.734711
-382916.734711
-382916.734711
-382916.734711
-382916.734711
-382916.734711
-382916.734711
-382916.734711
-382916.734711
-382916.734711
-382916.734711
-382916.734711
-382916.734711
-382916.734711
-382916.734711
-382916.734711
-382916.734711
-382916.734711
-382916.734711
-382916.734711
-382916.734711
-382916.734711
-382916.734711
-382916.734711
-382916.734711
-382916.734711
-382916.734711
-382916.734711
-382916.734711
-382916.734711
-382916.734711
-382916.734711
-382916.734711
-382916.734711
-382916.734711
-382916.734711
-382916.734711
-382916.734711
-382916.734711
-382916.734711
-382916.734711
-382916.734711
-382916.734711
-382916.734711
-382916.734711
-382916.734711
-382916.734711
-382916.734711
-382916.734711
-382916.734711
-382916.734711
-382916.734711
-382916.734711
-382916.734711
-382916.734711
-382916.734711
-382916.734711
-382916.734711
-382916.734711
-382916.734711
-382916.734711
-382916.734711
-386510.492178
-386510.492178
-386510.492178
-386510.492178
-386510.492178
-386510.492178
-386510.492178
-386510.492178
-386510.492178
-386510.492178
-386510.492178
-386510.492178
-386510.492178
-386510.492178
-386510.492178
-386510.492178
-386510.492178
-386510.492178
-386510.492178
-386510.492178
-386510.492178
-386510.492178
-386510.492178
-386510.492178
-386510.492178
-386510.492178
-386510.492178
-386510.492178
-386510.492178
-386510.492178
-386510.492178
-386510.492178
-386510.492178
-386510.492178
-386510.492178
-386510.492178
-386510.492178
-386510.492178
-386510.492178
-386510.492178
-386510.492178
-386510.492178
-386510.492178
-386510.492178
-386510.492178
-386510.492178
-386510.492178
-386510.492178
-386510.492178
-386510.492178
-386510.492178
-386510.492178
-386510.492178
-386510.492178
-386510.492178
-386510.492178
-386510.492178
-386510.492178
-386510.492178
-386510.492178
-386510.492178
-386510.492178
-386510.492178
-386510.492178
-386510.492178
-386510.492178
-386510.492178
-386510.492178
-386510.492178
-386510.492178
-386510.492178
-386510.492178
-386510.492178
-386510.492178
-386510.492178
-386510.492178
-386510.492178
-386510.492178
-386510.492178
-386510.492178
-386510.492178
-386510.492178
-386510.492178
-386510.492178
-386510.492178
-386510.492178
