-1100856.32075
-1286721.37814
-1318240.32096
-1318240.32096
-1321413.66353
-1321413.66353
-1321413.66353
-1321413.66353
-1337721.75137
-1337721.75137
-1337721.75137
-1337721.75137
-1337721.75137
-1337721.75137
-1337721.75137
-1337721.75137
-1337721.75137
-1337721.75137
-1337721.75137
-1337721.75137
-1337721.75137
-1337721.75137
-1337721.75137
-1337721.75137
-1337721.75137
-1337721.75137
-1337721.75137
-1337721.75137
-1337721.75137
-1337721.75137
-1337721.75137
-1337721.75137
-1337721.75137
-1337721.75137
-1337721.75137
-1337721.75137
-1337721.75137
-1337721.75137
-1337721.75137
-1337721.75137
-1337721.75137
-1337721.75137
-1337721.75137
-1337721.75137
-1337721.75137
-1337721.75137
-1337721.75137
-1337721.75137
-1337721.75137
-1337721.75137
-1337721.75137
-1337721.75137
-1337721.75137
-1337721.75137
-1337721.75137
-1337721.75137
-1337721.75137
-1337721.75137
-1337721.75137
-1337721.75137
-1337721.75137
-1337721.75137
-1337721.75137
-1337721.75137
-1337721.75137
-1337721.75137
-1337721.75137
-1337721.75137
-1337721.75137
-1337721.75137
-1337721.75137
-1337721.75137
-1337721.75137
-1337721.75137
-1337721.75137
-1337721.75137
-1337721.75137
-1337721.75137
-1337721.75137
-1337721.75137
-1337721.75137
-1337721.75137
-1337721.75137
-1337721.75137
-1337721.75137
-1337721.75137
-1337721.75137
-1337721.75137
-1337721.75137
-1337721.75137
-1337721.75137
-1337721.75137
-1337721.75137
-1337721.75137
-1337721.75137
-1337721.75137
-1337721.75137
-1337721.75137
-1337721.75137
-1337721.75137
-1337721.75137
-1337721.75137
-1337721.75137
-1337721.75137
-1337721.75137
-1337721.75137
-1337721.75137
-1337721.75137
-1337721.75137
-1337721.75137
-1337721.75137
-1337721.75137
-1337721.75137
-1337721.75137
-1337721.75137
-1337721.75137
-1337721.75137
-1337721.75137
-1337721.75137
-1337721.75137
-1337721.75137
-1337721.75137
-1337721.75137
-1337721.75137
-1337721.75137
-1337721.75137
-1337721.75137
-1337721.75137
-1337721.75137
-1337721.75137
-1337721.75137
-1337721.75137
-1337721.75137
-1337721.75137
-1337721.75137
-1337721.75137
-1337721.75137
-1337721.75137
-1337721.75137
-1337721.75137
-1337721.75137
-1337721.75137
-1337721.75137
-1337721.75137
-1337721.75137
-1337721.75137
-1337721.75137
-1337721.75137
-1337721.75137
-1337721.75137
-1337721.75137
-1337721.75137
-1337721.75137
-1337721.75137
-1337721.75137
-1337721.75137
-1337721.75137
-1337721.75137
-1337721.75137
-1337721.75137
-1337721.75137
-1337721.75137
-1337721.75137
-1337721.75137
-1337721.75137
-1337721.75137
-1337721.75137
-1337721.75137
-1337721.75137
-1337721.75137
-1337721.75137
-1337721.75137
-1337721.75137
-1337721.75137
-1337721.75137
-1337721.75137
-1337721.75137
-1337721.75137
-1337721.75137
-1337721.75137
-1337721.75137
-1337721.75137
-1337721.75137
-1337721.75137
-1337721.75137
-1337721.75137
-1337721.75137
-1337721.75137
-1337721.75137
-1337721.75137
-1337721.75137
-1337721.75137
-1337721.75137
-1337721.75137
-1337721.75137
-1337721.75137
-1337721.75137
-1337721.75137
-1337721.75137
-1337721.75137
-1337721.75137
-1337721.75137
-1337721.75137
-1337721.75137
-1337721.75137
-1337721.75137
-1337721.75137
-1337721.75137
-1337721.75137
-1337721.75137
-1337721.75137
-1337721.75137
-1337721.75137
-1337721.75137
-1337721.75137
-1337721.75137
-1337721.75137
-1337721.75137
-1337721.75137
-1337721.75137
-1337721.75137
-1337721.75137
-1337721.75137
-1337721.75137
-1337721.75137
-1337721.75137
-1337721.75137
-1337721.75137
-1337721.75137
-1337721.75137
-1337721.75137
-1337721.75137
-1337721.75137
-1337721.75137
-1337721.75137
-1337721.75137
-1337721.75137
-1337721.75137
-1337721.75137
-1337721.75137
-1339340.97041
-1339340.97041
-1339340.97041
-1339340.97041
-1339340.97041
-1339340.97041
-1339340.97041
-1339340.97041
-1339340.97041
-1339340.97041
-1339340.97041
-1339340.97041
-1339340.97041
-1339340.97041
-1339340.97041
-1339340.97041
-1339340.97041
-1339340.97041
-1339340.97041
-1339340.97041
-1339340.97041
-1339340.97041
-1339340.97041
-1339340.97041
-1339340.97041
-1339340.97041
-1339340.97041
-1339340.97041
-1339340.97041
-1339340.97041
-1339340.97041
-1339340.97041
-1339340.97041
-1339340.97041
-1339340.97041
-1339340.97041
-1339340.97041
-1339340.97041
-1339340.97041
-1339340.97041
-1339340.97041
-1339340.97041
-1339340.97041
-1339340.97041
-1339340.97041
-1339340.97041
-1339775.19918
-1339775.19918
-1339775.19918
-1339775.19918
-1339775.19918
-1339775.19918
-1339775.19918
-1339775.19918
-1339775.19918
-1339775.19918
-1339775.19918
-1339775.19918
-1339775.19918
-1339775.19918
