-1084593.47794
-1277511.56082
-1306735.73898
-1310876.27553
-1319180.37419
-1319180.37419
-1325748.50144
-1325748.50144
-1327563.41473
-1327563.41473
-1327563.41473
-1327563.41473
-1327563.41473
-1330672.10091
-1330672.10091
-1330672.10091
-1330672.10091
-1330672.10091
-1330672.10091
-1330672.10091
-1330672.10091
-1330672.10091
-1330672.10091
-1332798.01061
-1332798.01061
-1335648.00324
-1335648.00324
-1335648.00324
-1335648.00324
-1335648.00324
-1335648.00324
-1335648.00324
-1335648.00324
-1335648.00324
-1335648.00324
-1335648.00324
-1335648.00324
-1335648.00324
-1335648.00324
-1335648.00324
-1335648.00324
-1335648.00324
-1335648.00324
-1341386.5452
-1341386.5452
-1341386.5452
-1341386.5452
-1341386.5452
-1341386.5452
-1341386.5452
-1341386.5452
-1341386.5452
-1341386.5452
-1341386.5452
-1341386.5452
-1341386.5452
-1341386.5452
-1341386.5452
-1341386.5452
-1341386.5452
-1341386.5452
-1341386.5452
-1341386.5452
-1341386.5452
-1341386.5452
-1341386.5452
-1341386.5452
-1341386.5452
-1341386.5452
-1341386.5452
-1341386.5452
-1341386.5452
-1341386.5452
-1341386.5452
-1341386.5452
-1341386.5452
-1341386.5452
-1341386.5452
-1341386.5452
-1341386.5452
-1341386.5452
-1341386.5452
-1341386.5452
-1341386.5452
-1341386.5452
-1341386.5452
-1341386.5452
-1341386.5452
-1341386.5452
-1341386.5452
-1341386.5452
-1341386.5452
-1341386.5452
-1341386.5452
-1341386.5452
-1341386.5452
-1341386.5452
-1341386.5452
-1341386.5452
-1341386.5452
-1341386.5452
-1341386.5452
-1341386.5452
-1341386.5452
-1341386.5452
-1341386.5452
-1341386.5452
-1341386.5452
-1341386.5452
-1341386.5452
-1341386.5452
-1341386.5452
-1341386.5452
-1341386.5452
-1341386.5452
-1341386.5452
-1341386.5452
-1341386.5452
-1341386.5452
-1341386.5452
-1341386.5452
-1341386.5452
-1341386.5452
-1341386.5452
-1341386.5452
-1342726.64688
-1342726.64688
-1342726.64688
-1342726.64688
-1342726.64688
-1342726.64688
-1342726.64688
-1342726.64688
-1342726.64688
-1342726.64688
-1342726.64688
-1342726.64688
-1342726.64688
-1342726.64688
-1342726.64688
-1342726.64688
-1342726.64688
-1342726.64688
-1342726.64688
-1342726.64688
-1342726.64688
-1342726.64688
-1342726.64688
-1342726.64688
-1342726.64688
-1342726.64688
-1342726.64688
-1342726.64688
-1342726.64688
-1342726.64688
-1342726.64688
-1342726.64688
-1342726.64688
-1342726.64688
-1342726.64688
-1342726.64688
-1342726.64688
-1342726.64688
-1342726.64688
-1342726.64688
-1342726.64688
-1342726.64688
-1342726.64688
-1342726.64688
-1342726.64688
-1342726.64688
-1342726.64688
-1342726.64688
-1342726.64688
-1342726.64688
-1342726.64688
-1342726.64688
-1342726.64688
-1342726.64688
-1342726.64688
-1342726.64688
-1342726.64688
-1342726.64688
-1342726.64688
-1342726.64688
-1342726.64688
-1342726.64688
-1342726.64688
-1342726.64688
-1342726.64688
-1342726.64688
-1342726.64688
-1342726.64688
-1342726.64688
-1342726.64688
-1342726.64688
-1342726.64688
-1342726.64688
-1342726.64688
-1342726.64688
-1342726.64688
-1342726.64688
-1342726.64688
-1342726.64688
-1342726.64688
-1342726.64688
-1342726.64688
-1342726.64688
-1342726.64688
-1342726.64688
-1342726.64688
-1342726.64688
-1342726.64688
-1342726.64688
-1342726.64688
-1342726.64688
-1342726.64688
-1342726.64688
-1342726.64688
-1342726.64688
-1342726.64688
-1342726.64688
-1342726.64688
-1342726.64688
-1342726.64688
-1342726.64688
-1342726.64688
-1342726.64688
-1342726.64688
-1342726.64688
-1342726.64688
-1342726.64688
-1342726.64688
-1342726.64688
-1342726.64688
-1342726.64688
-1342726.64688
-1342726.64688
-1342726.64688
-1342726.64688
-1342726.64688
-1342726.64688
-1342726.64688
-1342726.64688
-1342726.64688
-1342726.64688
-1342726.64688
-1342726.64688
-1342726.64688
-1342726.64688
-1342726.64688
-1342726.64688
-1342726.64688
-1342726.64688
-1342726.64688
-1342726.64688
-1342726.64688
-1342726.64688
-1342726.64688
-1342726.64688
-1342726.64688
-1342726.64688
-1342726.64688
-1342726.64688
-1342726.64688
-1342726.64688
-1342726.64688
-1342726.64688
-1342726.64688
-1342726.64688
-1342726.64688
-1342726.64688
-1342726.64688
-1342726.64688
-1342726.64688
-1342726.64688
-1342726.64688
-1342726.64688
-1342726.64688
-1342726.64688
-1342726.64688
-1342726.64688
-1342726.64688
-1342726.64688
-1342726.64688
-1342726.64688
-1342726.64688
-1342726.64688
-1342726.64688
-1342726.64688
-1342726.64688
-1342726.64688
-1342726.64688
-1342726.64688
-1342726.64688
-1342726.64688
-1342726.64688
-1342726.64688
-1342726.64688
-1342726.64688
