-1079839.2857
-1271006.16374
-1299563.90606
-1319856.94687
-1320263.03103
-1320263.03103
-1320263.03103
-1320263.03103
-1320263.03103
-1320263.03103
-1328256.15236
-1328256.15236
-1328256.15236
-1328256.15236
-1328256.15236
-1328256.15236
-1329906.72698
-1329906.72698
-1329906.72698
-1329906.72698
-1329906.72698
-1329906.72698
-1329906.72698
-1331049.91073
-1331049.91073
-1334741.25319
-1345291.84167
-1345291.84167
-1345291.84167
-1345291.84167
-1345291.84167
-1345291.84167
-1345291.84167
-1345291.84167
-1345291.84167
-1345291.84167
-1345291.84167
-1345291.84167
-1345291.84167
-1345291.84167
-1345291.84167
-1345291.84167
-1345291.84167
-1345291.84167
-1345291.84167
-1345291.84167
-1345291.84167
-1345291.84167
-1345291.84167
-1345291.84167
-1345291.84167
-1345291.84167
-1345291.84167
-1345291.84167
-1345291.84167
-1345291.84167
-1345291.84167
-1345291.84167
-1345291.84167
-1345291.84167
-1345291.84167
-1345291.84167
-1345291.84167
-1345291.84167
-1345291.84167
-1345291.84167
-1345291.84167
-1345291.84167
-1345291.84167
-1345291.84167
-1345291.84167
-1345291.84167
-1345291.84167
-1345291.84167
-1345291.84167
-1345291.84167
-1345291.84167
-1345291.84167
-1345291.84167
-1345291.84167
-1345291.84167
-1345291.84167
-1345291.84167
-1345291.84167
-1345291.84167
-1345291.84167
-1345291.84167
-1345291.84167
-1345291.84167
-1345291.84167
-1345291.84167
-1345291.84167
-1345291.84167
-1345291.84167
-1345291.84167
-1345291.84167
-1345291.84167
-1345291.84167
-1345291.84167
-1345291.84167
-1345291.84167
-1345291.84167
-1345291.84167
-1345291.84167
-1345291.84167
-1345291.84167
-1345291.84167
-1345291.84167
-1345291.84167
-1345291.84167
-1345291.84167
-1345291.84167
-1345291.84167
-1345291.84167
-1345291.84167
-1345291.84167
-1345291.84167
-1345291.84167
-1345291.84167
-1345291.84167
-1345291.84167
-1345291.84167
-1345291.84167
-1345291.84167
-1345291.84167
-1345291.84167
-1345291.84167
-1345291.84167
-1345291.84167
-1345291.84167
-1345291.84167
-1345291.84167
-1345291.84167
-1345291.84167
-1345291.84167
-1345291.84167
-1345291.84167
-1345291.84167
-1345291.84167
-1345291.84167
-1345291.84167
-1345291.84167
-1345291.84167
-1345291.84167
-1345291.84167
-1345291.84167
-1345291.84167
-1345291.84167
-1345291.84167
-1345291.84167
-1345291.84167
-1345291.84167
-1345291.84167
-1345291.84167
-1345291.84167
-1345291.84167
-1345291.84167
-1345291.84167
-1345291.84167
-1345291.84167
-1345291.84167
-1345291.84167
-1345291.84167
-1345291.84167
-1345291.84167
-1345291.84167
-1345291.84167
-1345291.84167
-1345291.84167
-1345291.84167
-1345291.84167
-1345291.84167
-1345291.84167
-1345291.84167
-1345291.84167
-1345291.84167
-1345291.84167
-1345291.84167
-1345291.84167
-1345291.84167
-1345291.84167
-1345291.84167
-1345291.84167
-1345291.84167
-1345291.84167
-1345291.84167
-1345291.84167
-1345291.84167
-1345291.84167
-1345291.84167
-1345291.84167
-1345291.84167
-1345291.84167
-1345291.84167
-1345291.84167
-1345291.84167
-1345291.84167
-1345291.84167
-1345291.84167
-1345291.84167
-1345291.84167
-1345291.84167
-1345291.84167
-1345291.84167
-1345291.84167
-1345291.84167
-1345291.84167
-1345291.84167
-1345291.84167
-1345291.84167
-1345291.84167
-1345291.84167
-1345291.84167
-1345291.84167
-1345291.84167
-1345291.84167
-1345291.84167
-1345291.84167
-1345291.84167
-1345291.84167
-1345291.84167
-1345291.84167
-1345291.84167
-1345291.84167
-1345291.84167
-1345291.84167
-1345291.84167
-1345291.84167
-1345291.84167
-1345291.84167
-1345291.84167
-1345291.84167
-1345291.84167
-1345291.84167
-1345291.84167
-1345291.84167
-1345291.84167
-1345291.84167
-1345291.84167
-1345291.84167
-1345291.84167
-1345291.84167
-1345291.84167
-1345291.84167
-1345291.84167
-1345291.84167
-1345291.84167
-1345291.84167
-1345291.84167
-1345291.84167
-1345291.84167
-1345291.84167
-1345291.84167
-1345291.84167
-1345291.84167
-1345291.84167
-1345291.84167
-1345291.84167
-1345291.84167
-1345291.84167
-1345291.84167
-1345291.84167
-1345291.84167
-1345291.84167
-1345291.84167
-1345291.84167
-1345291.84167
-1345291.84167
-1345291.84167
-1345291.84167
-1345291.84167
-1345291.84167
-1345291.84167
-1345291.84167
-1345291.84167
-1345291.84167
-1345291.84167
-1345291.84167
-1345291.84167
-1345291.84167
-1345291.84167
-1345291.84167
-1345291.84167
-1345291.84167
-1345291.84167
-1345291.84167
-1345291.84167
-1345291.84167
-1345291.84167
-1345291.84167
-1345291.84167
-1345291.84167
-1345291.84167
-1345291.84167
-1345291.84167
-1345291.84167
-1345291.84167
-1345291.84167
-1345291.84167
-1345291.84167
