-1057496.35087
-1266329.32639
-1309938.45301
-1334605.88054
-1334605.88054
-1334605.88054
-1334605.88054
-1334605.88054
-1334605.88054
-1338791.36225
-1338791.36225
-1338791.36225
-1338791.36225
-1338791.36225
-1338791.36225
-1338791.36225
-1338791.36225
-1338791.36225
-1338791.36225
-1338791.36225
-1338791.36225
-1338791.36225
-1338791.36225
-1338791.36225
-1338791.36225
-1338791.36225
-1338791.36225
-1338791.36225
-1338791.36225
-1338791.36225
-1338791.36225
-1338791.36225
-1338791.36225
-1338791.36225
-1338791.36225
-1338791.36225
-1338791.36225
-1338791.36225
-1338791.36225
-1338791.36225
-1338791.36225
-1338791.36225
-1348125.01174
-1348125.01174
-1348125.01174
-1348125.01174
-1348125.01174
-1348125.01174
-1348125.01174
-1348125.01174
-1348125.01174
-1348125.01174
-1348125.01174
-1348125.01174
-1350994.95761
-1350994.95761
-1350994.95761
-1350994.95761
-1350994.95761
-1350994.95761
-1350994.95761
-1350994.95761
-1350994.95761
-1350994.95761
-1350994.95761
-1350994.95761
-1350994.95761
-1350994.95761
-1350994.95761
-1350994.95761
-1350994.95761
-1350994.95761
-1350994.95761
-1350994.95761
-1350994.95761
-1350994.95761
-1350994.95761
-1350994.95761
-1350994.95761
-1350994.95761
-1350994.95761
-1350994.95761
-1350994.95761
-1350994.95761
-1350994.95761
-1350994.95761
-1350994.95761
-1350994.95761
-1350994.95761
-1350994.95761
-1350994.95761
-1350994.95761
-1350994.95761
-1350994.95761
-1350994.95761
-1350994.95761
-1350994.95761
-1350994.95761
-1350994.95761
-1350994.95761
-1350994.95761
-1350994.95761
-1350994.95761
-1350994.95761
-1350994.95761
-1350994.95761
-1350994.95761
-1350994.95761
-1350994.95761
-1350994.95761
-1350994.95761
-1350994.95761
-1350994.95761
-1350994.95761
-1350994.95761
-1350994.95761
-1350994.95761
-1350994.95761
-1350994.95761
-1350994.95761
-1350994.95761
-1350994.95761
-1350994.95761
-1350994.95761
-1350994.95761
-1350994.95761
-1350994.95761
-1350994.95761
-1350994.95761
-1350994.95761
-1350994.95761
-1350994.95761
-1350994.95761
-1350994.95761
-1350994.95761
-1350994.95761
-1350994.95761
-1350994.95761
-1350994.95761
-1350994.95761
-1350994.95761
-1350994.95761
-1350994.95761
-1350994.95761
-1353154.99144
-1353154.99144
-1353154.99144
-1353154.99144
-1353154.99144
-1353154.99144
-1353154.99144
-1353154.99144
-1353154.99144
-1353154.99144
-1353154.99144
-1353154.99144
-1353154.99144
-1353154.99144
-1353154.99144
-1353154.99144
-1353154.99144
-1353154.99144
-1353154.99144
-1353154.99144
-1353154.99144
-1353154.99144
-1353154.99144
-1353154.99144
-1353154.99144
-1353154.99144
-1353154.99144
-1353154.99144
-1353154.99144
-1353154.99144
-1353154.99144
-1353154.99144
-1353154.99144
-1353154.99144
-1353154.99144
-1353154.99144
-1353154.99144
-1353154.99144
-1353154.99144
-1353154.99144
-1353154.99144
-1353154.99144
-1353154.99144
-1353154.99144
-1353154.99144
-1353154.99144
-1353154.99144
-1353154.99144
-1353154.99144
-1353154.99144
-1353154.99144
-1353154.99144
-1353154.99144
-1353154.99144
-1353154.99144
-1353154.99144
-1353154.99144
-1353154.99144
-1353154.99144
-1353154.99144
-1353154.99144
-1353154.99144
-1353154.99144
-1353154.99144
-1353154.99144
-1353154.99144
-1353154.99144
-1353154.99144
-1353154.99144
-1353154.99144
-1353154.99144
-1353154.99144
-1353154.99144
-1353154.99144
-1353154.99144
-1353154.99144
-1353154.99144
-1353154.99144
-1353154.99144
-1353154.99144
-1353154.99144
-1353154.99144
-1353154.99144
-1353154.99144
-1353154.99144
-1353154.99144
-1353154.99144
-1353154.99144
-1353154.99144
-1353154.99144
-1353154.99144
-1353154.99144
-1353154.99144
-1353154.99144
-1353154.99144
-1353154.99144
-1353154.99144
-1353154.99144
-1353154.99144
-1353154.99144
-1353154.99144
-1353154.99144
-1353154.99144
-1353154.99144
-1353154.99144
-1353154.99144
-1353154.99144
-1353154.99144
-1353154.99144
-1353154.99144
-1353154.99144
-1353154.99144
-1353154.99144
-1353154.99144
-1353154.99144
-1353154.99144
-1353154.99144
-1353154.99144
-1353154.99144
-1353154.99144
-1353154.99144
-1353154.99144
-1353154.99144
-1353154.99144
-1353154.99144
-1353154.99144
-1353154.99144
-1353154.99144
-1353154.99144
-1353154.99144
-1353154.99144
-1353154.99144
-1353154.99144
-1353154.99144
-1353154.99144
-1353154.99144
-1353154.99144
-1353154.99144
-1353154.99144
-1353154.99144
-1353154.99144
-1353154.99144
-1353154.99144
-1353154.99144
-1353154.99144
-1353154.99144
-1353154.99144
-1353154.99144
-1353154.99144
-1353154.99144
-1353154.99144
-1353154.99144
-1353154.99144
-1353154.99144
-1353154.99144
-1353154.99144
