-1067075.74272
-1261881.43843
-1305981.67216
-1310425.82314
-1317819.75868
-1319709.2677
-1319709.2677
-1319709.2677
-1319709.2677
-1319709.2677
-1319709.2677
-1323900.35432
-1335891.17871
-1335891.17871
-1335891.17871
-1335891.17871
-1335891.17871
-1335891.17871
-1335891.17871
-1335891.17871
-1335891.17871
-1335891.17871
-1335891.17871
-1335891.17871
-1335891.17871
-1335891.17871
-1335891.17871
-1335891.17871
-1335891.17871
-1335891.17871
-1335891.17871
-1346256.69303
-1346256.69303
-1346256.69303
-1346256.69303
-1346256.69303
-1346256.69303
-1346256.69303
-1346256.69303
-1346256.69303
-1346256.69303
-1349725.36547
-1349725.36547
-1349725.36547
-1349725.36547
-1349725.36547
-1349725.36547
-1349725.36547
-1349725.36547
-1349725.36547
-1349725.36547
-1349725.36547
-1349725.36547
-1349725.36547
-1349725.36547
-1349725.36547
-1349725.36547
-1349725.36547
-1349725.36547
-1349725.36547
-1349725.36547
-1349725.36547
-1349725.36547
-1349725.36547
-1349725.36547
-1349725.36547
-1349725.36547
-1349725.36547
-1349725.36547
-1349725.36547
-1349725.36547
-1349725.36547
-1349725.36547
-1349725.36547
-1349725.36547
-1349725.36547
-1349725.36547
-1349725.36547
-1349725.36547
-1349725.36547
-1349725.36547
-1349725.36547
-1349725.36547
-1349725.36547
-1349725.36547
-1349725.36547
-1349725.36547
-1349725.36547
-1349725.36547
-1349725.36547
-1349725.36547
-1349725.36547
-1349725.36547
-1349725.36547
-1349725.36547
-1349725.36547
-1349725.36547
-1349725.36547
-1349725.36547
-1349725.36547
-1349725.36547
-1349725.36547
-1349725.36547
-1349725.36547
-1349725.36547
-1349725.36547
-1349725.36547
-1349725.36547
-1349725.36547
-1349725.36547
-1349725.36547
-1349725.36547
-1349725.36547
-1349725.36547
-1349725.36547
-1349725.36547
-1349725.36547
-1349725.36547
-1349725.36547
-1349725.36547
-1349725.36547
-1349725.36547
-1349725.36547
-1349725.36547
-1349725.36547
-1349725.36547
-1349725.36547
-1349725.36547
-1349725.36547
-1349725.36547
-1349725.36547
-1349725.36547
-1349725.36547
-1349725.36547
-1349725.36547
-1349725.36547
-1349725.36547
-1349725.36547
-1349725.36547
-1349725.36547
-1349725.36547
-1349725.36547
-1349725.36547
-1349725.36547
-1349725.36547
-1349725.36547
-1349725.36547
-1349725.36547
-1349725.36547
-1349725.36547
-1349725.36547
-1349725.36547
-1349725.36547
-1349725.36547
-1349725.36547
-1349725.36547
-1349725.36547
-1349725.36547
-1349725.36547
-1349725.36547
-1349725.36547
-1349725.36547
-1349725.36547
-1349725.36547
-1349725.36547
-1349725.36547
-1349725.36547
-1349725.36547
-1349725.36547
-1349725.36547
-1349725.36547
-1349725.36547
-1349725.36547
-1349725.36547
-1349725.36547
-1349725.36547
-1349725.36547
-1349725.36547
-1349725.36547
-1349725.36547
-1349725.36547
-1349725.36547
-1349725.36547
-1349725.36547
-1349725.36547
-1349725.36547
-1349725.36547
-1349725.36547
-1349725.36547
-1349725.36547
-1349725.36547
-1349725.36547
-1349725.36547
-1349725.36547
-1349725.36547
-1349725.36547
-1349725.36547
-1349725.36547
-1349725.36547
-1349725.36547
-1349725.36547
-1349725.36547
-1349725.36547
-1351099.64737
-1351099.64737
-1351099.64737
-1351099.64737
-1351099.64737
-1351099.64737
-1351099.64737
-1351099.64737
-1351099.64737
-1351099.64737
-1351099.64737
-1351099.64737
-1351099.64737
-1351099.64737
-1351099.64737
-1351099.64737
-1351099.64737
-1351099.64737
-1351099.64737
-1351099.64737
-1351099.64737
-1351099.64737
-1351099.64737
-1351099.64737
-1351099.64737
-1351099.64737
-1351099.64737
-1351099.64737
-1351099.64737
-1351099.64737
-1351099.64737
-1351099.64737
-1351099.64737
-1351099.64737
-1351099.64737
-1351099.64737
-1351099.64737
-1351099.64737
-1351099.64737
-1351099.64737
-1351099.64737
-1351099.64737
-1351099.64737
-1351099.64737
-1351099.64737
-1351099.64737
-1351099.64737
-1351099.64737
-1351099.64737
-1351099.64737
-1351099.64737
-1351099.64737
-1351099.64737
-1351099.64737
-1351099.64737
-1351099.64737
-1351099.64737
-1351099.64737
-1351099.64737
-1351099.64737
-1351099.64737
-1351099.64737
-1351099.64737
-1351099.64737
-1351099.64737
-1351099.64737
-1351099.64737
-1351099.64737
-1351099.64737
-1351099.64737
-1351099.64737
-1351099.64737
-1351099.64737
-1351099.64737
-1351099.64737
-1351099.64737
-1351099.64737
-1351099.64737
-1351099.64737
-1351099.64737
-1351099.64737
-1351099.64737
-1351099.64737
-1351099.64737
-1351099.64737
-1351099.64737
-1351099.64737
-1351099.64737
-1351099.64737
-1351099.64737
-1351099.64737
-1351099.64737
-1351099.64737
-1351099.64737
-1351099.64737
-1351099.64737
-1351099.64737
