-1072357.78018
-1286053.09725
-1313690.66791
-1313963.14246
-1313963.14246
-1326321.12392
-1326321.12392
-1326321.12392
-1326321.12392
-1331373.94975
-1331373.94975
-1331373.94975
-1331373.94975
-1331373.94975
-1331373.94975
-1331373.94975
-1331373.94975
-1336511.77149
-1336511.77149
-1336511.77149
-1336511.77149
-1336511.77149
-1336511.77149
-1336511.77149
-1336511.77149
-1336511.77149
-1336511.77149
-1336511.77149
-1336511.77149
-1336511.77149
-1336511.77149
-1336511.77149
-1336511.77149
-1336511.77149
-1336511.77149
-1336511.77149
-1336511.77149
-1336511.77149
-1336511.77149
-1336511.77149
-1336511.77149
-1336511.77149
-1336511.77149
-1336511.77149
-1336511.77149
-1336511.77149
-1336511.77149
-1336511.77149
-1336511.77149
-1336511.77149
-1336511.77149
-1336511.77149
-1336511.77149
-1336511.77149
-1336511.77149
-1336511.77149
-1336511.77149
-1336511.77149
-1336511.77149
-1336511.77149
-1336511.77149
-1336511.77149
-1336511.77149
-1336511.77149
-1336511.77149
-1336511.77149
-1336511.77149
-1336511.77149
-1336511.77149
-1336511.77149
-1336511.77149
-1336511.77149
-1336511.77149
-1336511.77149
-1336511.77149
-1336511.77149
-1336511.77149
-1336511.77149
-1336511.77149
-1336511.77149
-1336511.77149
-1341873.28993
-1341873.28993
-1341873.28993
-1341873.28993
-1341873.28993
-1341873.28993
-1341873.28993
-1341873.28993
-1341873.28993
-1341873.28993
-1341873.28993
-1341873.28993
-1341873.28993
-1341873.28993
-1341873.28993
-1341873.28993
-1341873.28993
-1341873.28993
-1341873.28993
-1341873.28993
-1341873.28993
-1341873.28993
-1341873.28993
-1341873.28993
-1341873.28993
-1341873.28993
-1341873.28993
-1341873.28993
-1341873.28993
-1341873.28993
-1341873.28993
-1341873.28993
-1341873.28993
-1341873.28993
-1341873.28993
-1341873.28993
-1341873.28993
-1341873.28993
-1341873.28993
-1341873.28993
-1341873.28993
-1341873.28993
-1341873.28993
-1341873.28993
-1341873.28993
-1341873.28993
-1341873.28993
-1341873.28993
-1341873.28993
-1341873.28993
-1341873.28993
-1341873.28993
-1341873.28993
-1341873.28993
-1341873.28993
-1341873.28993
-1341873.28993
-1341873.28993
-1341873.28993
-1341873.28993
-1341873.28993
-1341873.28993
-1341873.28993
-1341873.28993
-1341873.28993
-1341873.28993
-1341873.28993
-1341873.28993
-1341873.28993
-1341873.28993
-1341873.28993
-1341873.28993
-1341873.28993
-1341873.28993
-1341873.28993
-1341873.28993
-1341873.28993
-1341873.28993
-1341873.28993
-1341873.28993
-1341873.28993
-1341873.28993
-1341873.28993
-1341873.28993
-1341873.28993
-1341873.28993
-1341873.28993
-1341873.28993
-1341873.28993
-1341873.28993
-1341873.28993
-1341873.28993
-1341873.28993
-1341873.28993
-1341873.28993
-1341873.28993
-1341873.28993
-1341873.28993
-1341873.28993
-1341873.28993
-1341873.28993
-1341873.28993
-1341873.28993
-1341873.28993
-1341873.28993
-1341873.28993
-1341873.28993
-1341873.28993
-1341873.28993
-1341873.28993
-1341873.28993
-1341873.28993
-1341873.28993
-1341873.28993
-1341873.28993
-1341873.28993
-1341873.28993
-1341873.28993
-1341873.28993
-1341873.28993
-1341873.28993
-1341873.28993
-1341873.28993
-1341873.28993
-1341873.28993
-1341873.28993
-1341873.28993
-1341873.28993
-1341873.28993
-1341873.28993
-1341873.28993
-1341873.28993
-1341873.28993
-1341873.28993
-1341873.28993
-1341873.28993
-1341873.28993
-1341873.28993
-1341873.28993
-1341873.28993
-1341873.28993
-1341873.28993
-1341873.28993
-1341873.28993
-1341873.28993
-1341873.28993
-1341873.28993
-1341873.28993
-1341873.28993
-1341873.28993
-1341873.28993
-1341873.28993
-1341873.28993
-1341873.28993
-1341873.28993
-1341873.28993
-1341873.28993
-1341873.28993
-1341873.28993
-1341873.28993
-1341873.28993
-1341873.28993
-1341873.28993
-1341873.28993
-1341873.28993
-1341873.28993
-1341873.28993
-1341873.28993
-1341873.28993
-1341873.28993
-1341873.28993
-1341873.28993
-1341873.28993
-1341873.28993
-1341873.28993
-1341873.28993
-1341873.28993
-1341873.28993
-1341873.28993
-1341873.28993
-1341873.28993
-1341873.28993
-1341873.28993
-1341873.28993
-1341873.28993
-1341873.28993
-1341873.28993
-1341873.28993
-1341873.28993
-1341873.28993
-1341873.28993
-1341873.28993
-1341873.28993
-1341873.28993
-1341873.28993
-1341873.28993
-1341873.28993
-1341873.28993
-1341873.28993
-1343663.92058
-1343663.92058
-1343663.92058
-1343663.92058
-1343663.92058
-1343663.92058
-1343663.92058
-1348678.78246
-1348678.78246
-1348678.78246
-1348678.78246
-1348678.78246
-1348678.78246
-1348678.78246
-1348678.78246
-1348678.78246
-1348678.78246
-1348678.78246
-1348678.78246
-1348678.78246
