-1105090.09501
-1266424.5101
-1305096.43004
-1311044.64246
-1334002.28771
-1334002.28771
-1334002.28771
-1334002.28771
-1334002.28771
-1334002.28771
-1334002.28771
-1334002.28771
-1334002.28771
-1334002.28771
-1334002.28771
-1334002.28771
-1334002.28771
-1334002.28771
-1334002.28771
-1334002.28771
-1334002.28771
-1334002.28771
-1334002.28771
-1334002.28771
-1334002.28771
-1334002.28771
-1334002.28771
-1334002.28771
-1334002.28771
-1334002.28771
-1334002.28771
-1334002.28771
-1334002.28771
-1334002.28771
-1334002.28771
-1334002.28771
-1335264.21149
-1335264.21149
-1335264.21149
-1335264.21149
-1335264.21149
-1335264.21149
-1335264.21149
-1335264.21149
-1335264.21149
-1335264.21149
-1335264.21149
-1335264.21149
-1335264.21149
-1335264.21149
-1335264.21149
-1335264.21149
-1335264.21149
-1335264.21149
-1335264.21149
-1335264.21149
-1335264.21149
-1335264.21149
-1335264.21149
-1335264.21149
-1335264.21149
-1335264.21149
-1337051.02577
-1337051.02577
-1337051.02577
-1345852.73982
-1345852.73982
-1345852.73982
-1345852.73982
-1345852.73982
-1345852.73982
-1345852.73982
-1345852.73982
-1345852.73982
-1345852.73982
-1345852.73982
-1345852.73982
-1345852.73982
-1345852.73982
-1345852.73982
-1345852.73982
-1345852.73982
-1345852.73982
-1345852.73982
-1345852.73982
-1345852.73982
-1345852.73982
-1345852.73982
-1345852.73982
-1345852.73982
-1345852.73982
-1345852.73982
-1345852.73982
-1345852.73982
-1345852.73982
-1345852.73982
-1345852.73982
-1345852.73982
-1345852.73982
-1345852.73982
-1345852.73982
-1345852.73982
-1345852.73982
-1345852.73982
-1345852.73982
-1345852.73982
-1345852.73982
-1345852.73982
-1345852.73982
-1345852.73982
-1345852.73982
-1345852.73982
-1345852.73982
-1345852.73982
-1345852.73982
-1345852.73982
-1346657.80061
-1346657.80061
-1346657.80061
-1346657.80061
-1346657.80061
-1346657.80061
-1346657.80061
-1346657.80061
-1346657.80061
-1346657.80061
-1346657.80061
-1346657.80061
-1346657.80061
-1346657.80061
-1346657.80061
-1346657.80061
-1346657.80061
-1346657.80061
-1346657.80061
-1346657.80061
-1346657.80061
-1346657.80061
-1346657.80061
-1346657.80061
-1346657.80061
-1346657.80061
-1346657.80061
-1346657.80061
-1346657.80061
-1346657.80061
-1346657.80061
-1346657.80061
-1346657.80061
-1346657.80061
-1346657.80061
-1346657.80061
-1346657.80061
-1346657.80061
-1346657.80061
-1346657.80061
-1346657.80061
-1346657.80061
-1346657.80061
-1346657.80061
-1346657.80061
-1346657.80061
-1346657.80061
-1346657.80061
-1346657.80061
-1346657.80061
-1346657.80061
-1346657.80061
-1346657.80061
-1346657.80061
-1346657.80061
-1346657.80061
-1346657.80061
-1346657.80061
-1346657.80061
-1346657.80061
-1346657.80061
-1346657.80061
-1346657.80061
-1346657.80061
-1346657.80061
-1346657.80061
-1346657.80061
-1346657.80061
-1346657.80061
-1346657.80061
-1346657.80061
-1346657.80061
-1346657.80061
-1346657.80061
-1346657.80061
-1346657.80061
-1346657.80061
-1346657.80061
-1346657.80061
-1346657.80061
-1346657.80061
-1346657.80061
-1346657.80061
-1346657.80061
-1346657.80061
-1346657.80061
-1346657.80061
-1346657.80061
-1346657.80061
-1346657.80061
-1346657.80061
-1346657.80061
-1346657.80061
-1346657.80061
-1346990.50217
-1346990.50217
-1346990.50217
-1346990.50217
-1346990.50217
-1346990.50217
-1346990.50217
-1346990.50217
-1346990.50217
-1346990.50217
-1346990.50217
-1346990.50217
-1346990.50217
-1346990.50217
-1346990.50217
-1346990.50217
-1346990.50217
-1346990.50217
-1346990.50217
-1346990.50217
-1346990.50217
-1346990.50217
-1346990.50217
-1346990.50217
-1346990.50217
-1346990.50217
-1346990.50217
-1346990.50217
-1346990.50217
-1346990.50217
-1346990.50217
-1346990.50217
-1346990.50217
-1346990.50217
-1346990.50217
-1346990.50217
-1346990.50217
-1346990.50217
-1346990.50217
-1346990.50217
-1346990.50217
-1346990.50217
-1346990.50217
-1346990.50217
-1346990.50217
-1346990.50217
-1346990.50217
-1346990.50217
-1346990.50217
-1346990.50217
-1346990.50217
-1346990.50217
-1346990.50217
-1346990.50217
-1346990.50217
-1346990.50217
-1346990.50217
-1346990.50217
-1346990.50217
-1346990.50217
-1346990.50217
-1346990.50217
-1346990.50217
-1346990.50217
-1346990.50217
-1346990.50217
-1346990.50217
-1346990.50217
-1346990.50217
-1346990.50217
-1346990.50217
-1346990.50217
-1346990.50217
-1346990.50217
-1346990.50217
-1346990.50217
-1346990.50217
-1346990.50217
-1346990.50217
-1346990.50217
-1346990.50217
-1346990.50217
-1346990.50217
-1346990.50217
-1346990.50217
-1346990.50217
-1346990.50217
-1346990.50217
-1346990.50217
-1346990.50217
