-1130657.42511
-1274115.64716
-1315219.45352
-1315219.45352
-1315219.45352
-1315219.45352
-1315219.45352
-1315219.45352
-1315219.45352
-1326418.36043
-1326418.36043
-1326418.36043
-1326418.36043
-1326418.36043
-1326418.36043
-1326418.36043
-1326418.36043
-1326418.36043
-1326418.36043
-1326418.36043
-1326418.36043
-1326418.36043
-1326418.36043
-1326418.36043
-1333897.4448
-1333897.4448
-1333897.4448
-1333897.4448
-1333897.4448
-1333897.4448
-1333897.4448
-1333897.4448
-1333897.4448
-1333897.4448
-1333897.4448
-1333897.4448
-1333897.4448
-1333897.4448
-1333897.4448
-1333897.4448
-1333897.4448
-1334144.84923
-1334144.84923
-1334144.84923
-1334144.84923
-1334144.84923
-1334144.84923
-1334144.84923
-1334144.84923
-1334144.84923
-1334144.84923
-1334144.84923
-1334144.84923
-1336340.82771
-1336340.82771
-1336340.82771
-1336340.82771
-1336340.82771
-1336340.82771
-1336340.82771
-1336340.82771
-1336340.82771
-1336340.82771
-1336340.82771
-1336340.82771
-1336340.82771
-1341069.31529
-1341069.31529
-1341069.31529
-1341069.31529
-1341069.31529
-1341069.31529
-1341069.31529
-1341069.31529
-1341069.31529
-1341069.31529
-1341069.31529
-1341069.31529
-1341069.31529
-1341069.31529
-1341069.31529
-1341069.31529
-1341069.31529
-1341069.31529
-1341069.31529
-1344117.398
-1344117.398
-1344117.398
-1344117.398
-1344117.398
-1344117.398
-1344117.398
-1344117.398
-1344117.398
-1344117.398
-1344117.398
-1344117.398
-1344117.398
-1344117.398
-1344117.398
-1344117.398
-1344117.398
-1344117.398
-1344117.398
-1344117.398
-1344117.398
-1344117.398
-1344117.398
-1344632.22109
-1344632.22109
-1344632.22109
-1344632.22109
-1344632.22109
-1344632.22109
-1344632.22109
-1344632.22109
-1344632.22109
-1344632.22109
-1344632.22109
-1344632.22109
-1344632.22109
-1344632.22109
-1344632.22109
-1344632.22109
-1344632.22109
-1344632.22109
-1344632.22109
-1344632.22109
-1344632.22109
-1344632.22109
-1344632.22109
-1344632.22109
-1344632.22109
-1344632.22109
-1344632.22109
-1344632.22109
-1344632.22109
-1344632.22109
-1344632.22109
-1344632.22109
-1344632.22109
-1344632.22109
-1344632.22109
-1344632.22109
-1344632.22109
-1344632.22109
-1344632.22109
-1344632.22109
-1344632.22109
-1344632.22109
-1344632.22109
-1344632.22109
-1344632.22109
-1344632.22109
-1344632.22109
-1344632.22109
-1344632.22109
-1344632.22109
-1344632.22109
-1344632.22109
-1344632.22109
-1344632.22109
-1344632.22109
-1344632.22109
-1344632.22109
-1344632.22109
-1344632.22109
-1344632.22109
-1344632.22109
-1344632.22109
-1344632.22109
-1344632.22109
-1344632.22109
-1344632.22109
-1344632.22109
-1344632.22109
-1344632.22109
-1344632.22109
-1344632.22109
-1344632.22109
-1344632.22109
-1344632.22109
-1344632.22109
-1344632.22109
-1344632.22109
-1344632.22109
-1344632.22109
-1344632.22109
-1344632.22109
-1344632.22109
-1344632.22109
-1344632.22109
-1344632.22109
-1344632.22109
-1344632.22109
-1344632.22109
-1344632.22109
-1344632.22109
-1344632.22109
-1344632.22109
-1344632.22109
-1344632.22109
-1344632.22109
-1344632.22109
-1344632.22109
-1344632.22109
-1344632.22109
-1344632.22109
-1344632.22109
-1344632.22109
-1344632.22109
-1344632.22109
-1344632.22109
-1344632.22109
-1344632.22109
-1344632.22109
-1344632.22109
-1344632.22109
-1344632.22109
-1344632.22109
-1344632.22109
-1344632.22109
-1344632.22109
-1344632.22109
-1344632.22109
-1344632.22109
-1344632.22109
-1344632.22109
-1344632.22109
-1344632.22109
-1344632.22109
-1344632.22109
-1344632.22109
-1345801.43632
-1345801.43632
-1345801.43632
-1345801.43632
-1345801.43632
-1345801.43632
-1345801.43632
-1345801.43632
-1345801.43632
-1345801.43632
-1345801.43632
-1345801.43632
-1345801.43632
-1345801.43632
-1345801.43632
-1345801.43632
-1345801.43632
-1345801.43632
-1345801.43632
-1345801.43632
-1345801.43632
-1345801.43632
-1345801.43632
-1345801.43632
-1345801.43632
-1345801.43632
-1345801.43632
-1345801.43632
-1345801.43632
-1345801.43632
-1345801.43632
-1345801.43632
-1345801.43632
-1345801.43632
-1345801.43632
-1345801.43632
-1345801.43632
-1345801.43632
-1345801.43632
-1345801.43632
-1345801.43632
-1345801.43632
-1345801.43632
-1345801.43632
-1345801.43632
-1345801.43632
-1345801.43632
-1345801.43632
-1345801.43632
-1345801.43632
-1345801.43632
-1345801.43632
-1345801.43632
-1345801.43632
-1345801.43632
-1345801.43632
-1345801.43632
-1345801.43632
-1345801.43632
-1345801.43632
-1345801.43632
-1345801.43632
-1345801.43632
-1345801.43632
-1345801.43632
-1345801.43632
-1345801.43632
