-1084176.58894
-1293336.50846
-1325286.71962
-1325286.71962
-1325286.71962
-1325286.71962
-1325286.71962
-1325286.71962
-1325286.71962
-1325286.71962
-1328935.35283
-1328935.35283
-1342740.2931
-1342740.2931
-1342740.2931
-1342740.2931
-1342740.2931
-1342740.2931
-1342740.2931
-1342740.2931
-1342740.2931
-1342740.2931
-1342740.2931
-1342740.2931
-1342740.2931
-1342740.2931
-1342740.2931
-1342740.2931
-1348380.89283
-1348380.89283
-1348380.89283
-1348380.89283
-1348380.89283
-1348380.89283
-1348380.89283
-1348380.89283
-1348380.89283
-1348380.89283
-1348380.89283
-1348380.89283
-1348380.89283
-1348380.89283
-1348380.89283
-1348380.89283
-1348380.89283
-1348380.89283
-1348380.89283
-1348380.89283
-1348380.89283
-1348380.89283
-1348380.89283
-1348380.89283
-1348380.89283
-1348380.89283
-1348380.89283
-1348380.89283
-1348380.89283
-1348380.89283
-1348380.89283
-1348380.89283
-1348380.89283
-1348380.89283
-1348380.89283
-1348380.89283
-1348380.89283
-1348380.89283
-1348380.89283
-1348380.89283
-1348380.89283
-1348380.89283
-1348380.89283
-1348380.89283
-1348380.89283
-1348380.89283
-1348380.89283
-1348380.89283
-1348380.89283
-1348380.89283
-1348380.89283
-1348380.89283
-1348380.89283
-1348380.89283
-1348380.89283
-1349286.27992
-1349286.27992
-1349286.27992
-1349286.27992
-1349286.27992
-1349286.27992
-1349286.27992
-1349286.27992
-1349286.27992
-1349286.27992
-1349286.27992
-1349286.27992
-1349286.27992
-1349286.27992
-1349286.27992
-1349286.27992
-1349286.27992
-1349286.27992
-1349286.27992
-1349286.27992
-1349286.27992
-1349286.27992
-1349286.27992
-1349286.27992
-1349286.27992
-1349286.27992
-1349286.27992
-1349286.27992
-1349286.27992
-1349286.27992
-1349286.27992
-1349286.27992
-1349286.27992
-1349286.27992
-1349286.27992
-1349286.27992
-1349286.27992
-1349286.27992
-1349286.27992
-1349286.27992
-1349286.27992
-1349286.27992
-1349286.27992
-1349286.27992
-1349286.27992
-1349286.27992
-1349286.27992
-1349286.27992
-1349286.27992
-1349286.27992
-1349286.27992
-1349286.27992
-1349286.27992
-1349286.27992
-1349286.27992
-1349286.27992
-1349286.27992
-1349286.27992
-1349286.27992
-1349286.27992
-1349286.27992
-1349286.27992
-1349286.27992
-1349286.27992
-1349286.27992
-1349286.27992
-1349286.27992
-1349286.27992
-1349286.27992
-1349286.27992
-1349286.27992
-1349286.27992
-1349286.27992
-1349286.27992
-1349286.27992
-1349286.27992
-1349286.27992
-1349286.27992
-1349286.27992
-1349286.27992
-1349286.27992
-1349286.27992
-1349286.27992
-1349286.27992
-1349286.27992
-1349286.27992
-1349286.27992
-1349286.27992
-1349286.27992
-1349286.27992
-1349286.27992
-1349286.27992
-1349286.27992
-1349286.27992
-1349286.27992
-1349286.27992
-1349286.27992
-1349286.27992
-1349286.27992
-1349286.27992
-1349286.27992
-1349286.27992
-1349286.27992
-1349286.27992
-1349286.27992
-1349286.27992
-1349286.27992
-1349286.27992
-1349286.27992
-1349286.27992
-1349286.27992
-1349286.27992
-1349286.27992
-1349286.27992
-1349286.27992
-1349286.27992
-1349286.27992
-1349286.27992
-1349286.27992
-1349286.27992
-1349286.27992
-1349286.27992
-1349286.27992
-1349286.27992
-1349286.27992
-1349286.27992
-1349286.27992
-1349286.27992
-1349286.27992
-1349286.27992
-1349286.27992
-1349286.27992
-1349286.27992
-1349286.27992
-1349286.27992
-1349286.27992
-1349286.27992
-1349286.27992
-1349286.27992
-1349286.27992
-1349286.27992
-1349286.27992
-1349286.27992
-1349286.27992
-1349286.27992
-1349286.27992
-1349286.27992
-1349286.27992
-1349286.27992
-1349286.27992
-1349286.27992
-1349286.27992
-1349286.27992
-1349286.27992
-1349286.27992
-1349286.27992
-1349286.27992
-1349286.27992
-1349286.27992
-1349286.27992
-1349286.27992
-1349286.27992
-1349286.27992
-1349286.27992
-1349286.27992
-1349286.27992
-1349286.27992
-1349286.27992
-1349286.27992
-1349286.27992
-1349286.27992
-1349286.27992
-1349286.27992
-1349286.27992
-1349286.27992
-1349286.27992
-1349286.27992
-1349286.27992
-1349286.27992
-1349286.27992
-1349286.27992
-1349286.27992
-1349286.27992
-1349286.27992
-1349286.27992
-1349286.27992
-1349286.27992
-1349286.27992
-1349286.27992
-1349286.27992
-1349286.27992
-1349286.27992
-1349286.27992
-1349286.27992
-1349286.27992
-1349286.27992
-1349286.27992
-1349286.27992
-1349286.27992
-1349286.27992
-1349286.27992
-1349286.27992
-1349286.27992
-1349286.27992
-1349286.27992
-1349286.27992
-1349286.27992
-1349286.27992
-1349286.27992
-1349286.27992
-1349286.27992
-1349286.27992
-1349286.27992
-1349286.27992
-1349286.27992
-1349286.27992
-1349286.27992
