-1124656.17062
-1281936.07004
-1303649.72197
-1311175.5251
-1320741.69582
-1320741.69582
-1320741.69582
-1320741.69582
-1326657.30823
-1326657.30823
-1326657.30823
-1326657.30823
-1326657.30823
-1326657.30823
-1331760.95863
-1331760.95863
-1331760.95863
-1331760.95863
-1331760.95863
-1331760.95863
-1331760.95863
-1331760.95863
-1331760.95863
-1331760.95863
-1331760.95863
-1335088.97026
-1335088.97026
-1335088.97026
-1335088.97026
-1335088.97026
-1335088.97026
-1335088.97026
-1335088.97026
-1338267.51312
-1338267.51312
-1338267.51312
-1338267.51312
-1338267.51312
-1338267.51312
-1338267.51312
-1338267.51312
-1338267.51312
-1338267.51312
-1338267.51312
-1340681.97556
-1340681.97556
-1340681.97556
-1340681.97556
-1340681.97556
-1340681.97556
-1340681.97556
-1340681.97556
-1340681.97556
-1340681.97556
-1340681.97556
-1340681.97556
-1340681.97556
-1340681.97556
-1340681.97556
-1340681.97556
-1340681.97556
-1340681.97556
-1340681.97556
-1340681.97556
-1340681.97556
-1340681.97556
-1340681.97556
-1340681.97556
-1340681.97556
-1340681.97556
-1340681.97556
-1340681.97556
-1340681.97556
-1340681.97556
-1340681.97556
-1340681.97556
-1340681.97556
-1340681.97556
-1340681.97556
-1340681.97556
-1340681.97556
-1340681.97556
-1340681.97556
-1358611.73618
-1358611.73618
-1358611.73618
-1358611.73618
-1358611.73618
-1358611.73618
-1358611.73618
-1358611.73618
-1358611.73618
-1358611.73618
-1358611.73618
-1358611.73618
-1358611.73618
-1358611.73618
-1358611.73618
-1358611.73618
-1358611.73618
-1358611.73618
-1358611.73618
-1358611.73618
-1358611.73618
-1358611.73618
-1358611.73618
-1358611.73618
-1358611.73618
-1358611.73618
-1358611.73618
-1358611.73618
-1358611.73618
-1358611.73618
-1358611.73618
-1358611.73618
-1358611.73618
-1358611.73618
-1358611.73618
-1358611.73618
-1358611.73618
-1358611.73618
-1358611.73618
-1358611.73618
-1358611.73618
-1358611.73618
-1358611.73618
-1358611.73618
-1358611.73618
-1358611.73618
-1358611.73618
-1358611.73618
-1358611.73618
-1358611.73618
-1358611.73618
-1358611.73618
-1358611.73618
-1358611.73618
-1358611.73618
-1358611.73618
-1358611.73618
-1358611.73618
-1358611.73618
-1358611.73618
-1358611.73618
-1358611.73618
-1358611.73618
-1358611.73618
-1358611.73618
-1358611.73618
-1358611.73618
-1358611.73618
-1358611.73618
-1358611.73618
-1358611.73618
-1358611.73618
-1358611.73618
-1358611.73618
-1358611.73618
-1358611.73618
-1358611.73618
-1358611.73618
-1358611.73618
-1358611.73618
-1358611.73618
-1358611.73618
-1358611.73618
-1358611.73618
-1358611.73618
-1358611.73618
-1358611.73618
-1358611.73618
-1358611.73618
-1358611.73618
-1358611.73618
-1358611.73618
-1358611.73618
-1358611.73618
-1358611.73618
-1358611.73618
-1358611.73618
-1358611.73618
-1358611.73618
-1358611.73618
-1358611.73618
-1358611.73618
-1358611.73618
-1358611.73618
-1358611.73618
-1358611.73618
-1358611.73618
-1358611.73618
-1358611.73618
-1358611.73618
-1358611.73618
-1358611.73618
-1358611.73618
-1358611.73618
-1358611.73618
-1358611.73618
-1358611.73618
-1358611.73618
-1358611.73618
-1358611.73618
-1358611.73618
-1358611.73618
-1358611.73618
-1358611.73618
-1358611.73618
-1358611.73618
-1358611.73618
-1358611.73618
-1358611.73618
-1358611.73618
-1358611.73618
-1358611.73618
-1358611.73618
-1358611.73618
-1358611.73618
-1358611.73618
-1358611.73618
-1358611.73618
-1358611.73618
-1358611.73618
-1358611.73618
-1358611.73618
-1358611.73618
-1358611.73618
-1358611.73618
-1358611.73618
-1358611.73618
-1358611.73618
-1358611.73618
-1358611.73618
-1358611.73618
-1358611.73618
-1358611.73618
-1358611.73618
-1358611.73618
-1358611.73618
-1358611.73618
-1358611.73618
-1358611.73618
-1358611.73618
-1358611.73618
-1358611.73618
-1358611.73618
-1358611.73618
-1358611.73618
-1358611.73618
-1358611.73618
-1358611.73618
-1358611.73618
-1358611.73618
-1358611.73618
-1358611.73618
-1358611.73618
-1358611.73618
-1358611.73618
-1358611.73618
-1358611.73618
-1358611.73618
-1358611.73618
-1358611.73618
-1358611.73618
-1358611.73618
-1358611.73618
-1358611.73618
-1358611.73618
-1358611.73618
-1358611.73618
-1358611.73618
-1358611.73618
-1358611.73618
-1358611.73618
-1358611.73618
-1358611.73618
-1358611.73618
-1358611.73618
-1358611.73618
-1358611.73618
-1358611.73618
-1358611.73618
-1358611.73618
-1358611.73618
-1358611.73618
-1358611.73618
-1358611.73618
-1358611.73618
-1358611.73618
-1358611.73618
-1358611.73618
-1358611.73618
-1358611.73618
-1358611.73618
-1358611.73618
-1358611.73618
-1358611.73618
-1358611.73618
-1358611.73618
-1358611.73618
