-1087478.17614
-1268972.83911
-1301731.52511
-1304684.45907
-1329762.51203
-1329762.51203
-1339491.02194
-1339491.02194
-1339491.02194
-1339491.02194
-1339491.02194
-1339491.02194
-1339491.02194
-1339491.02194
-1339491.02194
-1339491.02194
-1339491.02194
-1339491.02194
-1339491.02194
-1339491.02194
-1339491.02194
-1339491.02194
-1339491.02194
-1339491.02194
-1339491.02194
-1339491.02194
-1339491.02194
-1339491.02194
-1339491.02194
-1339491.02194
-1339491.02194
-1339491.02194
-1339491.02194
-1339491.02194
-1339491.02194
-1339491.02194
-1339491.02194
-1339491.02194
-1339491.02194
-1339491.02194
-1341591.41901
-1341591.41901
-1341591.41901
-1341591.41901
-1341591.41901
-1341591.41901
-1341591.41901
-1341591.41901
-1341591.41901
-1341591.41901
-1341591.41901
-1341591.41901
-1341591.41901
-1341591.41901
-1341591.41901
-1341591.41901
-1341591.41901
-1341591.41901
-1341591.41901
-1345168.1076
-1345168.1076
-1345168.1076
-1345168.1076
-1345168.1076
-1345168.1076
-1345168.1076
-1345168.1076
-1345168.1076
-1345168.1076
-1345168.1076
-1345168.1076
-1345168.1076
-1345168.1076
-1345168.1076
-1345168.1076
-1345168.1076
-1345168.1076
-1345168.1076
-1345168.1076
-1345168.1076
-1345168.1076
-1345168.1076
-1345168.1076
-1345168.1076
-1345168.1076
-1345168.1076
-1345168.1076
-1345168.1076
-1345168.1076
-1345168.1076
-1345168.1076
-1345168.1076
-1345168.1076
-1345168.1076
-1345168.1076
-1345168.1076
-1345168.1076
-1345168.1076
-1345168.1076
-1345168.1076
-1345168.1076
-1345168.1076
-1345168.1076
-1345168.1076
-1345168.1076
-1345168.1076
-1345168.1076
-1345168.1076
-1345168.1076
-1345168.1076
-1345168.1076
-1345168.1076
-1345168.1076
-1345168.1076
-1345168.1076
-1345168.1076
-1345168.1076
-1345168.1076
-1345168.1076
-1345168.1076
-1345168.1076
-1345168.1076
-1345168.1076
-1345168.1076
-1345168.1076
-1345168.1076
-1345168.1076
-1345168.1076
-1345168.1076
-1345168.1076
-1345168.1076
-1345168.1076
-1345168.1076
-1345168.1076
-1345168.1076
-1345168.1076
-1345168.1076
-1345168.1076
-1345168.1076
-1345168.1076
-1345168.1076
-1345168.1076
-1345168.1076
-1345168.1076
-1345168.1076
-1345168.1076
-1345168.1076
-1345168.1076
-1345168.1076
-1345168.1076
-1345168.1076
-1345168.1076
-1345168.1076
-1345168.1076
-1345168.1076
-1345168.1076
-1345168.1076
-1345168.1076
-1345168.1076
-1345168.1076
-1345168.1076
-1345168.1076
-1345168.1076
-1345168.1076
-1345168.1076
-1345168.1076
-1345168.1076
-1345168.1076
-1345168.1076
-1345168.1076
-1345168.1076
-1345168.1076
-1345168.1076
-1345168.1076
-1345168.1076
-1345168.1076
-1345168.1076
-1345168.1076
-1345168.1076
-1345168.1076
-1345168.1076
-1345168.1076
-1345168.1076
-1345168.1076
-1345168.1076
-1345168.1076
-1345168.1076
-1345168.1076
-1345168.1076
-1345168.1076
-1345168.1076
-1345168.1076
-1345168.1076
-1345168.1076
-1345168.1076
-1345168.1076
-1345168.1076
-1345168.1076
-1345168.1076
-1345168.1076
-1345168.1076
-1345168.1076
-1345168.1076
-1345168.1076
-1345168.1076
-1345168.1076
-1345168.1076
-1345168.1076
-1345168.1076
-1345168.1076
-1345168.1076
-1345168.1076
-1345168.1076
-1345168.1076
-1345168.1076
-1345168.1076
-1345168.1076
-1345168.1076
-1345168.1076
-1345168.1076
-1345168.1076
-1345168.1076
-1345168.1076
-1345168.1076
-1345168.1076
-1345168.1076
-1345168.1076
-1345168.1076
-1345168.1076
-1345168.1076
-1345168.1076
-1345168.1076
-1345168.1076
-1345168.1076
-1345168.1076
-1345168.1076
-1345168.1076
-1345168.1076
-1348394.71887
-1348394.71887
-1348394.71887
-1348394.71887
-1348394.71887
-1348394.71887
-1348394.71887
-1348394.71887
-1348394.71887
-1348394.71887
-1348394.71887
-1348394.71887
-1348394.71887
-1348394.71887
-1348394.71887
-1348394.71887
-1348394.71887
-1348394.71887
-1348394.71887
-1348394.71887
-1348394.71887
-1348394.71887
-1348394.71887
-1348394.71887
-1348394.71887
-1348394.71887
-1348394.71887
-1348394.71887
-1348394.71887
-1348394.71887
-1348394.71887
-1348394.71887
-1348394.71887
-1348394.71887
-1348394.71887
-1348394.71887
-1348394.71887
-1348394.71887
-1348394.71887
-1348394.71887
-1348394.71887
-1348394.71887
-1348394.71887
-1348394.71887
-1348394.71887
-1348394.71887
-1348394.71887
-1348394.71887
-1348394.71887
-1348394.71887
-1348394.71887
-1348394.71887
-1348394.71887
-1348394.71887
-1348394.71887
-1348394.71887
-1348394.71887
-1348394.71887
-1348394.71887
-1348394.71887
-1348394.71887
-1348394.71887
