-1061757.06446
-1240644.69589
-1296011.40674
-1330867.32692
-1330867.32692
-1330867.32692
-1330867.32692
-1330867.32692
-1330867.32692
-1330867.32692
-1330867.32692
-1330867.32692
-1330867.32692
-1330867.32692
-1330867.32692
-1330867.32692
-1330867.32692
-1330867.32692
-1330867.32692
-1330867.32692
-1330867.32692
-1330867.32692
-1330867.32692
-1330867.32692
-1330867.32692
-1330867.32692
-1330867.32692
-1331329.57062
-1331329.57062
-1331329.57062
-1331329.57062
-1331329.57062
-1331329.57062
-1331329.57062
-1331329.57062
-1331329.57062
-1331329.57062
-1331329.57062
-1331329.57062
-1331329.57062
-1331329.57062
-1331329.57062
-1331329.57062
-1335844.51087
-1335844.51087
-1335844.51087
-1335844.51087
-1335844.51087
-1335844.51087
-1335963.70095
-1335963.70095
-1335963.70095
-1335963.70095
-1335963.70095
-1335963.70095
-1335963.70095
-1335963.70095
-1335963.70095
-1335963.70095
-1339046.89319
-1339046.89319
-1339046.89319
-1339046.89319
-1339046.89319
-1339046.89319
-1339046.89319
-1339046.89319
-1339046.89319
-1339046.89319
-1339046.89319
-1339046.89319
-1339046.89319
-1339046.89319
-1339046.89319
-1339046.89319
-1339046.89319
-1339046.89319
-1339046.89319
-1339046.89319
-1339046.89319
-1339046.89319
-1339046.89319
-1339046.89319
-1339046.89319
-1339046.89319
-1339046.89319
-1339046.89319
-1339046.89319
-1339046.89319
-1339046.89319
-1339046.89319
-1339046.89319
-1339046.89319
-1339046.89319
-1339046.89319
-1339046.89319
-1339046.89319
-1339046.89319
-1339046.89319
-1344038.62294
-1344038.62294
-1344038.62294
-1344038.62294
-1344038.62294
-1344038.62294
-1344038.62294
-1344038.62294
-1344038.62294
-1344038.62294
-1344038.62294
-1344038.62294
-1344038.62294
-1344038.62294
-1344038.62294
-1344038.62294
-1344038.62294
-1344038.62294
-1344038.62294
-1344038.62294
-1344038.62294
-1344038.62294
-1344038.62294
-1344038.62294
-1344038.62294
-1344038.62294
-1344038.62294
-1344038.62294
-1344038.62294
-1344038.62294
-1344038.62294
-1344038.62294
-1344038.62294
-1344038.62294
-1344038.62294
-1344038.62294
-1344038.62294
-1344038.62294
-1344038.62294
-1344038.62294
-1344038.62294
-1344038.62294
-1344038.62294
-1344038.62294
-1344038.62294
-1344038.62294
-1344038.62294
-1344038.62294
-1344038.62294
-1344038.62294
-1344038.62294
-1344038.62294
-1344038.62294
-1344038.62294
-1344038.62294
-1344038.62294
-1344038.62294
-1344038.62294
-1344038.62294
-1344038.62294
-1344038.62294
-1344038.62294
-1344038.62294
-1344038.62294
-1344038.62294
-1344038.62294
-1344038.62294
-1353603.23384
-1353603.23384
-1353603.23384
-1353603.23384
-1353603.23384
-1353603.23384
-1353603.23384
-1353603.23384
-1353603.23384
-1353603.23384
-1353603.23384
-1353603.23384
-1353603.23384
-1353603.23384
-1353603.23384
-1353603.23384
-1353603.23384
-1353603.23384
-1353603.23384
-1353603.23384
-1353603.23384
-1353603.23384
-1353603.23384
-1353603.23384
-1353603.23384
-1353603.23384
-1353603.23384
-1353603.23384
-1353603.23384
-1353603.23384
-1353603.23384
-1353603.23384
-1353603.23384
-1353603.23384
-1353603.23384
-1353603.23384
-1353603.23384
-1353603.23384
-1353603.23384
-1353603.23384
-1353603.23384
-1353603.23384
-1353603.23384
-1353603.23384
-1353603.23384
-1353603.23384
-1353603.23384
-1353603.23384
-1353603.23384
-1353603.23384
-1353603.23384
-1353603.23384
-1353603.23384
-1353603.23384
-1353603.23384
-1353603.23384
-1353603.23384
-1353603.23384
-1353603.23384
-1353603.23384
-1353603.23384
-1353603.23384
-1353603.23384
-1353603.23384
-1353603.23384
-1353603.23384
-1353603.23384
-1353603.23384
-1353603.23384
-1353603.23384
-1353603.23384
-1353603.23384
-1353603.23384
-1353603.23384
-1353603.23384
-1353603.23384
-1353603.23384
-1353603.23384
-1353603.23384
-1353603.23384
-1353603.23384
-1353603.23384
-1353603.23384
-1353603.23384
-1353603.23384
-1353603.23384
-1353603.23384
-1353603.23384
-1353603.23384
-1353603.23384
-1353603.23384
-1353603.23384
-1353603.23384
-1353603.23384
-1353603.23384
-1353603.23384
-1353603.23384
-1353603.23384
-1353603.23384
-1353603.23384
-1353603.23384
-1353603.23384
-1353603.23384
-1353603.23384
-1353603.23384
-1353603.23384
-1353603.23384
-1353603.23384
-1353603.23384
-1353603.23384
-1353603.23384
-1353603.23384
-1353603.23384
-1353603.23384
-1353603.23384
-1353603.23384
-1353603.23384
-1353603.23384
-1353603.23384
-1353603.23384
-1353603.23384
-1353603.23384
-1353603.23384
-1353603.23384
-1353603.23384
-1353603.23384
-1353603.23384
-1353603.23384
-1353603.23384
-1353603.23384
-1353603.23384
-1353603.23384
-1353603.23384
-1353603.23384
