-1055526.18804
-1276405.3243
-1334808.87447
-1334808.87447
-1336855.5518
-1336855.5518
-1336855.5518
-1336855.5518
-1338711.23516
-1338711.23516
-1338711.23516
-1338711.23516
-1338711.23516
-1338711.23516
-1338711.23516
-1338711.23516
-1338711.23516
-1338711.23516
-1338711.23516
-1338711.23516
-1338711.23516
-1338711.23516
-1338711.23516
-1338711.23516
-1338711.23516
-1338711.23516
-1338711.23516
-1338711.23516
-1338923.13726
-1338923.13726
-1338923.13726
-1338923.13726
-1338923.13726
-1338923.13726
-1338923.13726
-1338923.13726
-1338923.13726
-1338923.13726
-1338923.13726
-1338923.13726
-1338923.13726
-1338923.13726
-1338923.13726
-1338923.13726
-1338923.13726
-1342304.38415
-1342304.38415
-1342304.38415
-1342304.38415
-1342304.38415
-1342304.38415
-1342304.38415
-1342304.38415
-1342304.38415
-1342304.38415
-1342304.38415
-1342304.38415
-1342304.38415
-1342304.38415
-1342304.38415
-1342304.38415
-1342304.38415
-1342304.38415
-1342304.38415
-1342304.38415
-1342304.38415
-1342304.38415
-1342304.38415
-1342304.38415
-1342304.38415
-1342304.38415
-1342304.38415
-1342304.38415
-1342304.38415
-1342304.38415
-1342304.38415
-1342304.38415
-1342304.38415
-1342304.38415
-1342304.38415
-1342304.38415
-1342304.38415
-1342304.38415
-1342304.38415
-1342304.38415
-1342304.38415
-1342304.38415
-1342304.38415
-1342304.38415
-1342304.38415
-1342304.38415
-1342304.38415
-1342304.38415
-1342304.38415
-1342304.38415
-1342304.38415
-1342304.38415
-1342304.38415
-1342304.38415
-1342304.38415
-1342304.38415
-1342304.38415
-1346759.57823
-1346759.57823
-1346759.57823
-1346759.57823
-1346759.57823
-1346759.57823
-1351130.49931
-1351130.49931
-1351130.49931
-1351130.49931
-1351130.49931
-1351130.49931
-1351130.49931
-1351130.49931
-1351130.49931
-1351130.49931
-1351130.49931
-1351130.49931
-1351130.49931
-1351130.49931
-1351130.49931
-1351130.49931
-1351130.49931
-1351130.49931
-1351130.49931
-1351130.49931
-1351130.49931
-1351130.49931
-1351130.49931
-1351130.49931
-1351130.49931
-1351130.49931
-1351130.49931
-1351130.49931
-1351130.49931
-1351130.49931
-1351130.49931
-1351130.49931
-1351130.49931
-1351130.49931
-1351130.49931
-1351130.49931
-1351130.49931
-1351130.49931
-1351130.49931
-1351130.49931
-1351130.49931
-1351130.49931
-1351130.49931
-1351130.49931
-1351130.49931
-1351130.49931
-1351130.49931
-1351130.49931
-1351130.49931
-1351130.49931
-1351130.49931
-1351130.49931
-1351130.49931
-1351130.49931
-1351130.49931
-1351130.49931
-1351130.49931
-1351130.49931
-1351130.49931
-1351130.49931
-1351130.49931
-1351130.49931
-1351130.49931
-1351130.49931
-1351130.49931
-1351130.49931
-1351130.49931
-1351130.49931
-1351130.49931
-1351130.49931
-1351130.49931
-1351130.49931
-1351130.49931
-1351130.49931
-1351130.49931
-1351130.49931
-1351130.49931
-1351130.49931
-1351130.49931
-1351130.49931
-1351130.49931
-1351130.49931
-1351130.49931
-1351130.49931
-1351130.49931
-1351130.49931
-1351130.49931
-1351130.49931
-1351130.49931
-1351130.49931
-1351130.49931
-1351130.49931
-1351130.49931
-1351130.49931
-1351130.49931
-1351130.49931
-1351130.49931
-1351130.49931
-1351130.49931
-1351130.49931
-1351130.49931
-1351130.49931
-1351130.49931
-1351130.49931
-1351130.49931
-1351130.49931
-1351130.49931
-1351130.49931
-1351130.49931
-1351130.49931
-1351130.49931
-1351130.49931
-1351130.49931
-1351130.49931
-1351130.49931
-1351130.49931
-1351130.49931
-1351130.49931
-1351130.49931
-1351130.49931
-1351130.49931
-1351130.49931
-1351130.49931
-1351130.49931
-1351130.49931
-1351130.49931
-1351130.49931
-1351130.49931
-1351130.49931
-1351130.49931
-1351130.49931
-1351130.49931
-1351130.49931
-1351130.49931
-1351130.49931
-1351130.49931
-1351130.49931
-1351130.49931
-1351130.49931
-1351130.49931
-1351130.49931
-1351130.49931
-1351130.49931
-1351130.49931
-1351130.49931
-1351130.49931
-1351130.49931
-1351130.49931
-1351130.49931
-1351130.49931
-1351130.49931
-1351130.49931
-1351130.49931
-1351130.49931
-1351130.49931
-1351130.49931
-1351130.49931
-1351130.49931
-1351130.49931
-1351130.49931
-1351130.49931
-1351130.49931
-1351130.49931
-1351130.49931
-1351130.49931
-1351130.49931
-1351130.49931
-1351130.49931
-1351130.49931
-1351130.49931
-1351130.49931
-1351130.49931
-1351130.49931
-1351130.49931
-1351130.49931
-1351130.49931
-1351130.49931
-1351130.49931
-1351130.49931
-1351130.49931
-1351130.49931
-1351130.49931
-1351130.49931
-1351130.49931
-1351130.49931
-1351130.49931
-1351130.49931
-1351130.49931
-1351130.49931
-1351130.49931
-1351130.49931
-1351130.49931
