-1101528.94329
-1292665.78439
-1320477.86164
-1320477.86164
-1322952.12465
-1322952.12465
-1325777.77606
-1325777.77606
-1341608.80788
-1341608.80788
-1341608.80788
-1341608.80788
-1341608.80788
-1341608.80788
-1341608.80788
-1341608.80788
-1341608.80788
-1341608.80788
-1341608.80788
-1341608.80788
-1341608.80788
-1341608.80788
-1341608.80788
-1341608.80788
-1341608.80788
-1341608.80788
-1341608.80788
-1342075.88186
-1342075.88186
-1342075.88186
-1342075.88186
-1342075.88186
-1342075.88186
-1342075.88186
-1342075.88186
-1342075.88186
-1342075.88186
-1342075.88186
-1342075.88186
-1342075.88186
-1342075.88186
-1342075.88186
-1342075.88186
-1342075.88186
-1342075.88186
-1342075.88186
-1342075.88186
-1342075.88186
-1342075.88186
-1342075.88186
-1342075.88186
-1342075.88186
-1342075.88186
-1342075.88186
-1342075.88186
-1342075.88186
-1342075.88186
-1342075.88186
-1342075.88186
-1342075.88186
-1342075.88186
-1342075.88186
-1342075.88186
-1342075.88186
-1342075.88186
-1342075.88186
-1342075.88186
-1342075.88186
-1342075.88186
-1342075.88186
-1342075.88186
-1342075.88186
-1342075.88186
-1342075.88186
-1342075.88186
-1342075.88186
-1342075.88186
-1342075.88186
-1342075.88186
-1342075.88186
-1342075.88186
-1342075.88186
-1342075.88186
-1342075.88186
-1342075.88186
-1342075.88186
-1342075.88186
-1342075.88186
-1342075.88186
-1342075.88186
-1342075.88186
-1342075.88186
-1342075.88186
-1342075.88186
-1342075.88186
-1342075.88186
-1342075.88186
-1342075.88186
-1342075.88186
-1342075.88186
-1342075.88186
-1342075.88186
-1342075.88186
-1342075.88186
-1342075.88186
-1342075.88186
-1342075.88186
-1342075.88186
-1342075.88186
-1342075.88186
-1342075.88186
-1342075.88186
-1342075.88186
-1342075.88186
-1342075.88186
-1342075.88186
-1342075.88186
-1342075.88186
-1342075.88186
-1342075.88186
-1342075.88186
-1342075.88186
-1342075.88186
-1342075.88186
-1342075.88186
-1342075.88186
-1342075.88186
-1342075.88186
-1342075.88186
-1342075.88186
-1342075.88186
-1342075.88186
-1342075.88186
-1342075.88186
-1342075.88186
-1342075.88186
-1342075.88186
-1342075.88186
-1342075.88186
-1342075.88186
-1342075.88186
-1342075.88186
-1342075.88186
-1342075.88186
-1342075.88186
-1342075.88186
-1342075.88186
-1342075.88186
-1342075.88186
-1342075.88186
-1342075.88186
-1342075.88186
-1342075.88186
-1342075.88186
-1342075.88186
-1342075.88186
-1342075.88186
-1342075.88186
-1342075.88186
-1342075.88186
-1342075.88186
-1342075.88186
-1342075.88186
-1342075.88186
-1342075.88186
-1342075.88186
-1342075.88186
-1342075.88186
-1342075.88186
-1342075.88186
-1342075.88186
-1342075.88186
-1342075.88186
-1342075.88186
-1342075.88186
-1342075.88186
-1342075.88186
-1342075.88186
-1342075.88186
-1342075.88186
-1342075.88186
-1342075.88186
-1342075.88186
-1342075.88186
-1342075.88186
-1342075.88186
-1342075.88186
-1342075.88186
-1342075.88186
-1342075.88186
-1342075.88186
-1342075.88186
-1342075.88186
-1342075.88186
-1342075.88186
-1342075.88186
-1342075.88186
-1343220.80474
-1343220.80474
-1343220.80474
-1343220.80474
-1343220.80474
-1343220.80474
-1343220.80474
-1343220.80474
-1343220.80474
-1343220.80474
-1343220.80474
-1343220.80474
-1343220.80474
-1343220.80474
-1343220.80474
-1343220.80474
-1343220.80474
-1343220.80474
-1343220.80474
-1343220.80474
-1343220.80474
-1343220.80474
-1343220.80474
-1343220.80474
-1343220.80474
-1343220.80474
-1343220.80474
-1343220.80474
-1343220.80474
-1343220.80474
-1343220.80474
-1343220.80474
-1343220.80474
-1343220.80474
-1343220.80474
-1343220.80474
-1343220.80474
-1343220.80474
-1343220.80474
-1343220.80474
-1343220.80474
-1343220.80474
-1343220.80474
-1343220.80474
-1343220.80474
-1343220.80474
-1343220.80474
-1343220.80474
-1343220.80474
-1343220.80474
-1343220.80474
-1343220.80474
-1343220.80474
-1343220.80474
-1343220.80474
-1343220.80474
-1343220.80474
-1343220.80474
-1343220.80474
-1343220.80474
-1343220.80474
-1343220.80474
-1343220.80474
-1343220.80474
-1343220.80474
-1343220.80474
-1343220.80474
-1343220.80474
-1343220.80474
-1343220.80474
-1343220.80474
-1343220.80474
-1343220.80474
-1343220.80474
-1343220.80474
-1343220.80474
-1343220.80474
-1343220.80474
-1343220.80474
-1343220.80474
-1343220.80474
-1343220.80474
-1343220.80474
-1343220.80474
-1343220.80474
-1343220.80474
-1343220.80474
-1343220.80474
-1343220.80474
-1343220.80474
-1343220.80474
-1343220.80474
-1343220.80474
-1343220.80474
-1343220.80474
-1343220.80474
-1343220.80474
-1343220.80474
-1343220.80474
-1343220.80474
-1343220.80474
-1343220.80474
-1343220.80474
