-1084953.97069
-1278408.2922
-1306478.63371
-1318876.10455
-1318876.10455
-1330922.3933
-1330922.3933
-1330922.3933
-1330922.3933
-1330922.3933
-1330922.3933
-1330922.3933
-1330922.3933
-1330922.3933
-1330922.3933
-1330922.3933
-1330922.3933
-1330922.3933
-1331451.90448
-1331451.90448
-1331451.90448
-1331451.90448
-1331451.90448
-1331451.90448
-1331451.90448
-1331451.90448
-1331451.90448
-1331451.90448
-1331451.90448
-1331451.90448
-1331451.90448
-1331451.90448
-1331451.90448
-1331451.90448
-1331451.90448
-1331451.90448
-1331451.90448
-1331451.90448
-1331451.90448
-1338956.08898
-1338956.08898
-1338956.08898
-1338956.08898
-1338956.08898
-1338956.08898
-1338956.08898
-1340316.70448
-1340316.70448
-1340316.70448
-1340316.70448
-1340316.70448
-1340316.70448
-1340316.70448
-1340316.70448
-1340316.70448
-1340316.70448
-1340316.70448
-1340316.70448
-1340316.70448
-1340316.70448
-1340316.70448
-1340316.70448
-1340316.70448
-1340316.70448
-1340316.70448
-1340316.70448
-1340316.70448
-1340316.70448
-1340316.70448
-1340316.70448
-1340316.70448
-1340316.70448
-1340316.70448
-1340316.70448
-1340316.70448
-1340316.70448
-1340316.70448
-1340316.70448
-1340316.70448
-1340316.70448
-1340316.70448
-1340316.70448
-1340316.70448
-1340316.70448
-1340316.70448
-1340316.70448
-1340316.70448
-1340316.70448
-1340316.70448
-1340316.70448
-1340316.70448
-1340316.70448
-1340316.70448
-1340316.70448
-1340316.70448
-1340316.70448
-1340316.70448
-1340316.70448
-1340316.70448
-1340316.70448
-1340316.70448
-1340316.70448
-1340316.70448
-1340316.70448
-1340316.70448
-1340316.70448
-1340316.70448
-1340316.70448
-1340316.70448
-1340316.70448
-1340316.70448
-1340316.70448
-1340316.70448
-1340316.70448
-1340316.70448
-1340316.70448
-1340316.70448
-1340316.70448
-1340316.70448
-1340316.70448
-1340316.70448
-1340316.70448
-1340316.70448
-1340316.70448
-1340316.70448
-1340316.70448
-1340316.70448
-1340316.70448
-1340316.70448
-1340316.70448
-1340316.70448
-1340316.70448
-1340316.70448
-1340316.70448
-1340316.70448
-1340316.70448
-1340316.70448
-1340316.70448
-1340316.70448
-1340316.70448
-1340316.70448
-1340316.70448
-1340316.70448
-1340316.70448
-1340316.70448
-1340316.70448
-1340316.70448
-1340316.70448
-1340316.70448
-1340316.70448
-1340316.70448
-1340316.70448
-1340316.70448
-1352866.85115
-1352866.85115
-1352866.85115
-1352866.85115
-1352866.85115
-1352866.85115
-1352866.85115
-1352866.85115
-1352866.85115
-1352866.85115
-1352866.85115
-1352866.85115
-1352866.85115
-1352866.85115
-1352866.85115
-1352866.85115
-1352866.85115
-1352866.85115
-1352866.85115
-1352866.85115
-1352866.85115
-1352866.85115
-1352866.85115
-1352866.85115
-1352866.85115
-1352866.85115
-1352866.85115
-1352866.85115
-1352866.85115
-1352866.85115
-1352866.85115
-1352866.85115
-1352866.85115
-1352866.85115
-1352866.85115
-1352866.85115
-1352866.85115
-1352866.85115
-1352866.85115
-1352866.85115
-1352866.85115
-1352866.85115
-1352866.85115
-1352866.85115
-1352866.85115
-1352866.85115
-1352866.85115
-1352866.85115
-1352866.85115
-1352866.85115
-1352866.85115
-1352866.85115
-1352866.85115
-1352866.85115
-1352866.85115
-1352866.85115
-1352866.85115
-1352866.85115
-1352866.85115
-1352866.85115
-1352866.85115
-1352866.85115
-1352866.85115
-1352866.85115
-1352866.85115
-1352866.85115
-1352866.85115
-1352866.85115
-1352866.85115
-1352866.85115
-1352866.85115
-1352866.85115
-1352866.85115
-1352866.85115
-1352866.85115
-1352866.85115
-1352866.85115
-1352866.85115
-1352866.85115
-1352866.85115
-1352866.85115
-1352866.85115
-1352866.85115
-1352866.85115
-1352866.85115
-1352866.85115
-1352866.85115
-1352866.85115
-1352866.85115
-1352866.85115
-1352866.85115
-1352866.85115
-1352866.85115
-1352866.85115
-1352866.85115
-1352866.85115
-1352866.85115
-1352866.85115
-1352866.85115
-1352866.85115
-1352866.85115
-1352866.85115
-1352866.85115
-1352866.85115
-1352866.85115
-1352866.85115
-1352866.85115
-1352866.85115
-1352866.85115
-1352866.85115
-1352866.85115
-1352866.85115
-1352866.85115
-1352866.85115
-1352866.85115
-1352866.85115
-1352866.85115
-1352866.85115
-1352866.85115
-1352866.85115
-1352866.85115
-1352866.85115
-1352866.85115
-1352866.85115
-1352866.85115
-1352866.85115
-1352866.85115
-1352866.85115
-1352866.85115
-1352866.85115
-1352866.85115
-1352866.85115
-1352866.85115
-1352866.85115
-1352866.85115
-1352866.85115
-1352866.85115
-1352866.85115
-1352866.85115
-1352866.85115
-1352866.85115
-1352866.85115
-1352866.85115
-1352866.85115
-1352866.85115
-1352866.85115
-1352866.85115
