-1141188.65688
-1301269.79912
-1302684.29324
-1314611.80473
-1353744.75045
-1353744.75045
-1353744.75045
-1353744.75045
-1353744.75045
-1353744.75045
-1353744.75045
-1353744.75045
-1353744.75045
-1353744.75045
-1353744.75045
-1353744.75045
-1353744.75045
-1353744.75045
-1353744.75045
-1353744.75045
-1353744.75045
-1353744.75045
-1353744.75045
-1353744.75045
-1353744.75045
-1353744.75045
-1353744.75045
-1353744.75045
-1353744.75045
-1353744.75045
-1353744.75045
-1353744.75045
-1353744.75045
-1353744.75045
-1353744.75045
-1353744.75045
-1353744.75045
-1353744.75045
-1353744.75045
-1353744.75045
-1353744.75045
-1353744.75045
-1353744.75045
-1353744.75045
-1353744.75045
-1353744.75045
-1353744.75045
-1353744.75045
-1353744.75045
-1353744.75045
-1353744.75045
-1353744.75045
-1353744.75045
-1353744.75045
-1353744.75045
-1353744.75045
-1358297.14157
-1358297.14157
-1358297.14157
-1358297.14157
-1358297.14157
-1358297.14157
-1358297.14157
-1358297.14157
-1358297.14157
-1358297.14157
-1358297.14157
-1358297.14157
-1358297.14157
-1358297.14157
-1358297.14157
-1358297.14157
-1358297.14157
-1358297.14157
-1358297.14157
-1358297.14157
-1358297.14157
-1358297.14157
-1358297.14157
-1358297.14157
-1358297.14157
-1358297.14157
-1358297.14157
-1358297.14157
-1358297.14157
-1358297.14157
-1358297.14157
-1358297.14157
-1358297.14157
-1358297.14157
-1358297.14157
-1358297.14157
-1358297.14157
-1358297.14157
-1358297.14157
-1358297.14157
-1358297.14157
-1358297.14157
-1358297.14157
-1358297.14157
-1358297.14157
-1358297.14157
-1358297.14157
-1358297.14157
-1358297.14157
-1358297.14157
-1358297.14157
-1358297.14157
-1358297.14157
-1358297.14157
-1358297.14157
-1358297.14157
-1358297.14157
-1358297.14157
-1358297.14157
-1358297.14157
-1358297.14157
-1358297.14157
-1358297.14157
-1358297.14157
-1358297.14157
-1358297.14157
-1358297.14157
-1358297.14157
-1358297.14157
-1358297.14157
-1358297.14157
-1358297.14157
-1358297.14157
-1358297.14157
-1358297.14157
-1358297.14157
-1358297.14157
-1358297.14157
-1358297.14157
-1358297.14157
-1358297.14157
-1358297.14157
-1358297.14157
-1358297.14157
-1358297.14157
-1358297.14157
-1358297.14157
-1358297.14157
-1358297.14157
-1358297.14157
-1358297.14157
-1358297.14157
-1358297.14157
-1358297.14157
-1358297.14157
-1358297.14157
-1358297.14157
-1358297.14157
-1358297.14157
-1358297.14157
-1358297.14157
-1358297.14157
-1358297.14157
-1358297.14157
-1358297.14157
-1358297.14157
-1358297.14157
-1358297.14157
-1358297.14157
-1358297.14157
-1358297.14157
-1358297.14157
-1358297.14157
-1358297.14157
-1358297.14157
-1358297.14157
-1358297.14157
-1358297.14157
-1358297.14157
-1358297.14157
-1358297.14157
-1358297.14157
-1358297.14157
-1358297.14157
-1358297.14157
-1358297.14157
-1358297.14157
-1358297.14157
-1358297.14157
-1358297.14157
-1358297.14157
-1358297.14157
-1358297.14157
-1358297.14157
-1358297.14157
-1358297.14157
-1358297.14157
-1358297.14157
-1358297.14157
-1358297.14157
-1358297.14157
-1358297.14157
-1358297.14157
-1358297.14157
-1358297.14157
-1358297.14157
-1358297.14157
-1358297.14157
-1358297.14157
-1358297.14157
-1358297.14157
-1358297.14157
-1358297.14157
-1358297.14157
-1358297.14157
-1358297.14157
-1358297.14157
-1358297.14157
-1358297.14157
-1358297.14157
-1358297.14157
-1358297.14157
-1358297.14157
-1358297.14157
-1358297.14157
-1358297.14157
-1358297.14157
-1358297.14157
-1358297.14157
-1358297.14157
-1358297.14157
-1358297.14157
-1358297.14157
-1358297.14157
-1358297.14157
-1358297.14157
-1358297.14157
-1358297.14157
-1358297.14157
-1358297.14157
-1358297.14157
-1358297.14157
-1358297.14157
-1358297.14157
-1358297.14157
-1358297.14157
-1358297.14157
-1358297.14157
-1358297.14157
-1358297.14157
-1358297.14157
-1358297.14157
-1358297.14157
-1358297.14157
-1358297.14157
-1358297.14157
-1358297.14157
-1358297.14157
-1358297.14157
-1358297.14157
-1358297.14157
-1358297.14157
-1358297.14157
-1358297.14157
-1358297.14157
-1358297.14157
-1358297.14157
-1358297.14157
-1358297.14157
-1358297.14157
-1358297.14157
-1358297.14157
-1358297.14157
-1358297.14157
-1358297.14157
-1358297.14157
-1358297.14157
-1358297.14157
-1358297.14157
-1358297.14157
-1358297.14157
-1358297.14157
-1358297.14157
-1358297.14157
-1358297.14157
-1358297.14157
-1358297.14157
-1358297.14157
-1358297.14157
-1358297.14157
-1358297.14157
-1358297.14157
-1358297.14157
-1358297.14157
-1358297.14157
-1358297.14157
-1358297.14157
-1358297.14157
-1358297.14157
-1358297.14157
-1358297.14157
-1358297.14157
-1358297.14157
-1358297.14157
