-1098717.577
-1278149.66041
-1301978.70894
-1310584.14339
-1321242.1867
-1321242.1867
-1328957.76938
-1328957.76938
-1328957.76938
-1330144.21355
-1330144.21355
-1330144.21355
-1330144.21355
-1331388.00218
-1331388.00218
-1331388.00218
-1331388.00218
-1337224.58568
-1337224.58568
-1337224.58568
-1337224.58568
-1337224.58568
-1337224.58568
-1337224.58568
-1337224.58568
-1337224.58568
-1337224.58568
-1337224.58568
-1337224.58568
-1337224.58568
-1337224.58568
-1337224.58568
-1337224.58568
-1337224.58568
-1337224.58568
-1337224.58568
-1337224.58568
-1337224.58568
-1337224.58568
-1337224.58568
-1337224.58568
-1337224.58568
-1344421.02851
-1344421.02851
-1344421.02851
-1344421.02851
-1344421.02851
-1344421.02851
-1344421.02851
-1344421.02851
-1344421.02851
-1344421.02851
-1344421.02851
-1344421.02851
-1344421.02851
-1344421.02851
-1344421.02851
-1344421.02851
-1344421.02851
-1344421.02851
-1344421.02851
-1344421.02851
-1344421.02851
-1344421.02851
-1344421.02851
-1344421.02851
-1344421.02851
-1344421.02851
-1344421.02851
-1344421.02851
-1344421.02851
-1344421.02851
-1344421.02851
-1344421.02851
-1344421.02851
-1344421.02851
-1344421.02851
-1344421.02851
-1344421.02851
-1344421.02851
-1344421.02851
-1344421.02851
-1344421.02851
-1344421.02851
-1344421.02851
-1344421.02851
-1344421.02851
-1344421.02851
-1344421.02851
-1344421.02851
-1344421.02851
-1344421.02851
-1344421.02851
-1344421.02851
-1344421.02851
-1344421.02851
-1344421.02851
-1344421.02851
-1344421.02851
-1344421.02851
-1344421.02851
-1344421.02851
-1344421.02851
-1344421.02851
-1344421.02851
-1344421.02851
-1344421.02851
-1344421.02851
-1344902.52347
-1344902.52347
-1344902.52347
-1344902.52347
-1344902.52347
-1344902.52347
-1344902.52347
-1344902.52347
-1344902.52347
-1344902.52347
-1344902.52347
-1344902.52347
-1344902.52347
-1344902.52347
-1344902.52347
-1344902.52347
-1344902.52347
-1344902.52347
-1344902.52347
-1344902.52347
-1344902.52347
-1344902.52347
-1344902.52347
-1344902.52347
-1344902.52347
-1344902.52347
-1344902.52347
-1344902.52347
-1344902.52347
-1344902.52347
-1344902.52347
-1344902.52347
-1344902.52347
-1344902.52347
-1344902.52347
-1344902.52347
-1344902.52347
-1344902.52347
-1344902.52347
-1344902.52347
-1344902.52347
-1344902.52347
-1344902.52347
-1344902.52347
-1344902.52347
-1344902.52347
-1344902.52347
-1344902.52347
-1344902.52347
-1344902.52347
-1344902.52347
-1344902.52347
-1344902.52347
-1344902.52347
-1344902.52347
-1344902.52347
-1344902.52347
-1344902.52347
-1344902.52347
-1344902.52347
-1344902.52347
-1344902.52347
-1344902.52347
-1344902.52347
-1344902.52347
-1344902.52347
-1344902.52347
-1344902.52347
-1344902.52347
-1344902.52347
-1344902.52347
-1344902.52347
-1344902.52347
-1344902.52347
-1344902.52347
-1344902.52347
-1344902.52347
-1344902.52347
-1344902.52347
-1344902.52347
-1344902.52347
-1344902.52347
-1344902.52347
-1344902.52347
-1344902.52347
-1344902.52347
-1344902.52347
-1344902.52347
-1344902.52347
-1344902.52347
-1344902.52347
-1344902.52347
-1344902.52347
-1344902.52347
-1344902.52347
-1344902.52347
-1344902.52347
-1344902.52347
-1344902.52347
-1344902.52347
-1344902.52347
-1344902.52347
-1344902.52347
-1344902.52347
-1344902.52347
-1344902.52347
-1344902.52347
-1344902.52347
-1344902.52347
-1344902.52347
-1344902.52347
-1344902.52347
-1344902.52347
-1344902.52347
-1344902.52347
-1344902.52347
-1344902.52347
-1344902.52347
-1344902.52347
-1344902.52347
-1344902.52347
-1344902.52347
-1344902.52347
-1344902.52347
-1344902.52347
-1344902.52347
-1344902.52347
-1344902.52347
-1344902.52347
-1344902.52347
-1344902.52347
-1344902.52347
-1344902.52347
-1344902.52347
-1344902.52347
-1344902.52347
-1344902.52347
-1344902.52347
-1344902.52347
-1344902.52347
-1344902.52347
-1344902.52347
-1344902.52347
-1344902.52347
-1344902.52347
-1344902.52347
-1344902.52347
-1344902.52347
-1344902.52347
-1344902.52347
-1344902.52347
-1344902.52347
-1344902.52347
-1345496.53359
-1345496.53359
-1345496.53359
-1345496.53359
-1345496.53359
-1345496.53359
-1345496.53359
-1345496.53359
-1345496.53359
-1345496.53359
-1345496.53359
-1345496.53359
-1345496.53359
-1345496.53359
-1345496.53359
-1345496.53359
-1345496.53359
-1345496.53359
-1345496.53359
-1345496.53359
-1345496.53359
-1345496.53359
-1345496.53359
-1345496.53359
-1345496.53359
-1345496.53359
-1345496.53359
-1345496.53359
-1345496.53359
-1345496.53359
-1345496.53359
-1345496.53359
-1345496.53359
-1345496.53359
-1345496.53359
-1345496.53359
-1345496.53359
-1345496.53359
-1345496.53359
