-1110594.66724
-1273598.50656
-1310102.92631
-1314580.0487
-1330592.49749
-1334129.08347
-1334129.08347
-1334129.08347
-1334129.08347
-1334601.45527
-1334601.45527
-1334601.45527
-1334601.45527
-1334601.45527
-1334601.45527
-1334601.45527
-1334601.45527
-1334601.45527
-1334601.45527
-1334601.45527
-1334601.45527
-1334601.45527
-1334601.45527
-1334601.45527
-1334601.45527
-1334601.45527
-1334601.45527
-1334601.45527
-1334601.45527
-1334601.45527
-1334601.45527
-1334601.45527
-1334601.45527
-1334601.45527
-1334601.45527
-1334601.45527
-1334601.45527
-1334601.45527
-1334601.45527
-1334601.45527
-1334601.45527
-1334601.45527
-1334601.45527
-1334601.45527
-1334601.45527
-1334601.45527
-1334601.45527
-1334601.45527
-1334601.45527
-1334601.45527
-1334601.45527
-1334601.45527
-1334601.45527
-1334601.45527
-1334601.45527
-1334783.85153
-1334783.85153
-1334783.85153
-1334783.85153
-1334783.85153
-1334783.85153
-1334783.85153
-1334783.85153
-1334783.85153
-1334783.85153
-1334783.85153
-1334783.85153
-1334783.85153
-1334783.85153
-1334783.85153
-1334783.85153
-1334783.85153
-1334783.85153
-1334783.85153
-1334783.85153
-1334783.85153
-1334783.85153
-1334783.85153
-1334783.85153
-1334783.85153
-1334783.85153
-1334783.85153
-1334783.85153
-1334783.85153
-1334783.85153
-1334783.85153
-1334783.85153
-1334783.85153
-1334783.85153
-1334783.85153
-1334783.85153
-1337804.95825
-1337804.95825
-1337804.95825
-1337804.95825
-1337804.95825
-1337804.95825
-1337804.95825
-1337804.95825
-1337804.95825
-1337804.95825
-1337804.95825
-1345087.00314
-1345087.00314
-1345087.00314
-1345087.00314
-1345087.00314
-1345087.00314
-1345087.00314
-1345087.00314
-1345087.00314
-1345087.00314
-1345087.00314
-1345087.00314
-1345087.00314
-1345087.00314
-1345087.00314
-1345087.00314
-1345087.00314
-1345087.00314
-1345087.00314
-1345087.00314
-1345087.00314
-1345087.00314
-1345087.00314
-1345087.00314
-1345087.00314
-1345087.00314
-1345087.00314
-1345087.00314
-1345087.00314
-1345087.00314
-1345087.00314
-1345087.00314
-1345087.00314
-1345087.00314
-1345087.00314
-1345087.00314
-1345087.00314
-1345087.00314
-1345087.00314
-1345087.00314
-1345087.00314
-1345087.00314
-1345087.00314
-1345087.00314
-1345087.00314
-1345087.00314
-1345087.00314
-1345087.00314
-1345087.00314
-1345087.00314
-1345087.00314
-1345087.00314
-1345087.00314
-1345087.00314
-1345087.00314
-1345087.00314
-1345087.00314
-1345087.00314
-1345087.00314
-1345087.00314
-1345087.00314
-1345087.00314
-1345087.00314
-1345087.00314
-1345087.00314
-1345087.00314
-1345087.00314
-1345087.00314
-1345087.00314
-1345087.00314
-1345087.00314
-1345087.00314
-1345087.00314
-1345087.00314
-1345087.00314
-1345087.00314
-1345087.00314
-1345087.00314
-1345087.00314
-1345087.00314
-1345087.00314
-1345087.00314
-1345087.00314
-1345087.00314
-1345087.00314
-1345087.00314
-1345087.00314
-1345087.00314
-1345087.00314
-1345087.00314
-1345087.00314
-1345087.00314
-1345087.00314
-1345087.00314
-1345087.00314
-1345087.00314
-1345087.00314
-1345087.00314
-1345087.00314
-1345087.00314
-1345087.00314
-1345087.00314
-1345087.00314
-1345087.00314
-1345087.00314
-1345087.00314
-1345087.00314
-1345087.00314
-1345087.00314
-1345087.00314
-1345087.00314
-1345087.00314
-1345087.00314
-1345087.00314
-1345087.00314
-1345087.00314
-1345087.00314
-1345087.00314
-1345087.00314
-1345087.00314
-1345087.00314
-1345087.00314
-1345087.00314
-1345087.00314
-1345087.00314
-1345087.00314
-1345087.00314
-1345087.00314
-1345087.00314
-1345087.00314
-1345087.00314
-1345087.00314
-1345087.00314
-1345087.00314
-1345087.00314
-1345087.00314
-1345087.00314
-1345087.00314
-1345087.00314
-1345087.00314
-1345087.00314
-1345087.00314
-1345087.00314
-1345087.00314
-1345087.00314
-1345087.00314
-1345087.00314
-1345087.00314
-1345087.00314
-1345087.00314
-1345087.00314
-1345087.00314
-1345087.00314
-1345087.00314
-1345087.00314
-1345087.00314
-1345087.00314
-1345087.00314
-1345087.00314
-1345087.00314
-1345087.00314
-1345087.00314
-1345087.00314
-1345087.00314
-1345087.00314
-1345087.00314
-1345087.00314
-1345087.00314
-1345087.00314
-1345087.00314
-1345087.00314
-1345087.00314
-1345087.00314
-1345087.00314
-1345087.00314
-1345087.00314
-1345087.00314
-1345087.00314
-1345087.00314
-1345087.00314
-1345087.00314
-1345087.00314
-1345087.00314
-1345087.00314
-1345087.00314
-1346503.94439
-1346503.94439
-1346503.94439
-1346503.94439
-1346503.94439
-1346503.94439
-1346503.94439
-1346503.94439
-1346503.94439
-1346503.94439
-1346503.94439
-1346503.94439
-1346503.94439
