-330348.232668
-351054.184408
-364749.150167
-364796.312696
-368006.17378
-368006.17378
-368006.17378
-368006.17378
-370136.273634
-370136.273634
-372137.133012
-375469.371472
-375469.371472
-375553.9684
-375553.9684
-375553.9684
-378246.796931
-378246.796931
-378246.796931
-378246.796931
-378246.796931
-378246.796931
-378246.796931
-378246.796931
-378246.796931
-378246.796931
-378246.796931
-378246.796931
-378246.796931
-378246.796931
-378246.796931
-378246.796931
-378246.796931
-378246.796931
-378246.796931
-378246.796931
-378246.796931
-378246.796931
-378246.796931
-378784.142957
-378784.142957
-378784.142957
-378784.142957
-378784.142957
-378784.142957
-378784.142957
-378784.142957
-378784.142957
-378784.142957
-378784.142957
-378784.142957
-378784.142957
-378784.142957
-378784.142957
-378784.142957
-378784.142957
-378784.142957
-378784.142957
-378784.142957
-378870.071825
-378870.071825
-378870.071825
-378870.071825
-378870.071825
-378870.071825
-378870.071825
-378870.071825
-378870.071825
-378870.071825
-378870.071825
-378870.071825
-378870.071825
-378870.071825
-378870.071825
-382118.89456
-382118.89456
-382118.89456
-382118.89456
-382118.89456
-382118.89456
-382118.89456
-382118.89456
-382118.89456
-382118.89456
-382118.89456
-382118.89456
-382118.89456
-382118.89456
-382118.89456
-382118.89456
-382118.89456
-382118.89456
-382144.465055
-382144.465055
-382144.465055
-382144.465055
-382144.465055
-382144.465055
-382144.465055
-382144.465055
-382144.465055
-382144.465055
-382144.465055
-382144.465055
-382144.465055
-382144.465055
-382144.465055
-382144.465055
-382144.465055
-382144.465055
-382144.465055
-382144.465055
-382144.465055
-382144.465055
-382144.465055
-382144.465055
-382144.465055
-382144.465055
-382144.465055
-382144.465055
-382144.465055
-382144.465055
-382144.465055
-382144.465055
-382144.465055
-382144.465055
-382144.465055
-382144.465055
-382144.465055
-382144.465055
-382144.465055
-382144.465055
-382144.465055
-382144.465055
-382144.465055
-382144.465055
-382144.465055
-382144.465055
-382144.465055
-382144.465055
-382144.465055
-382144.465055
-382144.465055
-382144.465055
-382144.465055
-382144.465055
-382144.465055
-382144.465055
-382144.465055
-382144.465055
-382144.465055
-382144.465055
-382144.465055
-382144.465055
-382144.465055
-382144.465055
-382144.465055
-382144.465055
-382144.465055
-382144.465055
-382144.465055
-382144.465055
-382144.465055
-382144.465055
-382144.465055
-382144.465055
-382144.465055
-382144.465055
-382144.465055
-382144.465055
-382144.465055
-382144.465055
-382144.465055
-382144.465055
-382144.465055
-382144.465055
-382144.465055
-382144.465055
-382144.465055
-382144.465055
-382144.465055
-382144.465055
-382144.465055
-382144.465055
-382144.465055
-382144.465055
-382144.465055
-382144.465055
-382144.465055
-382144.465055
-382144.465055
-382144.465055
-382144.465055
-382144.465055
-382144.465055
-382144.465055
-382144.465055
-382144.465055
-382144.465055
-382144.465055
