-1138612.8422
-1280350.01372
-1303843.13841
-1303843.13841
-1318776.89615
-1319404.96194
-1319490.58922
-1319490.58922
-1326748.13489
-1326748.13489
-1326842.44533
-1326842.44533
-1326842.44533
-1327409.58294
-1327409.58294
-1327409.58294
-1327409.58294
-1327409.58294
-1327409.58294
-1336311.87316
-1336311.87316
-1336311.87316
-1336311.87316
-1336311.87316
-1336311.87316
-1336311.87316
-1336311.87316
-1336311.87316
-1336311.87316
-1336311.87316
-1336311.87316
-1336311.87316
-1336311.87316
-1336311.87316
-1336311.87316
-1336311.87316
-1336311.87316
-1336311.87316
-1336311.87316
-1336311.87316
-1336311.87316
-1336311.87316
-1336311.87316
-1336311.87316
-1336311.87316
-1336311.87316
-1336311.87316
-1337010.29537
-1337010.29537
-1337010.29537
-1348080.77294
-1348080.77294
-1348080.77294
-1348080.77294
-1348080.77294
-1348080.77294
-1348080.77294
-1348080.77294
-1348080.77294
-1348080.77294
-1348080.77294
-1348080.77294
-1348080.77294
-1348080.77294
-1348080.77294
-1348080.77294
-1348080.77294
-1348080.77294
-1348080.77294
-1348080.77294
-1348080.77294
-1348080.77294
-1348080.77294
-1348080.77294
-1348080.77294
-1348080.77294
-1348080.77294
-1348080.77294
-1348080.77294
-1348080.77294
-1348080.77294
-1348080.77294
-1348080.77294
-1348080.77294
-1348080.77294
-1348080.77294
-1348080.77294
-1348080.77294
-1348080.77294
-1348080.77294
-1348080.77294
-1348080.77294
-1348080.77294
-1348080.77294
-1348080.77294
-1348080.77294
-1348080.77294
-1348080.77294
-1348080.77294
-1348080.77294
-1348080.77294
-1348080.77294
-1348080.77294
-1348080.77294
-1348080.77294
-1348080.77294
-1348080.77294
-1348080.77294
-1348080.77294
-1348080.77294
-1348080.77294
-1348080.77294
-1348080.77294
-1348080.77294
-1348080.77294
-1348080.77294
-1348080.77294
-1348080.77294
-1348080.77294
-1348080.77294
-1348080.77294
-1348080.77294
-1348080.77294
-1348080.77294
-1348080.77294
-1348080.77294
-1348080.77294
-1348080.77294
-1348080.77294
-1348080.77294
-1348080.77294
-1348080.77294
-1348080.77294
-1348080.77294
-1348080.77294
-1348080.77294
-1348080.77294
-1348080.77294
-1348080.77294
-1348080.77294
-1348080.77294
-1348080.77294
-1348080.77294
-1348080.77294
-1348080.77294
-1348080.77294
-1348080.77294
-1348080.77294
-1348080.77294
-1348080.77294
-1348080.77294
-1348080.77294
-1348080.77294
-1348080.77294
-1348080.77294
-1348080.77294
-1348080.77294
-1348080.77294
-1348080.77294
-1348080.77294
-1348080.77294
-1348080.77294
-1348080.77294
-1348080.77294
-1348080.77294
-1348080.77294
-1348080.77294
-1348080.77294
-1348080.77294
-1348080.77294
-1348080.77294
-1348080.77294
-1348080.77294
-1348080.77294
-1348080.77294
-1348080.77294
-1348080.77294
-1348080.77294
-1348080.77294
-1348080.77294
-1348080.77294
-1348080.77294
-1348080.77294
-1348080.77294
-1348080.77294
-1348080.77294
-1348080.77294
-1348080.77294
-1348080.77294
-1348080.77294
-1348080.77294
-1348080.77294
-1348080.77294
-1348080.77294
-1348080.77294
-1348080.77294
-1348080.77294
-1348080.77294
-1348080.77294
-1348080.77294
-1348080.77294
-1348080.77294
-1348080.77294
-1348080.77294
-1348080.77294
-1348080.77294
-1348080.77294
-1348080.77294
-1348080.77294
-1348080.77294
-1348080.77294
-1348080.77294
-1348080.77294
-1348080.77294
-1348080.77294
-1348080.77294
-1348080.77294
-1348080.77294
-1348080.77294
-1348080.77294
-1348080.77294
-1348080.77294
-1348080.77294
-1348080.77294
-1348080.77294
-1348080.77294
-1348080.77294
-1348080.77294
-1348080.77294
-1348080.77294
-1348080.77294
-1348080.77294
-1348080.77294
-1348080.77294
-1348080.77294
-1348080.77294
-1348080.77294
-1348080.77294
-1348080.77294
-1348080.77294
-1348080.77294
-1348080.77294
-1348080.77294
-1348080.77294
-1348080.77294
-1348080.77294
-1348080.77294
-1348080.77294
-1348080.77294
-1348080.77294
-1348080.77294
-1348080.77294
-1348080.77294
-1348080.77294
-1348080.77294
-1348080.77294
-1348080.77294
-1348080.77294
-1348080.77294
-1348080.77294
-1348080.77294
-1348080.77294
-1348080.77294
-1348080.77294
-1348080.77294
-1348080.77294
-1348080.77294
-1348080.77294
-1348080.77294
-1348080.77294
-1348080.77294
-1348080.77294
-1348080.77294
-1348080.77294
-1348080.77294
-1348080.77294
-1348080.77294
-1348080.77294
-1348080.77294
-1348080.77294
-1348080.77294
-1348080.77294
-1348080.77294
-1348080.77294
-1348080.77294
-1348080.77294
-1348080.77294
-1348080.77294
-1348080.77294
-1348080.77294
-1348080.77294
-1348080.77294
-1348080.77294
-1348080.77294
-1348080.77294
-1348080.77294
-1348080.77294
-1348080.77294
-1348080.77294
-1348080.77294
