-1157395.67517
-1260555.65807
-1335796.1012
-1335796.1012
-1335796.1012
-1335796.1012
-1340510.3862
-1340510.3862
-1340510.3862
-1340510.3862
-1340510.3862
-1340510.3862
-1340510.3862
-1340510.3862
-1340510.3862
-1340510.3862
-1340510.3862
-1340510.3862
-1340510.3862
-1340510.3862
-1340510.3862
-1340510.3862
-1340510.3862
-1340510.3862
-1340510.3862
-1340510.3862
-1340510.3862
-1340510.3862
-1340510.3862
-1340510.3862
-1340598.85652
-1350858.86142
-1350858.86142
-1350858.86142
-1350858.86142
-1350858.86142
-1350858.86142
-1350858.86142
-1350858.86142
-1350858.86142
-1350858.86142
-1350858.86142
-1350858.86142
-1350858.86142
-1350858.86142
-1350858.86142
-1350858.86142
-1350858.86142
-1350858.86142
-1350858.86142
-1350858.86142
-1350858.86142
-1350858.86142
-1350858.86142
-1350858.86142
-1350858.86142
-1350858.86142
-1350858.86142
-1350858.86142
-1350858.86142
-1350858.86142
-1350858.86142
-1350858.86142
-1350858.86142
-1350858.86142
-1350858.86142
-1350858.86142
-1350858.86142
-1350858.86142
-1350858.86142
-1350858.86142
-1350858.86142
-1350858.86142
-1350858.86142
-1350858.86142
-1350858.86142
-1350858.86142
-1350858.86142
-1350858.86142
-1350858.86142
-1350858.86142
-1350858.86142
-1350858.86142
-1350858.86142
-1350858.86142
-1350858.86142
-1350858.86142
-1350858.86142
-1350858.86142
-1350858.86142
-1350858.86142
-1350858.86142
-1350858.86142
-1350858.86142
-1350858.86142
-1350858.86142
-1350858.86142
-1350858.86142
-1350858.86142
-1350858.86142
-1350858.86142
-1350858.86142
-1350858.86142
-1350858.86142
-1350858.86142
-1350858.86142
-1350858.86142
-1350858.86142
-1350858.86142
-1350858.86142
-1350858.86142
-1350858.86142
-1350858.86142
-1350858.86142
-1350858.86142
-1350858.86142
-1350858.86142
-1350858.86142
-1350858.86142
-1350858.86142
-1350858.86142
-1350858.86142
-1350858.86142
-1350858.86142
-1350858.86142
-1350858.86142
-1350858.86142
-1350858.86142
-1350858.86142
-1350858.86142
-1350858.86142
-1350858.86142
-1350858.86142
-1350858.86142
-1350858.86142
-1350858.86142
-1350858.86142
-1350858.86142
-1350858.86142
-1350858.86142
-1350858.86142
-1350858.86142
-1350858.86142
-1350858.86142
-1350858.86142
-1350858.86142
-1350858.86142
-1350858.86142
-1350858.86142
-1350858.86142
-1350858.86142
-1350858.86142
-1350858.86142
-1350858.86142
-1350858.86142
-1350858.86142
-1350858.86142
-1350858.86142
-1350858.86142
-1350858.86142
-1350858.86142
-1350858.86142
-1350858.86142
-1350858.86142
-1350858.86142
-1350858.86142
-1350858.86142
-1350858.86142
-1350858.86142
-1350858.86142
-1350858.86142
-1350858.86142
-1350858.86142
-1350858.86142
-1350858.86142
-1350858.86142
-1350858.86142
-1350858.86142
-1350858.86142
-1350858.86142
-1350858.86142
-1350858.86142
-1350858.86142
-1350858.86142
-1350858.86142
-1350858.86142
-1350858.86142
-1350858.86142
-1350858.86142
-1350858.86142
-1350858.86142
-1350858.86142
-1350858.86142
-1350858.86142
-1350858.86142
-1350858.86142
-1350858.86142
-1350858.86142
-1350858.86142
-1350858.86142
-1350858.86142
-1350858.86142
-1350858.86142
-1350858.86142
-1350858.86142
-1350858.86142
-1350858.86142
-1350858.86142
-1350858.86142
-1350858.86142
-1350858.86142
-1350858.86142
-1350858.86142
-1350858.86142
-1350858.86142
-1350858.86142
-1350858.86142
-1350858.86142
-1351966.49814
-1351966.49814
-1351966.49814
-1351966.49814
-1351966.49814
-1351966.49814
-1351966.49814
-1351966.49814
-1351966.49814
-1351966.49814
-1351966.49814
-1351966.49814
-1351966.49814
-1351966.49814
-1351966.49814
-1351966.49814
-1351966.49814
-1351966.49814
-1351966.49814
-1351966.49814
-1351966.49814
-1351966.49814
-1351966.49814
-1351966.49814
-1351966.49814
-1351966.49814
-1351966.49814
-1351966.49814
-1351966.49814
-1351966.49814
-1351966.49814
-1351966.49814
-1351966.49814
-1351966.49814
-1351966.49814
-1351966.49814
-1351966.49814
-1351966.49814
-1351966.49814
-1351966.49814
-1351966.49814
-1351966.49814
-1351966.49814
-1351966.49814
-1351966.49814
-1351966.49814
-1351966.49814
-1351966.49814
-1351966.49814
-1351966.49814
-1351966.49814
-1351966.49814
-1351966.49814
-1351966.49814
-1351966.49814
-1351966.49814
-1351966.49814
-1351966.49814
-1351966.49814
-1351966.49814
-1351966.49814
-1351966.49814
-1351966.49814
-1351966.49814
-1351966.49814
-1351966.49814
-1351966.49814
-1351966.49814
-1351966.49814
-1351966.49814
-1351966.49814
-1351966.49814
-1351966.49814
-1351966.49814
-1351966.49814
-1351966.49814
-1351966.49814
-1351966.49814
-1351966.49814
-1351966.49814
-1351966.49814
-1351966.49814
