-1099563.44308
-1259408.17394
-1293105.22651
-1305536.34893
-1305536.34893
-1309844.69943
-1311940.38266
-1313513.22128
-1336812.36571
-1336812.36571
-1336812.36571
-1336812.36571
-1336812.36571
-1336812.36571
-1336812.36571
-1336812.36571
-1336812.36571
-1336812.36571
-1336812.36571
-1336812.36571
-1336812.36571
-1336812.36571
-1336812.36571
-1336812.36571
-1336812.36571
-1336812.36571
-1336812.36571
-1336812.36571
-1336812.36571
-1336812.36571
-1336812.36571
-1336812.36571
-1336812.36571
-1336812.36571
-1336812.36571
-1336812.36571
-1336812.36571
-1336812.36571
-1336812.36571
-1336812.36571
-1336812.36571
-1336812.36571
-1336812.36571
-1336812.36571
-1336812.36571
-1336812.36571
-1336812.36571
-1336812.36571
-1336812.36571
-1342423.66553
-1342423.66553
-1342423.66553
-1342423.66553
-1342423.66553
-1342423.66553
-1342423.66553
-1342423.66553
-1342423.66553
-1342423.66553
-1342423.66553
-1342423.66553
-1342423.66553
-1342423.66553
-1342423.66553
-1342423.66553
-1342423.66553
-1342423.66553
-1342423.66553
-1342423.66553
-1342423.66553
-1342423.66553
-1342423.66553
-1348288.81946
-1348288.81946
-1348288.81946
-1348288.81946
-1348288.81946
-1348288.81946
-1348288.81946
-1348288.81946
-1348288.81946
-1348288.81946
-1348288.81946
-1348288.81946
-1348288.81946
-1348288.81946
-1348288.81946
-1348288.81946
-1348288.81946
-1348288.81946
-1348288.81946
-1348288.81946
-1348288.81946
-1348288.81946
-1348288.81946
-1348288.81946
-1348288.81946
-1348288.81946
-1348288.81946
-1348288.81946
-1348288.81946
-1348288.81946
-1348288.81946
-1348288.81946
-1348288.81946
-1348288.81946
-1348288.81946
-1348288.81946
-1348288.81946
-1348288.81946
-1348288.81946
-1348288.81946
-1348288.81946
-1348288.81946
-1348288.81946
-1348288.81946
-1348288.81946
-1348288.81946
-1348288.81946
-1348288.81946
-1348288.81946
-1348288.81946
-1348288.81946
-1348288.81946
-1348288.81946
-1348288.81946
-1348288.81946
-1348288.81946
-1348288.81946
-1348288.81946
-1348288.81946
-1348288.81946
-1348288.81946
-1348288.81946
-1348288.81946
-1348288.81946
-1348288.81946
-1348288.81946
-1348288.81946
-1348288.81946
-1348288.81946
-1348288.81946
-1348288.81946
-1348288.81946
-1348288.81946
-1348288.81946
-1348288.81946
-1348288.81946
-1348288.81946
-1348288.81946
-1348288.81946
-1348288.81946
-1348288.81946
-1348288.81946
-1348288.81946
-1348288.81946
-1348288.81946
-1348288.81946
-1348288.81946
-1348288.81946
-1348288.81946
-1348288.81946
-1348288.81946
-1348288.81946
-1348288.81946
-1348288.81946
-1348288.81946
-1348288.81946
-1348288.81946
-1348288.81946
-1348288.81946
-1348288.81946
-1348288.81946
-1348288.81946
-1348288.81946
-1348288.81946
-1348288.81946
-1348288.81946
-1348288.81946
-1348288.81946
-1348288.81946
-1348288.81946
-1348288.81946
-1348288.81946
-1348288.81946
-1348288.81946
-1348288.81946
-1348288.81946
-1348288.81946
-1348288.81946
-1348288.81946
-1348288.81946
-1348288.81946
-1348288.81946
-1348288.81946
-1348288.81946
-1348288.81946
-1348288.81946
-1348288.81946
-1348288.81946
-1348288.81946
-1348288.81946
-1348288.81946
-1348288.81946
-1348288.81946
-1349398.02537
-1349398.02537
-1349398.02537
-1349398.02537
-1349398.02537
-1349398.02537
-1349398.02537
-1349398.02537
-1349398.02537
-1349398.02537
-1349398.02537
-1349398.02537
-1349398.02537
-1349398.02537
-1349398.02537
-1349398.02537
-1349398.02537
-1349398.02537
-1349398.02537
-1349398.02537
-1349398.02537
-1349398.02537
-1349398.02537
-1349398.02537
-1349398.02537
-1349398.02537
-1349398.02537
-1349398.02537
-1349398.02537
-1349398.02537
-1349398.02537
-1349398.02537
-1349398.02537
-1349398.02537
-1349398.02537
-1349398.02537
-1349398.02537
-1349398.02537
-1349398.02537
-1349398.02537
-1349398.02537
-1349398.02537
-1349398.02537
-1349398.02537
-1349398.02537
-1349398.02537
-1349398.02537
-1349398.02537
-1349398.02537
-1349398.02537
-1349398.02537
-1349398.02537
-1349398.02537
-1349398.02537
-1349398.02537
-1349398.02537
-1349398.02537
-1349398.02537
-1349398.02537
-1349398.02537
-1349398.02537
-1349398.02537
-1349398.02537
-1349398.02537
-1349398.02537
-1349398.02537
-1349398.02537
-1349398.02537
-1349398.02537
-1349398.02537
-1349398.02537
-1349398.02537
-1349398.02537
-1349398.02537
-1349398.02537
-1349398.02537
-1349398.02537
-1349398.02537
-1349398.02537
-1349398.02537
-1349398.02537
-1349398.02537
-1349398.02537
-1349398.02537
-1349398.02537
-1349398.02537
-1349398.02537
-1349398.02537
-1349398.02537
-1349398.02537
-1349398.02537
-1349398.02537
-1349398.02537
-1349398.02537
-1349398.02537
