-1149976.40404
-1265889.46208
-1294336.11749
-1308707.17934
-1309941.57321
-1309941.57321
-1309941.57321
-1312637.95255
-1338199.79745
-1338199.79745
-1338199.79745
-1338199.79745
-1338199.79745
-1338199.79745
-1338199.79745
-1338199.79745
-1338199.79745
-1338199.79745
-1338199.79745
-1338199.79745
-1338199.79745
-1338199.79745
-1338199.79745
-1338199.79745
-1338199.79745
-1338199.79745
-1338199.79745
-1338199.79745
-1338199.79745
-1338199.79745
-1338199.79745
-1338199.79745
-1338199.79745
-1351896.42076
-1351896.42076
-1351896.42076
-1351896.42076
-1351896.42076
-1351896.42076
-1351896.42076
-1351896.42076
-1351896.42076
-1351896.42076
-1351896.42076
-1351896.42076
-1351896.42076
-1351896.42076
-1351896.42076
-1351896.42076
-1351896.42076
-1351896.42076
-1351896.42076
-1351896.42076
-1351896.42076
-1351896.42076
-1351896.42076
-1351896.42076
-1351896.42076
-1351896.42076
-1351896.42076
-1351896.42076
-1351896.42076
-1351896.42076
-1351896.42076
-1351896.42076
-1351896.42076
-1351896.42076
-1351896.42076
-1351896.42076
-1351896.42076
-1351896.42076
-1351896.42076
-1351896.42076
-1351896.42076
-1351896.42076
-1351896.42076
-1351896.42076
-1351896.42076
-1351896.42076
-1351896.42076
-1351896.42076
-1351896.42076
-1351896.42076
-1351896.42076
-1351896.42076
-1351896.42076
-1351896.42076
-1351896.42076
-1351896.42076
-1351896.42076
-1351896.42076
-1351896.42076
-1351896.42076
-1351896.42076
-1351896.42076
-1351896.42076
-1351896.42076
-1351896.42076
-1351896.42076
-1351896.42076
-1351896.42076
-1351896.42076
-1351896.42076
-1351896.42076
-1351896.42076
-1351896.42076
-1351896.42076
-1351896.42076
-1351896.42076
-1351896.42076
-1351896.42076
-1351896.42076
-1351896.42076
-1351896.42076
-1351896.42076
-1351896.42076
-1351896.42076
-1351896.42076
-1351896.42076
-1351896.42076
-1351896.42076
-1351896.42076
-1351896.42076
-1351896.42076
-1351896.42076
-1351896.42076
-1351896.42076
-1351896.42076
-1351896.42076
-1351896.42076
-1351896.42076
-1351896.42076
-1351896.42076
-1351896.42076
-1351896.42076
-1351896.42076
-1351896.42076
-1351896.42076
-1351896.42076
-1351896.42076
-1351896.42076
-1351896.42076
-1351896.42076
-1351896.42076
-1351896.42076
-1351896.42076
-1351896.42076
-1351896.42076
-1351896.42076
-1351896.42076
-1351896.42076
-1351896.42076
-1351896.42076
-1351896.42076
-1351896.42076
-1351896.42076
-1351896.42076
-1351896.42076
-1351896.42076
-1351896.42076
-1351896.42076
-1351896.42076
-1351896.42076
-1351896.42076
-1351896.42076
-1351896.42076
-1351896.42076
-1351896.42076
-1351896.42076
-1351896.42076
-1351896.42076
-1351896.42076
-1351896.42076
-1351896.42076
-1351896.42076
-1351896.42076
-1351896.42076
-1351896.42076
-1351896.42076
-1351896.42076
-1351896.42076
-1351896.42076
-1351896.42076
-1351896.42076
-1351896.42076
-1351896.42076
-1351896.42076
-1351896.42076
-1351896.42076
-1351896.42076
-1351896.42076
-1351896.42076
-1351896.42076
-1351896.42076
-1351896.42076
-1351896.42076
-1351896.42076
-1351896.42076
-1351896.42076
-1351896.42076
-1351896.42076
-1351896.42076
-1351896.42076
-1351896.42076
-1351896.42076
-1351896.42076
-1351896.42076
-1351896.42076
-1351896.42076
-1351896.42076
-1351896.42076
-1351896.42076
-1351896.42076
-1351896.42076
-1351896.42076
-1351896.42076
-1351896.42076
-1351896.42076
-1351896.42076
-1351896.42076
-1351896.42076
-1351896.42076
-1351896.42076
-1351896.42076
-1351896.42076
-1351896.42076
-1351896.42076
-1351896.42076
-1351896.42076
-1351896.42076
-1351896.42076
-1351896.42076
-1351896.42076
-1351896.42076
-1351896.42076
-1351896.42076
-1351896.42076
-1351896.42076
-1351896.42076
-1351896.42076
-1351896.42076
-1351896.42076
-1351896.42076
-1351896.42076
-1351896.42076
-1351896.42076
-1351896.42076
-1351896.42076
-1351896.42076
-1351896.42076
-1351896.42076
-1351896.42076
-1351896.42076
-1351896.42076
-1351896.42076
-1351896.42076
-1351896.42076
-1351896.42076
-1351896.42076
-1351896.42076
-1351896.42076
-1351896.42076
-1351896.42076
-1351896.42076
-1351896.42076
-1351896.42076
-1351896.42076
-1351896.42076
-1351896.42076
-1351896.42076
-1351896.42076
-1351896.42076
-1351896.42076
-1351896.42076
-1351896.42076
-1351896.42076
-1351896.42076
-1351896.42076
-1351896.42076
-1351896.42076
-1351896.42076
-1351896.42076
-1351896.42076
-1351896.42076
-1351896.42076
-1351896.42076
-1351896.42076
-1351896.42076
-1351896.42076
-1351896.42076
-1351896.42076
-1351896.42076
-1351896.42076
-1351896.42076
-1351896.42076
-1351896.42076
-1351896.42076
-1351896.42076
-1351896.42076
-1351896.42076
