-1166009.33577
-1308463.34107
-1328520.85023
-1328520.85023
-1328520.85023
-1328520.85023
-1328520.85023
-1328520.85023
-1328520.85023
-1328520.85023
-1329018.01137
-1329018.01137
-1329018.01137
-1329018.01137
-1336672.65071
-1336672.65071
-1336672.65071
-1336672.65071
-1336672.65071
-1336672.65071
-1336672.65071
-1336672.65071
-1336672.65071
-1336672.65071
-1339983.92527
-1339983.92527
-1339983.92527
-1339983.92527
-1339983.92527
-1339983.92527
-1339983.92527
-1339983.92527
-1339983.92527
-1339983.92527
-1339983.92527
-1339983.92527
-1339983.92527
-1339983.92527
-1339983.92527
-1339983.92527
-1339983.92527
-1339983.92527
-1339983.92527
-1339983.92527
-1339983.92527
-1339983.92527
-1340959.06667
-1340959.06667
-1340959.06667
-1340959.06667
-1340959.06667
-1340959.06667
-1340959.06667
-1340959.06667
-1340959.06667
-1340959.06667
-1340959.06667
-1340959.06667
-1340959.06667
-1340959.06667
-1340959.06667
-1340959.06667
-1340959.06667
-1340959.06667
-1340959.06667
-1340959.06667
-1340959.06667
-1340959.06667
-1340959.06667
-1340959.06667
-1340959.06667
-1340959.06667
-1340959.06667
-1340959.06667
-1340959.06667
-1340959.06667
-1340959.06667
-1340959.06667
-1340959.06667
-1340959.06667
-1340959.06667
-1340959.06667
-1344767.12677
-1344767.12677
-1344767.12677
-1344767.12677
-1344767.12677
-1344767.12677
-1344767.12677
-1344767.12677
-1344767.12677
-1344767.12677
-1345203.84497
-1345203.84497
-1350541.34316
-1350541.34316
-1350541.34316
-1350541.34316
-1350541.34316
-1350541.34316
-1350541.34316
-1350541.34316
-1350541.34316
-1350541.34316
-1350541.34316
-1350541.34316
-1350541.34316
-1350541.34316
-1350541.34316
-1350541.34316
-1350541.34316
-1350541.34316
-1350541.34316
-1350541.34316
-1350541.34316
-1350541.34316
-1350541.34316
-1350541.34316
-1350541.34316
-1350541.34316
-1350541.34316
-1350541.34316
-1350541.34316
-1350541.34316
-1350541.34316
-1350541.34316
-1350541.34316
-1350541.34316
-1350541.34316
-1350541.34316
-1350541.34316
-1350541.34316
-1350541.34316
-1350541.34316
-1350541.34316
-1350541.34316
-1350541.34316
-1350541.34316
-1350541.34316
-1350541.34316
-1350541.34316
-1350541.34316
-1350541.34316
-1350541.34316
-1350541.34316
-1350541.34316
-1350541.34316
-1350541.34316
-1350541.34316
-1350541.34316
-1350541.34316
-1350541.34316
-1350541.34316
-1350541.34316
-1350541.34316
-1350541.34316
-1350541.34316
-1350541.34316
-1350541.34316
-1350541.34316
-1350541.34316
-1350541.34316
-1350541.34316
-1350541.34316
-1350541.34316
-1350541.34316
-1350541.34316
-1350541.34316
-1350541.34316
-1350541.34316
-1350541.34316
-1350541.34316
-1350541.34316
-1350541.34316
-1350541.34316
-1350541.34316
-1350541.34316
-1350541.34316
-1350541.34316
-1350541.34316
-1350541.34316
-1350541.34316
-1350541.34316
-1350541.34316
-1350541.34316
-1350541.34316
-1350541.34316
-1350541.34316
-1350541.34316
-1350541.34316
-1350541.34316
-1350541.34316
-1350541.34316
-1350541.34316
-1350541.34316
-1350541.34316
-1350541.34316
-1350541.34316
-1350541.34316
-1350541.34316
-1350541.34316
-1350541.34316
-1350541.34316
-1350541.34316
-1350541.34316
-1350541.34316
-1350541.34316
-1350541.34316
-1350541.34316
-1350541.34316
-1350541.34316
-1350541.34316
-1350541.34316
-1350541.34316
-1350541.34316
-1350541.34316
-1350541.34316
-1350541.34316
-1350541.34316
-1350541.34316
-1350541.34316
-1350541.34316
-1350541.34316
-1350541.34316
-1350541.34316
-1350541.34316
-1350541.34316
-1350541.34316
-1350541.34316
-1350541.34316
-1350541.34316
-1350541.34316
-1350541.34316
-1350541.34316
-1350541.34316
-1350541.34316
-1350541.34316
-1350541.34316
-1350541.34316
-1350541.34316
-1350541.34316
-1350541.34316
-1350541.34316
-1350541.34316
-1350541.34316
-1350541.34316
-1350541.34316
-1350541.34316
-1350541.34316
-1350541.34316
-1350541.34316
-1350541.34316
-1350541.34316
-1350541.34316
-1350541.34316
-1350541.34316
-1350541.34316
-1350541.34316
-1350541.34316
-1350541.34316
-1350541.34316
-1350541.34316
-1350541.34316
-1350541.34316
-1350541.34316
-1350541.34316
-1350541.34316
-1350541.34316
-1350541.34316
-1350541.34316
-1350541.34316
-1350541.34316
-1350541.34316
-1350541.34316
-1350541.34316
-1350541.34316
-1350541.34316
-1350541.34316
-1350541.34316
-1350541.34316
-1350541.34316
-1350541.34316
-1350541.34316
-1350541.34316
-1350541.34316
-1350541.34316
-1350541.34316
-1350541.34316
-1350541.34316
-1350541.34316
-1350541.34316
-1350541.34316
-1350541.34316
-1350541.34316
-1350541.34316
-1350541.34316
-1350541.34316
-1350541.34316
-1350541.34316
-1350541.34316
