-1081357.89024
-1281202.31026
-1319471.06299
-1319471.06299
-1319471.06299
-1319471.06299
-1319471.06299
-1319471.06299
-1319471.06299
-1319471.06299
-1321696.30773
-1321696.30773
-1321696.30773
-1333161.78911
-1335496.67078
-1335496.67078
-1335496.67078
-1339818.52048
-1339818.52048
-1339818.52048
-1339818.52048
-1339818.52048
-1339818.52048
-1339818.52048
-1339818.52048
-1339818.52048
-1339818.52048
-1339818.52048
-1339818.52048
-1339818.52048
-1339818.52048
-1339818.52048
-1339818.52048
-1339818.52048
-1339818.52048
-1339818.52048
-1339818.52048
-1339818.52048
-1339818.52048
-1339818.52048
-1339818.52048
-1339818.52048
-1339818.52048
-1339818.52048
-1339818.52048
-1339818.52048
-1339818.52048
-1339818.52048
-1339818.52048
-1339818.52048
-1339818.52048
-1339818.52048
-1339818.52048
-1339818.52048
-1339818.52048
-1339818.52048
-1339818.52048
-1339818.52048
-1339818.52048
-1339818.52048
-1341107.34664
-1341107.34664
-1341107.34664
-1341107.34664
-1341107.34664
-1341107.34664
-1341107.34664
-1341107.34664
-1341107.34664
-1341107.34664
-1341107.34664
-1341107.34664
-1341107.34664
-1341107.34664
-1341107.34664
-1341107.34664
-1341107.34664
-1341107.34664
-1341107.34664
-1341107.34664
-1341107.34664
-1341107.34664
-1341107.34664
-1341107.34664
-1341107.34664
-1341107.34664
-1341107.34664
-1341107.34664
-1341107.34664
-1341107.34664
-1341107.34664
-1341107.34664
-1341107.34664
-1341107.34664
-1341107.34664
-1341107.34664
-1341107.34664
-1341107.34664
-1341107.34664
-1341107.34664
-1341107.34664
-1341107.34664
-1341107.34664
-1341280.60469
-1341280.60469
-1341280.60469
-1341280.60469
-1341280.60469
-1341280.60469
-1341280.60469
-1341280.60469
-1341280.60469
-1341280.60469
-1341280.60469
-1341280.60469
-1341280.60469
-1341280.60469
-1341280.60469
-1341280.60469
-1341280.60469
-1341280.60469
-1341280.60469
-1341280.60469
-1341280.60469
-1341280.60469
-1341280.60469
-1341280.60469
-1341280.60469
-1341280.60469
-1341280.60469
-1341280.60469
-1341280.60469
-1341280.60469
-1341280.60469
-1341280.60469
-1341280.60469
-1341280.60469
-1341280.60469
-1341280.60469
-1341280.60469
-1341280.60469
-1341280.60469
-1341280.60469
-1341280.60469
-1341280.60469
-1341280.60469
-1341280.60469
-1341280.60469
-1341280.60469
-1341280.60469
-1341280.60469
-1341280.60469
-1341280.60469
-1341280.60469
-1341280.60469
-1341280.60469
-1341280.60469
-1341280.60469
-1341280.60469
-1341280.60469
-1341280.60469
-1341280.60469
-1341280.60469
-1341280.60469
-1341280.60469
-1341280.60469
-1341280.60469
-1348139.33819
-1348139.33819
-1348139.33819
-1348139.33819
-1348139.33819
-1348139.33819
-1348139.33819
-1348139.33819
-1348139.33819
-1348139.33819
-1348139.33819
-1348139.33819
-1348139.33819
-1348139.33819
-1348139.33819
-1348139.33819
-1348139.33819
-1348139.33819
-1348139.33819
-1348139.33819
-1348139.33819
-1348139.33819
-1348139.33819
-1348139.33819
-1348139.33819
-1348139.33819
-1348139.33819
-1348139.33819
-1348139.33819
-1348139.33819
-1348139.33819
-1348139.33819
-1348139.33819
-1348139.33819
-1348139.33819
-1348139.33819
-1348139.33819
-1348139.33819
-1348139.33819
-1348139.33819
-1348139.33819
-1348139.33819
-1348139.33819
-1348139.33819
-1348139.33819
-1348139.33819
-1348139.33819
-1348139.33819
-1348139.33819
-1348139.33819
-1348139.33819
-1348139.33819
-1348139.33819
-1348139.33819
-1348139.33819
-1348139.33819
-1348139.33819
-1348139.33819
-1348139.33819
-1348139.33819
-1348139.33819
-1348139.33819
-1348139.33819
-1348139.33819
-1348139.33819
-1348139.33819
-1348139.33819
-1348139.33819
-1348139.33819
-1348139.33819
-1348139.33819
-1348139.33819
-1348139.33819
-1348139.33819
-1348139.33819
-1348139.33819
-1348139.33819
-1348139.33819
-1348139.33819
-1348139.33819
-1348139.33819
-1348139.33819
-1348139.33819
-1348139.33819
-1348139.33819
-1348139.33819
-1348778.83055
-1348778.83055
-1348778.83055
-1348778.83055
-1348778.83055
-1348778.83055
-1358330.52822
-1358330.52822
-1358330.52822
-1358330.52822
-1358330.52822
-1358330.52822
-1358330.52822
-1358330.52822
-1358330.52822
-1358330.52822
-1358330.52822
-1358330.52822
-1358330.52822
-1358330.52822
-1358330.52822
-1358330.52822
-1358330.52822
-1358330.52822
-1358330.52822
-1358330.52822
-1358330.52822
-1358330.52822
-1358330.52822
-1358330.52822
-1358330.52822
-1358330.52822
-1358330.52822
-1358330.52822
-1358330.52822
-1358330.52822
-1358330.52822
-1358330.52822
-1358330.52822
-1358330.52822
-1358330.52822
-1358330.52822
-1358330.52822
-1358330.52822
-1358330.52822
-1358330.52822
-1358330.52822
