-1139430.10237
-1252887.23115
-1290462.14328
-1307628.64975
-1307628.64975
-1311318.02649
-1311318.02649
-1329819.39414
-1329819.39414
-1329819.39414
-1329819.39414
-1329819.39414
-1329819.39414
-1329819.39414
-1329819.39414
-1329819.39414
-1329819.39414
-1329819.39414
-1341243.51863
-1341243.51863
-1341243.51863
-1341243.51863
-1341243.51863
-1341243.51863
-1341243.51863
-1341243.51863
-1341243.51863
-1341243.51863
-1341243.51863
-1341243.51863
-1341243.51863
-1341243.51863
-1341243.51863
-1341243.51863
-1341243.51863
-1341243.51863
-1341243.51863
-1341243.51863
-1341243.51863
-1341243.51863
-1341243.51863
-1341243.51863
-1341243.51863
-1341243.51863
-1341243.51863
-1341243.51863
-1341243.51863
-1341243.51863
-1341243.51863
-1341243.51863
-1341243.51863
-1341243.51863
-1341243.51863
-1341243.51863
-1341243.51863
-1341243.51863
-1341243.51863
-1341243.51863
-1341243.51863
-1341243.51863
-1341243.51863
-1341243.51863
-1341243.51863
-1341243.51863
-1341243.51863
-1341243.51863
-1341243.51863
-1341243.51863
-1341243.51863
-1341836.30273
-1341836.30273
-1341836.30273
-1341836.30273
-1341836.30273
-1341836.30273
-1341836.30273
-1341836.30273
-1341836.30273
-1341836.30273
-1341836.30273
-1341836.30273
-1341836.30273
-1341836.30273
-1341836.30273
-1341836.30273
-1341836.30273
-1341836.30273
-1341836.30273
-1341836.30273
-1341836.30273
-1341836.30273
-1341836.30273
-1341836.30273
-1341836.30273
-1341836.30273
-1341836.30273
-1341836.30273
-1341836.30273
-1341836.30273
-1341836.30273
-1341836.30273
-1341836.30273
-1341836.30273
-1341836.30273
-1341836.30273
-1341836.30273
-1341836.30273
-1341836.30273
-1341836.30273
-1341836.30273
-1341836.30273
-1341836.30273
-1341836.30273
-1341836.30273
-1341836.30273
-1341836.30273
-1341836.30273
-1341836.30273
-1341836.30273
-1341836.30273
-1341836.30273
-1341836.30273
-1341836.30273
-1341836.30273
-1341836.30273
-1341836.30273
-1341836.30273
-1341836.30273
-1341836.30273
-1341836.30273
-1341836.30273
-1341836.30273
-1341836.30273
-1341836.30273
-1341836.30273
-1341836.30273
-1341836.30273
-1341836.30273
-1341836.30273
-1341836.30273
-1341836.30273
-1341836.30273
-1341836.30273
-1341836.30273
-1341836.30273
-1341836.30273
-1341836.30273
-1341836.30273
-1341836.30273
-1341836.30273
-1341836.30273
-1341836.30273
-1341836.30273
-1341836.30273
-1341836.30273
-1341836.30273
-1341836.30273
-1341836.30273
-1341836.30273
-1341836.30273
-1341836.30273
-1341836.30273
-1341836.30273
-1341836.30273
-1341836.30273
-1341836.30273
-1341836.30273
-1341836.30273
-1341836.30273
-1341836.30273
-1341836.30273
-1341836.30273
-1341836.30273
-1341836.30273
-1341836.30273
-1341836.30273
-1341836.30273
-1341836.30273
-1341836.30273
-1341836.30273
-1341836.30273
-1341836.30273
-1341836.30273
-1341836.30273
-1341836.30273
-1341836.30273
-1341836.30273
-1341836.30273
-1341836.30273
-1341836.30273
-1341836.30273
-1341836.30273
-1341836.30273
-1341836.30273
-1341836.30273
-1341836.30273
-1341836.30273
-1341836.30273
-1341836.30273
-1341836.30273
-1341836.30273
-1341836.30273
-1341836.30273
-1341836.30273
-1341836.30273
-1341836.30273
-1341836.30273
-1341836.30273
-1341836.30273
-1341836.30273
-1341836.30273
-1341836.30273
-1341836.30273
-1341836.30273
-1341836.30273
-1341836.30273
-1341836.30273
-1341836.30273
-1341836.30273
-1341836.30273
-1341836.30273
-1341836.30273
-1341836.30273
-1341836.30273
-1341836.30273
-1341836.30273
-1341836.30273
-1341836.30273
-1341836.30273
-1341836.30273
-1341836.30273
-1341836.30273
-1341836.30273
-1341836.30273
-1341836.30273
-1341836.30273
-1341836.30273
-1341836.30273
-1341836.30273
-1341836.30273
-1341836.30273
-1341836.30273
-1341836.30273
-1341836.30273
-1341836.30273
-1341836.30273
-1341836.30273
-1341836.30273
-1341836.30273
-1341836.30273
-1341836.30273
-1341836.30273
-1341836.30273
-1341836.30273
-1341836.30273
-1341836.30273
-1341836.30273
-1347147.83403
-1347147.83403
-1347147.83403
-1347147.83403
-1347147.83403
-1347147.83403
-1347147.83403
-1347147.83403
-1347147.83403
-1347147.83403
-1347147.83403
-1347147.83403
-1347147.83403
-1347147.83403
-1347147.83403
-1347147.83403
-1347147.83403
-1347147.83403
-1347147.83403
-1347147.83403
-1347147.83403
-1347147.83403
-1347695.78423
-1347695.78423
-1347695.78423
-1347695.78423
-1347695.78423
-1347695.78423
-1347695.78423
-1347695.78423
-1347695.78423
-1347695.78423
-1347695.78423
-1347695.78423
-1347695.78423
-1347695.78423
-1347695.78423
-1347695.78423
-1347695.78423
-1347695.78423
-1347695.78423
-1347695.78423
-1347695.78423
