-1111277.6615
-1292013.49317
-1292013.49317
-1331720.07593
-1331720.07593
-1331720.07593
-1333334.08167
-1334816.95142
-1334816.95142
-1334816.95142
-1335727.73984
-1335727.73984
-1335727.73984
-1335727.73984
-1335727.73984
-1335727.73984
-1347730.76773
-1347730.76773
-1347730.76773
-1347730.76773
-1347730.76773
-1347730.76773
-1347730.76773
-1347730.76773
-1347730.76773
-1347730.76773
-1347730.76773
-1347730.76773
-1347730.76773
-1347730.76773
-1347730.76773
-1347730.76773
-1347730.76773
-1347730.76773
-1347730.76773
-1347730.76773
-1347730.76773
-1347730.76773
-1347730.76773
-1347730.76773
-1347730.76773
-1347730.76773
-1347730.76773
-1347730.76773
-1347730.76773
-1347730.76773
-1347730.76773
-1347730.76773
-1347730.76773
-1347730.76773
-1347730.76773
-1347730.76773
-1347730.76773
-1347730.76773
-1347730.76773
-1347730.76773
-1347730.76773
-1347730.76773
-1347730.76773
-1347730.76773
-1347730.76773
-1347730.76773
-1347730.76773
-1347730.76773
-1347730.76773
-1347730.76773
-1347730.76773
-1347730.76773
-1347730.76773
-1347730.76773
-1347730.76773
-1347730.76773
-1347730.76773
-1347730.76773
-1347730.76773
-1347730.76773
-1347730.76773
-1347730.76773
-1347730.76773
-1347730.76773
-1347730.76773
-1347730.76773
-1347730.76773
-1347730.76773
-1347730.76773
-1347730.76773
-1349966.00421
-1349966.00421
-1349966.00421
-1349966.00421
-1349966.00421
-1349966.00421
-1349966.00421
-1349966.00421
-1349966.00421
-1349966.00421
-1349966.00421
-1349966.00421
-1349966.00421
-1349966.00421
-1349966.00421
-1349966.00421
-1349966.00421
-1349966.00421
-1349966.00421
-1349966.00421
-1349966.00421
-1349966.00421
-1349966.00421
-1349966.00421
-1349966.00421
-1349966.00421
-1349966.00421
-1349966.00421
-1349966.00421
-1349966.00421
-1349966.00421
-1349966.00421
-1349966.00421
-1349966.00421
-1349966.00421
-1349966.00421
-1349966.00421
-1349966.00421
-1349966.00421
-1349966.00421
-1349966.00421
-1349966.00421
-1349966.00421
-1349966.00421
-1349966.00421
-1349966.00421
-1349966.00421
-1349966.00421
-1349966.00421
-1349966.00421
-1349966.00421
-1349966.00421
-1349966.00421
-1349966.00421
-1349966.00421
-1349966.00421
-1349966.00421
-1349966.00421
-1349966.00421
-1349966.00421
-1349966.00421
-1349966.00421
-1349966.00421
-1349966.00421
-1349966.00421
-1349966.00421
-1349966.00421
-1349966.00421
-1349966.00421
-1349966.00421
-1349966.00421
-1349966.00421
-1349966.00421
-1349966.00421
-1349966.00421
-1349966.00421
-1349966.00421
-1349966.00421
-1349966.00421
-1349966.00421
-1349966.00421
-1349966.00421
-1349966.00421
-1349966.00421
-1349966.00421
-1349966.00421
-1349966.00421
-1349966.00421
-1349966.00421
-1349966.00421
-1349966.00421
-1349966.00421
-1349966.00421
-1349966.00421
-1349966.00421
-1349966.00421
-1349966.00421
-1349966.00421
-1349966.00421
-1349966.00421
-1349966.00421
-1349966.00421
-1349966.00421
-1349966.00421
-1349966.00421
-1349966.00421
-1349966.00421
-1349966.00421
-1349966.00421
-1349966.00421
-1349966.00421
-1349966.00421
-1349966.00421
-1349966.00421
-1349966.00421
-1349966.00421
-1349966.00421
-1349966.00421
-1349966.00421
-1349966.00421
-1349966.00421
-1349966.00421
-1349966.00421
-1349966.00421
-1349966.00421
-1349966.00421
-1349966.00421
-1349966.00421
-1349966.00421
-1349966.00421
-1349966.00421
-1349966.00421
-1349966.00421
-1349966.00421
-1349966.00421
-1349966.00421
-1349966.00421
-1349966.00421
-1349966.00421
-1349966.00421
-1349966.00421
-1349966.00421
-1349966.00421
-1349966.00421
-1349966.00421
-1349966.00421
-1349966.00421
-1349966.00421
-1349966.00421
-1349966.00421
-1349966.00421
-1349966.00421
-1349966.00421
-1349966.00421
-1349966.00421
-1349966.00421
-1349966.00421
-1349966.00421
-1349966.00421
-1349966.00421
-1349966.00421
-1349966.00421
-1349966.00421
-1349966.00421
-1349966.00421
-1349966.00421
-1349966.00421
-1349966.00421
-1349966.00421
-1349966.00421
-1349966.00421
-1349966.00421
-1349966.00421
-1349966.00421
-1349966.00421
-1349966.00421
-1349966.00421
-1349966.00421
-1349966.00421
-1349966.00421
-1349966.00421
-1349966.00421
-1349966.00421
-1349966.00421
-1349966.00421
-1349966.00421
-1349966.00421
-1349966.00421
-1349966.00421
-1349966.00421
-1349966.00421
-1349966.00421
-1349966.00421
-1349966.00421
-1349966.00421
-1349966.00421
-1349966.00421
-1349966.00421
-1349966.00421
-1349966.00421
-1349966.00421
-1349966.00421
-1349966.00421
-1349966.00421
-1349966.00421
-1349966.00421
-1349966.00421
-1349966.00421
-1349966.00421
-1349966.00421
-1349966.00421
-1349966.00421
-1349966.00421
-1349966.00421
