-1091299.36562
-1286991.69319
-1316799.05306
-1321006.24171
-1321006.24171
-1321006.24171
-1329470.2317
-1329470.2317
-1329470.2317
-1329470.2317
-1329470.2317
-1329470.2317
-1329470.2317
-1329470.2317
-1329470.2317
-1329470.2317
-1329470.2317
-1329470.2317
-1329470.2317
-1329470.2317
-1329470.2317
-1329470.2317
-1329470.2317
-1329470.2317
-1329470.2317
-1329470.2317
-1329470.2317
-1329470.2317
-1329470.2317
-1329470.2317
-1329470.2317
-1329470.2317
-1330694.62421
-1330694.62421
-1330694.62421
-1330694.62421
-1341136.33633
-1341136.33633
-1341136.33633
-1341136.33633
-1341136.33633
-1341136.33633
-1341136.33633
-1341136.33633
-1341136.33633
-1341136.33633
-1341136.33633
-1341136.33633
-1341136.33633
-1341136.33633
-1341136.33633
-1341136.33633
-1341136.33633
-1341136.33633
-1341136.33633
-1341136.33633
-1341136.33633
-1341136.33633
-1341136.33633
-1341136.33633
-1341136.33633
-1341136.33633
-1341136.33633
-1341136.33633
-1341136.33633
-1341136.33633
-1341136.33633
-1341136.33633
-1341136.33633
-1341136.33633
-1341136.33633
-1341136.33633
-1341136.33633
-1341136.33633
-1341136.33633
-1341136.33633
-1341136.33633
-1341136.33633
-1341136.33633
-1341136.33633
-1341136.33633
-1341136.33633
-1341136.33633
-1341136.33633
-1341136.33633
-1341136.33633
-1341136.33633
-1341136.33633
-1341136.33633
-1341136.33633
-1341136.33633
-1341136.33633
-1341136.33633
-1341136.33633
-1341136.33633
-1341136.33633
-1341136.33633
-1341136.33633
-1341136.33633
-1341136.33633
-1341136.33633
-1341136.33633
-1341136.33633
-1341136.33633
-1341136.33633
-1341136.33633
-1341136.33633
-1341136.33633
-1341136.33633
-1341136.33633
-1341136.33633
-1341136.33633
-1341136.33633
-1341136.33633
-1341136.33633
-1341136.33633
-1341136.33633
-1341136.33633
-1341136.33633
-1341136.33633
-1341136.33633
-1341136.33633
-1341136.33633
-1341136.33633
-1341136.33633
-1341136.33633
-1341136.33633
-1341136.33633
-1341136.33633
-1341136.33633
-1341136.33633
-1341136.33633
-1341136.33633
-1341136.33633
-1341136.33633
-1341136.33633
-1341136.33633
-1341136.33633
-1341136.33633
-1341136.33633
-1341136.33633
-1341136.33633
-1341136.33633
-1341136.33633
-1341136.33633
-1341136.33633
-1341136.33633
-1341136.33633
-1341136.33633
-1341136.33633
-1341136.33633
-1341136.33633
-1341136.33633
-1341136.33633
-1341136.33633
-1341136.33633
-1341136.33633
-1341136.33633
-1341136.33633
-1341136.33633
-1341136.33633
-1341136.33633
-1341136.33633
-1341136.33633
-1341136.33633
-1341136.33633
-1341136.33633
-1341136.33633
-1341136.33633
-1341136.33633
-1341136.33633
-1341136.33633
-1341136.33633
-1341136.33633
-1341136.33633
-1341136.33633
-1341136.33633
-1341136.33633
-1341136.33633
-1341136.33633
-1341136.33633
-1341136.33633
-1341136.33633
-1341136.33633
-1341136.33633
-1341136.33633
-1341136.33633
-1341136.33633
-1341136.33633
-1341136.33633
-1341136.33633
-1341136.33633
-1341136.33633
-1341136.33633
-1341136.33633
-1341136.33633
-1341136.33633
-1341136.33633
-1341136.33633
-1341136.33633
-1341136.33633
-1341136.33633
-1341136.33633
-1341136.33633
-1341136.33633
-1341136.33633
-1341136.33633
-1341136.33633
-1341136.33633
-1341136.33633
-1341136.33633
-1341136.33633
-1341136.33633
-1341136.33633
-1341136.33633
-1341136.33633
-1341136.33633
-1341136.33633
-1341136.33633
-1341136.33633
-1341136.33633
-1341136.33633
-1341136.33633
-1341136.33633
-1341136.33633
-1341136.33633
-1341136.33633
-1341136.33633
-1341136.33633
-1341136.33633
-1341136.33633
-1341136.33633
-1341136.33633
-1341136.33633
-1341136.33633
-1341136.33633
-1341136.33633
-1341136.33633
-1341136.33633
-1341136.33633
-1341136.33633
-1341136.33633
-1341136.33633
-1341136.33633
-1341136.33633
-1341136.33633
-1341136.33633
-1341136.33633
-1341136.33633
-1341136.33633
-1341136.33633
-1342541.91066
-1342541.91066
-1342541.91066
-1342541.91066
-1342541.91066
-1342541.91066
-1342541.91066
-1342541.91066
-1342541.91066
-1342541.91066
-1342541.91066
-1342541.91066
-1342541.91066
-1342541.91066
-1342541.91066
-1342541.91066
-1342541.91066
-1342541.91066
-1342541.91066
-1342541.91066
-1342541.91066
-1342541.91066
-1342541.91066
-1342541.91066
-1342541.91066
-1342541.91066
-1342541.91066
-1342541.91066
-1342541.91066
-1342541.91066
-1342541.91066
-1342541.91066
-1342541.91066
-1342541.91066
-1342541.91066
-1342541.91066
-1342541.91066
-1342541.91066
-1342541.91066
-1342541.91066
-1342541.91066
-1342541.91066
-1342541.91066
-1342541.91066
-1342541.91066
-1342541.91066
-1342541.91066
-1342541.91066
-1342541.91066
