-1149698.01424
-1253403.58635
-1296144.1358
-1298398.42522
-1314743.93011
-1317684.52365
-1317684.52365
-1317684.52365
-1317684.52365
-1317684.52365
-1317684.52365
-1317684.52365
-1336767.5381
-1336767.5381
-1336767.5381
-1336767.5381
-1336767.5381
-1336767.5381
-1336767.5381
-1336767.5381
-1336767.5381
-1336767.5381
-1336767.5381
-1336767.5381
-1336767.5381
-1354972.04748
-1354972.04748
-1354972.04748
-1354972.04748
-1354972.04748
-1354972.04748
-1354972.04748
-1354972.04748
-1354972.04748
-1354972.04748
-1354972.04748
-1354972.04748
-1354972.04748
-1354972.04748
-1354972.04748
-1354972.04748
-1354972.04748
-1354972.04748
-1354972.04748
-1354972.04748
-1354972.04748
-1354972.04748
-1354972.04748
-1354972.04748
-1354972.04748
-1354972.04748
-1354972.04748
-1354972.04748
-1354972.04748
-1354972.04748
-1354972.04748
-1354972.04748
-1354972.04748
-1354972.04748
-1354972.04748
-1354972.04748
-1354972.04748
-1354972.04748
-1354972.04748
-1354972.04748
-1354972.04748
-1354972.04748
-1354972.04748
-1354972.04748
-1354972.04748
-1354972.04748
-1354972.04748
-1354972.04748
-1354972.04748
-1354972.04748
-1354972.04748
-1354972.04748
-1354972.04748
-1354972.04748
-1354972.04748
-1354972.04748
-1354972.04748
-1354972.04748
-1354972.04748
-1354972.04748
-1354972.04748
-1354972.04748
-1354972.04748
-1354972.04748
-1354972.04748
-1354972.04748
-1354972.04748
-1354972.04748
-1354972.04748
-1354972.04748
-1354972.04748
-1354972.04748
-1354972.04748
-1354972.04748
-1354972.04748
-1354972.04748
-1354972.04748
-1354972.04748
-1354972.04748
-1354972.04748
-1354972.04748
-1354972.04748
-1354972.04748
-1354972.04748
-1354972.04748
-1354972.04748
-1354972.04748
-1354972.04748
-1354972.04748
-1354972.04748
-1354972.04748
-1354972.04748
-1354972.04748
-1354972.04748
-1354972.04748
-1354972.04748
-1354972.04748
-1354972.04748
-1354972.04748
-1354972.04748
-1354972.04748
-1354972.04748
-1354972.04748
-1354972.04748
-1354972.04748
-1354972.04748
-1354972.04748
-1354972.04748
-1354972.04748
-1354972.04748
-1354972.04748
-1354972.04748
-1354972.04748
-1354972.04748
-1354972.04748
-1354972.04748
-1354972.04748
-1354972.04748
-1354972.04748
-1354972.04748
-1354972.04748
-1354972.04748
-1354972.04748
-1354972.04748
-1354972.04748
-1354972.04748
-1354972.04748
-1354972.04748
-1354972.04748
-1354972.04748
-1354972.04748
-1354972.04748
-1354972.04748
-1354972.04748
-1354972.04748
-1354972.04748
-1354972.04748
-1354972.04748
-1354972.04748
-1354972.04748
-1354972.04748
-1354972.04748
-1354972.04748
-1354972.04748
-1354972.04748
-1354972.04748
-1354972.04748
-1354972.04748
-1354972.04748
-1354972.04748
-1354972.04748
-1354972.04748
-1354972.04748
-1354972.04748
-1354972.04748
-1354972.04748
-1354972.04748
-1354972.04748
-1354972.04748
-1354972.04748
-1354972.04748
-1354972.04748
-1354972.04748
-1354972.04748
-1354972.04748
-1354972.04748
-1354972.04748
-1354972.04748
-1354972.04748
-1354972.04748
-1354972.04748
-1354972.04748
-1354972.04748
-1354972.04748
-1354972.04748
-1354972.04748
-1354972.04748
-1354972.04748
-1354972.04748
-1354972.04748
-1354972.04748
-1354972.04748
-1354972.04748
-1354972.04748
-1354972.04748
-1354972.04748
-1354972.04748
-1354972.04748
-1354972.04748
-1354972.04748
-1354972.04748
-1354972.04748
-1354972.04748
-1354972.04748
-1354972.04748
-1354972.04748
-1354972.04748
-1354972.04748
-1354972.04748
-1354972.04748
-1354972.04748
-1354972.04748
-1354972.04748
-1354972.04748
-1354972.04748
-1354972.04748
-1354972.04748
-1354972.04748
-1354972.04748
-1354972.04748
-1354972.04748
-1354972.04748
-1354972.04748
-1354972.04748
-1354972.04748
-1354972.04748
-1354972.04748
-1354972.04748
-1354972.04748
-1354972.04748
-1354972.04748
-1354972.04748
-1354972.04748
-1354972.04748
-1354972.04748
-1354972.04748
-1354972.04748
-1354972.04748
-1354972.04748
-1354972.04748
-1354972.04748
-1354972.04748
-1354972.04748
-1354972.04748
-1354972.04748
-1354972.04748
-1354972.04748
-1354972.04748
-1354972.04748
-1354972.04748
-1354972.04748
-1354972.04748
-1354972.04748
-1354972.04748
-1354972.04748
-1354972.04748
-1354972.04748
-1354972.04748
-1354972.04748
-1354972.04748
-1354972.04748
-1354972.04748
-1354972.04748
-1354972.04748
-1354972.04748
-1354972.04748
-1354972.04748
-1354972.04748
-1354972.04748
-1354972.04748
-1354972.04748
-1354972.04748
-1354972.04748
-1354972.04748
-1354972.04748
-1354972.04748
-1354972.04748
-1354972.04748
-1354972.04748
-1354972.04748
-1354972.04748
-1354972.04748
-1354972.04748
-1354972.04748
-1354972.04748
