-1080158.87138
-1285730.22041
-1332382.27238
-1332382.27238
-1332382.27238
-1332382.27238
-1332382.27238
-1332382.27238
-1332382.27238
-1332382.27238
-1332382.27238
-1332382.27238
-1332382.27238
-1332382.27238
-1332382.27238
-1335062.25482
-1335062.25482
-1335062.25482
-1335062.25482
-1335062.25482
-1335062.25482
-1335062.25482
-1335062.25482
-1335062.25482
-1335062.25482
-1335062.25482
-1335062.25482
-1335062.25482
-1335062.25482
-1335062.25482
-1335062.25482
-1335062.25482
-1335062.25482
-1335062.25482
-1335062.25482
-1335062.25482
-1335062.25482
-1335062.25482
-1335062.25482
-1335062.25482
-1335062.25482
-1335062.25482
-1335062.25482
-1335062.25482
-1335062.25482
-1335062.25482
-1335062.25482
-1335062.25482
-1335062.25482
-1335062.25482
-1335062.25482
-1335062.25482
-1335062.25482
-1335062.25482
-1335062.25482
-1335062.25482
-1335062.25482
-1335062.25482
-1335062.25482
-1335062.25482
-1335062.25482
-1335062.25482
-1335062.25482
-1335062.25482
-1335062.25482
-1335062.25482
-1336164.3217
-1336164.3217
-1336164.3217
-1336164.3217
-1336164.3217
-1336164.3217
-1336164.3217
-1336164.3217
-1336164.3217
-1336164.3217
-1336164.3217
-1336164.3217
-1336164.3217
-1336164.3217
-1336164.3217
-1336164.3217
-1336164.3217
-1336164.3217
-1336164.3217
-1336164.3217
-1336164.3217
-1336164.3217
-1336164.3217
-1336164.3217
-1336164.3217
-1336164.3217
-1336164.3217
-1336164.3217
-1336164.3217
-1336164.3217
-1336164.3217
-1336164.3217
-1336164.3217
-1336164.3217
-1336164.3217
-1336164.3217
-1336164.3217
-1336164.3217
-1336164.3217
-1336164.3217
-1336164.3217
-1336164.3217
-1336164.3217
-1336164.3217
-1336164.3217
-1336164.3217
-1336164.3217
-1336164.3217
-1336164.3217
-1336164.3217
-1336164.3217
-1336164.3217
-1336164.3217
-1336164.3217
-1336164.3217
-1336164.3217
-1336164.3217
-1336164.3217
-1336164.3217
-1336164.3217
-1336164.3217
-1336164.3217
-1336164.3217
-1336164.3217
-1336164.3217
-1336164.3217
-1336164.3217
-1336164.3217
-1336164.3217
-1336164.3217
-1336164.3217
-1336164.3217
-1336164.3217
-1336164.3217
-1336164.3217
-1336164.3217
-1336164.3217
-1336164.3217
-1336164.3217
-1336164.3217
-1336852.28104
-1336852.28104
-1336852.28104
-1336852.28104
-1336852.28104
-1336852.28104
-1336852.28104
-1336852.28104
-1336852.28104
-1336852.28104
-1336852.28104
-1336852.28104
-1336984.34251
-1336984.34251
-1336984.34251
-1336984.34251
-1336984.34251
-1336984.34251
-1336984.34251
-1336984.34251
-1336984.34251
-1336984.34251
-1336984.34251
-1336984.34251
-1336984.34251
-1336984.34251
-1336984.34251
-1336984.34251
-1336984.34251
-1336984.34251
-1336984.34251
-1336984.34251
-1336984.34251
-1336984.34251
-1338751.21394
-1338751.21394
-1338751.21394
-1338751.21394
-1338751.21394
-1338751.21394
-1338751.21394
-1338751.21394
-1338751.21394
-1338751.21394
-1338751.21394
-1338751.21394
-1338751.21394
-1338751.21394
-1338751.21394
-1338751.21394
-1338751.21394
-1338751.21394
-1338751.21394
-1338751.21394
-1338751.21394
-1338751.21394
-1338751.21394
-1338751.21394
-1338751.21394
-1338751.21394
-1338751.21394
-1338751.21394
-1338751.21394
-1338751.21394
-1338751.21394
-1338751.21394
-1338751.21394
-1338751.21394
-1338751.21394
-1338751.21394
-1338751.21394
-1338751.21394
-1338751.21394
-1338751.21394
-1338751.21394
-1338751.21394
-1338751.21394
-1338751.21394
-1338751.21394
-1338751.21394
-1338751.21394
-1338751.21394
-1338751.21394
-1338751.21394
-1338751.21394
-1338751.21394
-1338751.21394
-1338751.21394
-1338751.21394
-1338751.21394
-1338751.21394
-1338751.21394
-1338751.21394
-1338751.21394
-1338751.21394
-1338751.21394
-1338751.21394
-1338751.21394
-1338751.21394
-1341949.44297
-1341949.44297
-1341949.44297
-1341949.44297
-1341949.44297
-1341949.44297
-1341949.44297
-1341949.44297
-1341949.44297
-1341949.44297
-1341949.44297
-1341949.44297
-1341949.44297
-1341949.44297
-1341949.44297
-1341949.44297
-1341949.44297
-1341949.44297
-1341949.44297
-1341949.44297
-1341949.44297
-1341949.44297
-1341949.44297
-1341949.44297
-1341949.44297
-1341949.44297
-1341949.44297
-1341949.44297
-1341949.44297
-1341949.44297
-1341949.44297
-1341949.44297
-1341949.44297
-1341949.44297
-1341949.44297
-1341949.44297
-1341949.44297
-1341949.44297
-1341949.44297
-1341949.44297
-1341949.44297
-1341949.44297
-1341949.44297
-1341949.44297
-1341949.44297
-1341949.44297
-1341949.44297
-1341949.44297
-1341949.44297
-1341949.44297
-1341949.44297
-1341949.44297
-1341949.44297
-1341949.44297
-1341949.44297
