-1094832.1507
-1280986.04991
-1306028.11906
-1306028.11906
-1322111.5436
-1322111.5436
-1322111.5436
-1322111.5436
-1328937.15011
-1328937.15011
-1328937.15011
-1328937.15011
-1328937.15011
-1328937.15011
-1328937.15011
-1328937.15011
-1328937.15011
-1328937.15011
-1328937.15011
-1328937.15011
-1328937.15011
-1328937.15011
-1328937.15011
-1328937.15011
-1328937.15011
-1333156.37543
-1333156.37543
-1333156.37543
-1333156.37543
-1333902.61374
-1333902.61374
-1333902.61374
-1333902.61374
-1335662.36819
-1335662.36819
-1335662.36819
-1335662.36819
-1335662.36819
-1341388.98451
-1341388.98451
-1341388.98451
-1341388.98451
-1341388.98451
-1341388.98451
-1341388.98451
-1341388.98451
-1341388.98451
-1341388.98451
-1341388.98451
-1341388.98451
-1341388.98451
-1341388.98451
-1341388.98451
-1341388.98451
-1341388.98451
-1341388.98451
-1341388.98451
-1341388.98451
-1341388.98451
-1341388.98451
-1341388.98451
-1341388.98451
-1341388.98451
-1341388.98451
-1341388.98451
-1341388.98451
-1341388.98451
-1341388.98451
-1341388.98451
-1341388.98451
-1341388.98451
-1341388.98451
-1341388.98451
-1341388.98451
-1341388.98451
-1341388.98451
-1341388.98451
-1341388.98451
-1341388.98451
-1341388.98451
-1341388.98451
-1341388.98451
-1341388.98451
-1341388.98451
-1341388.98451
-1341388.98451
-1341388.98451
-1341388.98451
-1341388.98451
-1341388.98451
-1341388.98451
-1341388.98451
-1341388.98451
-1341388.98451
-1341388.98451
-1341388.98451
-1341388.98451
-1341388.98451
-1341388.98451
-1341388.98451
-1341388.98451
-1341388.98451
-1341388.98451
-1341388.98451
-1341388.98451
-1341388.98451
-1341388.98451
-1341388.98451
-1341388.98451
-1341388.98451
-1341388.98451
-1341388.98451
-1341388.98451
-1341388.98451
-1341388.98451
-1341388.98451
-1341388.98451
-1341388.98451
-1341388.98451
-1341388.98451
-1341388.98451
-1341388.98451
-1341388.98451
-1341388.98451
-1341388.98451
-1341388.98451
-1341388.98451
-1341388.98451
-1341388.98451
-1341388.98451
-1341388.98451
-1341388.98451
-1341388.98451
-1341388.98451
-1341388.98451
-1341388.98451
-1341388.98451
-1341388.98451
-1341388.98451
-1341388.98451
-1341388.98451
-1341388.98451
-1341388.98451
-1341388.98451
-1341388.98451
-1341388.98451
-1341388.98451
-1341388.98451
-1341388.98451
-1341388.98451
-1341388.98451
-1341388.98451
-1341388.98451
-1341388.98451
-1341388.98451
-1341388.98451
-1341388.98451
-1341388.98451
-1341388.98451
-1341388.98451
-1341388.98451
-1341388.98451
-1341388.98451
-1341388.98451
-1341388.98451
-1341388.98451
-1341388.98451
-1341388.98451
-1341388.98451
-1341388.98451
-1341388.98451
-1341388.98451
-1341388.98451
-1341388.98451
-1341388.98451
-1341388.98451
-1341388.98451
-1341388.98451
-1341388.98451
-1341388.98451
-1341388.98451
-1341388.98451
-1341388.98451
-1341388.98451
-1341388.98451
-1341388.98451
-1341388.98451
-1341388.98451
-1341388.98451
-1341388.98451
-1341388.98451
-1341388.98451
-1341388.98451
-1341388.98451
-1341388.98451
-1341388.98451
-1341388.98451
-1341388.98451
-1341388.98451
-1341388.98451
-1341388.98451
-1341388.98451
-1341388.98451
-1341388.98451
-1341388.98451
-1341388.98451
-1341388.98451
-1341388.98451
-1341388.98451
-1341388.98451
-1341388.98451
-1341388.98451
-1341388.98451
-1341388.98451
-1341388.98451
-1341388.98451
-1341388.98451
-1341388.98451
-1341388.98451
-1341388.98451
-1341388.98451
-1341388.98451
-1341388.98451
-1341388.98451
-1341388.98451
-1341388.98451
-1343212.65871
-1343212.65871
-1343212.65871
-1343212.65871
-1343212.65871
-1343212.65871
-1343212.65871
-1343212.65871
-1343212.65871
-1343212.65871
-1343212.65871
-1343212.65871
-1343212.65871
-1343212.65871
-1343212.65871
-1343212.65871
-1343212.65871
-1343212.65871
-1343212.65871
-1343212.65871
-1343212.65871
-1343212.65871
-1343212.65871
-1343212.65871
-1343212.65871
-1343212.65871
-1343212.65871
-1343212.65871
-1343212.65871
-1343212.65871
-1343212.65871
-1343212.65871
-1343212.65871
-1343212.65871
-1343212.65871
-1343212.65871
-1343212.65871
-1343212.65871
-1343212.65871
-1343212.65871
-1343212.65871
-1343212.65871
-1343212.65871
-1343212.65871
-1343212.65871
-1343212.65871
-1343212.65871
-1343212.65871
-1343212.65871
-1343212.65871
-1343212.65871
-1343212.65871
-1343212.65871
-1343212.65871
-1343212.65871
-1343212.65871
-1343212.65871
-1343212.65871
-1343212.65871
-1343212.65871
-1343212.65871
-1343212.65871
-1343212.65871
-1343212.65871
-1343212.65871
-1343212.65871
-1343212.65871
-1343212.65871
-1343212.65871
-1343212.65871
-1343212.65871
-1343212.65871
-1343212.65871
-1343212.65871
