-1117044.18087
-1257475.16291
-1298345.12977
-1312861.89646
-1312861.89646
-1312861.89646
-1331782.07202
-1331782.07202
-1331782.07202
-1331782.07202
-1331782.07202
-1333271.05481
-1333271.05481
-1333271.05481
-1333271.05481
-1333271.05481
-1333271.05481
-1333271.05481
-1333271.05481
-1333271.05481
-1333271.05481
-1340485.95485
-1340485.95485
-1340485.95485
-1340485.95485
-1340485.95485
-1340485.95485
-1340485.95485
-1340485.95485
-1340485.95485
-1340485.95485
-1340485.95485
-1340485.95485
-1340485.95485
-1340485.95485
-1340485.95485
-1340485.95485
-1340485.95485
-1340485.95485
-1340485.95485
-1340485.95485
-1340485.95485
-1340485.95485
-1340485.95485
-1340485.95485
-1340485.95485
-1340485.95485
-1340485.95485
-1340485.95485
-1340485.95485
-1340485.95485
-1340485.95485
-1340485.95485
-1340485.95485
-1340485.95485
-1340485.95485
-1340485.95485
-1340485.95485
-1340485.95485
-1340485.95485
-1340485.95485
-1340485.95485
-1340485.95485
-1340485.95485
-1340485.95485
-1340485.95485
-1340485.95485
-1340485.95485
-1340485.95485
-1340485.95485
-1340485.95485
-1340485.95485
-1340485.95485
-1340485.95485
-1340485.95485
-1340485.95485
-1340485.95485
-1340485.95485
-1340485.95485
-1340485.95485
-1340485.95485
-1340485.95485
-1340485.95485
-1340485.95485
-1340485.95485
-1340485.95485
-1340485.95485
-1340485.95485
-1340485.95485
-1340485.95485
-1340485.95485
-1348608.53389
-1348608.53389
-1348608.53389
-1348608.53389
-1348608.53389
-1348608.53389
-1348608.53389
-1348608.53389
-1348608.53389
-1348608.53389
-1348608.53389
-1348608.53389
-1348608.53389
-1348608.53389
-1348608.53389
-1348608.53389
-1348608.53389
-1348608.53389
-1348608.53389
-1348608.53389
-1348608.53389
-1348608.53389
-1348608.53389
-1348608.53389
-1348608.53389
-1348608.53389
-1348608.53389
-1348608.53389
-1348608.53389
-1348608.53389
-1348608.53389
-1348608.53389
-1348608.53389
-1348608.53389
-1348608.53389
-1348608.53389
-1348608.53389
-1348608.53389
-1348608.53389
-1348608.53389
-1348608.53389
-1348608.53389
-1348608.53389
-1348608.53389
-1348608.53389
-1348608.53389
-1348608.53389
-1348608.53389
-1348608.53389
-1348608.53389
-1348608.53389
-1348608.53389
-1348608.53389
-1348608.53389
-1348608.53389
-1348608.53389
-1348608.53389
-1348608.53389
-1348608.53389
-1348608.53389
-1348608.53389
-1348608.53389
-1348608.53389
-1348608.53389
-1348608.53389
-1348608.53389
-1348608.53389
-1348608.53389
-1348608.53389
-1348608.53389
-1348608.53389
-1348608.53389
-1348608.53389
-1348608.53389
-1348608.53389
-1348608.53389
-1348608.53389
-1348608.53389
-1348608.53389
-1348608.53389
-1348608.53389
-1348608.53389
-1348608.53389
-1348608.53389
-1348608.53389
-1348608.53389
-1348608.53389
-1348608.53389
-1348608.53389
-1348608.53389
-1348608.53389
-1348608.53389
-1348608.53389
-1348608.53389
-1348608.53389
-1348608.53389
-1348608.53389
-1348608.53389
-1348608.53389
-1348608.53389
-1348608.53389
-1348608.53389
-1348608.53389
-1348608.53389
-1348608.53389
-1348608.53389
-1348608.53389
-1348608.53389
-1348608.53389
-1348608.53389
-1348608.53389
-1348608.53389
-1348608.53389
-1348608.53389
-1348608.53389
-1348608.53389
-1348608.53389
-1348608.53389
-1348608.53389
-1348608.53389
-1348608.53389
-1348608.53389
-1348608.53389
-1348608.53389
-1348608.53389
-1348608.53389
-1348608.53389
-1348608.53389
-1348608.53389
-1348608.53389
-1348608.53389
-1348608.53389
-1348608.53389
-1348608.53389
-1348608.53389
-1348608.53389
-1348608.53389
-1348608.53389
-1348608.53389
-1348608.53389
-1348608.53389
-1348608.53389
-1348608.53389
-1348608.53389
-1348608.53389
-1348608.53389
-1348608.53389
-1348608.53389
-1348608.53389
-1348608.53389
-1348608.53389
-1348608.53389
-1348608.53389
-1348608.53389
-1348608.53389
-1348608.53389
-1348608.53389
-1348608.53389
-1348608.53389
-1348608.53389
-1348608.53389
-1348608.53389
-1348608.53389
-1348608.53389
-1348608.53389
-1348608.53389
-1348608.53389
-1348608.53389
-1348608.53389
-1348608.53389
-1348608.53389
-1348608.53389
-1348608.53389
-1348608.53389
-1348608.53389
-1348608.53389
-1348608.53389
-1348608.53389
-1348608.53389
-1348608.53389
-1348608.53389
-1348608.53389
-1348608.53389
-1348608.53389
-1348608.53389
-1348608.53389
-1348608.53389
-1348608.53389
-1357406.68251
-1357406.68251
-1357406.68251
-1357406.68251
-1357406.68251
-1357406.68251
-1357406.68251
-1357406.68251
-1357406.68251
-1357406.68251
-1357406.68251
-1357406.68251
-1357406.68251
-1357406.68251
-1357406.68251
-1357406.68251
-1357406.68251
-1357406.68251
-1357406.68251
-1357406.68251
-1357406.68251
