-319059.772495
-361525.28428
-363480.739395
-371702.944364
-371702.944364
-371702.944364
-379399.043003
-379399.043003
-379399.043003
-379399.043003
-379399.043003
-379399.043003
-379399.043003
-379399.043003
-379399.043003
-379399.043003
-379399.043003
-379399.043003
-379399.043003
-379399.043003
-379399.043003
-379399.043003
-379399.043003
-379399.043003
-379399.043003
-379399.043003
-379399.043003
-379399.043003
-379399.043003
-379399.043003
-379399.043003
-379399.043003
-379399.043003
-379399.043003
-379399.043003
-379399.043003
-379399.043003
-379399.043003
-379399.043003
-379399.043003
-379399.043003
-381107.688896
-381107.688896
-381107.688896
-381107.688896
-381107.688896
-381107.688896
-381107.688896
-381107.688896
-381107.688896
-381107.688896
-381107.688896
-381107.688896
-381107.688896
-381107.688896
-381107.688896
-381107.688896
-381107.688896
-381107.688896
-381107.688896
-381107.688896
-381107.688896
-381107.688896
-381107.688896
-381107.688896
-381107.688896
-381107.688896
-381107.688896
-381107.688896
-381107.688896
-381107.688896
-381107.688896
-381107.688896
-381107.688896
-381107.688896
-381107.688896
-381107.688896
-381107.688896
-381107.688896
-381107.688896
-381107.688896
-381107.688896
-381107.688896
-381107.688896
-381107.688896
-381107.688896
-381107.688896
-381107.688896
-381107.688896
-381107.688896
-381107.688896
-381107.688896
-381107.688896
-381107.688896
-381107.688896
-381107.688896
-381107.688896
-381107.688896
-381107.688896
-381107.688896
-381107.688896
-381107.688896
-381107.688896
-381107.688896
-381107.688896
-381107.688896
-381107.688896
-381223.884128
-381223.884128
-381223.884128
-381223.884128
-381223.884128
-381223.884128
-381223.884128
-381223.884128
-381223.884128
-381223.884128
-381223.884128
-381223.884128
-381223.884128
-381223.884128
-381223.884128
-381223.884128
-381223.884128
-381223.884128
-381223.884128
-381223.884128
-381223.884128
-381223.884128
-381223.884128
-381223.884128
-381223.884128
-381223.884128
-381223.884128
-381223.884128
-381223.884128
-381223.884128
-381223.884128
-381223.884128
-381223.884128
-381223.884128
-381223.884128
-381223.884128
-381223.884128
-381223.884128
-381223.884128
-381223.884128
-381223.884128
-381223.884128
-381223.884128
-381223.884128
-381223.884128
-381223.884128
-381223.884128
-381223.884128
-381223.884128
-381223.884128
-381223.884128
-381223.884128
-381223.884128
-381223.884128
-381223.884128
-381223.884128
-381223.884128
-381223.884128
-381223.884128
-381223.884128
-381223.884128
-381223.884128
-381223.884128
-381223.884128
-381223.884128
-381223.884128
-381223.884128
-381223.884128
-381223.884128
-381223.884128
-381223.884128
-381223.884128
-381223.884128
-381223.884128
-381223.884128
-381223.884128
-381223.884128
-381223.884128
-381223.884128
-381223.884128
-381223.884128
-381223.884128
-381223.884128
-381223.884128
-381223.884128
-381223.884128
-381223.884128
-381223.884128
-381223.884128
-381223.884128
-381223.884128
-381223.884128
-381223.884128
