-1121970.74031
-1291975.0087
-1326913.31209
-1326913.31209
-1326913.31209
-1326913.31209
-1326913.31209
-1326913.31209
-1326913.31209
-1326913.31209
-1326913.31209
-1332844.80687
-1333633.27604
-1333633.27604
-1333633.27604
-1333633.27604
-1333633.27604
-1333633.27604
-1333633.27604
-1333633.27604
-1333633.27604
-1333633.27604
-1333633.27604
-1337875.43603
-1337875.43603
-1337875.43603
-1337875.43603
-1337875.43603
-1337875.43603
-1337875.43603
-1337875.43603
-1337875.43603
-1337875.43603
-1337875.43603
-1337875.43603
-1337875.43603
-1337875.43603
-1337875.43603
-1337875.43603
-1337875.43603
-1337875.43603
-1337875.43603
-1337875.43603
-1337875.43603
-1337875.43603
-1337875.43603
-1337875.43603
-1337875.43603
-1337875.43603
-1337875.43603
-1337875.43603
-1337875.43603
-1337875.43603
-1337875.43603
-1337875.43603
-1337875.43603
-1337875.43603
-1337875.43603
-1337875.43603
-1337875.43603
-1337875.43603
-1337875.43603
-1337875.43603
-1337875.43603
-1337875.43603
-1337875.43603
-1337875.43603
-1339205.7987
-1339205.7987
-1339205.7987
-1345184.43072
-1345184.43072
-1345184.43072
-1345184.43072
-1345184.43072
-1345184.43072
-1345184.43072
-1345184.43072
-1345184.43072
-1345184.43072
-1345184.43072
-1345184.43072
-1345184.43072
-1345184.43072
-1345184.43072
-1345184.43072
-1345184.43072
-1345184.43072
-1345184.43072
-1345184.43072
-1345184.43072
-1345184.43072
-1345184.43072
-1345184.43072
-1345184.43072
-1345184.43072
-1345184.43072
-1345184.43072
-1345184.43072
-1345184.43072
-1345184.43072
-1345184.43072
-1345184.43072
-1345184.43072
-1345184.43072
-1345184.43072
-1345184.43072
-1345184.43072
-1345184.43072
-1345184.43072
-1345184.43072
-1345184.43072
-1345184.43072
-1345184.43072
-1345184.43072
-1345184.43072
-1345184.43072
-1345184.43072
-1345184.43072
-1345184.43072
-1345184.43072
-1345184.43072
-1345184.43072
-1345184.43072
-1345184.43072
-1345184.43072
-1345184.43072
-1345184.43072
-1346798.00562
-1346798.00562
-1346798.00562
-1346798.00562
-1346798.00562
-1346798.00562
-1346798.00562
-1346798.00562
-1346798.00562
-1346798.00562
-1346798.00562
-1346798.00562
-1346798.00562
-1346798.00562
-1346798.00562
-1346798.00562
-1346798.00562
-1346798.00562
-1346798.00562
-1346798.00562
-1346798.00562
-1346798.00562
-1346798.00562
-1346798.00562
-1346798.00562
-1346798.00562
-1346798.00562
-1346798.00562
-1346798.00562
-1346798.00562
-1346798.00562
-1346798.00562
-1346798.00562
-1346798.00562
-1346798.00562
-1346798.00562
-1346798.00562
-1346798.00562
-1346798.00562
-1346798.00562
-1346798.00562
-1346798.00562
-1346798.00562
-1346798.00562
-1346798.00562
-1346798.00562
-1346798.00562
-1346798.00562
-1346798.00562
-1346798.00562
-1346798.00562
-1346798.00562
-1346798.00562
-1346798.00562
-1346798.00562
-1346798.00562
-1346798.00562
-1346798.00562
-1346798.00562
-1346798.00562
-1346798.00562
-1346798.00562
-1346798.00562
-1346798.00562
-1346798.00562
-1346798.00562
-1346798.00562
-1346798.00562
-1346798.00562
-1346798.00562
-1346798.00562
-1346798.00562
-1346798.00562
-1346798.00562
-1346798.00562
-1346798.00562
-1346798.00562
-1346798.00562
-1346798.00562
-1346798.00562
-1346798.00562
-1346798.00562
-1346798.00562
-1346798.00562
-1346798.00562
-1346798.00562
-1346798.00562
-1346798.00562
-1346798.00562
-1346798.00562
-1346798.00562
-1346798.00562
-1346798.00562
-1346798.00562
-1346798.00562
-1346798.00562
-1346798.00562
-1346798.00562
-1346798.00562
-1346798.00562
-1346798.00562
-1346798.00562
-1346798.00562
-1346798.00562
-1346798.00562
-1346798.00562
-1346798.00562
-1346798.00562
-1346798.00562
-1346798.00562
-1346798.00562
-1346798.00562
-1346798.00562
-1346798.00562
-1346798.00562
-1346798.00562
-1346798.00562
-1346798.00562
-1346798.00562
-1346798.00562
-1346798.00562
-1346798.00562
-1346798.00562
-1346798.00562
-1346798.00562
-1346798.00562
-1346798.00562
-1346798.00562
-1346798.00562
-1346798.00562
-1346798.00562
-1346798.00562
-1346798.00562
-1346798.00562
-1346798.00562
-1346798.00562
-1346798.00562
-1346798.00562
-1346798.00562
-1346798.00562
-1346798.00562
-1346798.00562
-1346798.00562
-1346798.00562
-1346798.00562
-1346798.00562
-1346798.00562
-1346798.00562
-1346798.00562
-1346798.00562
-1346798.00562
-1346798.00562
-1346798.00562
-1346798.00562
-1346798.00562
-1346798.00562
-1346798.00562
-1346798.00562
-1346798.00562
-1346798.00562
-1346798.00562
-1346798.00562
-1346798.00562
-1346798.00562
-1346798.00562
-1346798.00562
-1346798.00562
-1346798.00562
-1346798.00562
-1346798.00562
-1346798.00562
-1346798.00562
