-1077930.731
-1283452.44226
-1315766.06792
-1320890.35654
-1320890.35654
-1322046.078
-1322046.078
-1322046.078
-1322046.078
-1322046.078
-1323076.33817
-1323076.33817
-1323076.33817
-1323076.33817
-1323076.33817
-1328389.57293
-1328389.57293
-1328389.57293
-1328389.57293
-1328389.57293
-1328389.57293
-1328389.57293
-1328389.57293
-1328389.57293
-1328389.57293
-1328389.57293
-1328389.57293
-1328389.57293
-1328389.57293
-1328389.57293
-1328389.57293
-1328389.57293
-1328389.57293
-1328389.57293
-1329819.11902
-1338132.39995
-1338132.39995
-1338132.39995
-1338132.39995
-1338132.39995
-1338132.39995
-1338132.39995
-1338132.39995
-1338132.39995
-1338132.39995
-1338132.39995
-1338132.39995
-1338132.39995
-1338132.39995
-1341208.22708
-1341208.22708
-1341208.22708
-1341208.22708
-1341208.22708
-1341208.22708
-1341208.22708
-1341208.22708
-1343766.34748
-1343766.34748
-1343766.34748
-1343766.34748
-1343766.34748
-1343766.34748
-1343766.34748
-1343766.34748
-1343766.34748
-1343766.34748
-1343766.34748
-1343766.34748
-1343766.34748
-1343766.34748
-1343766.34748
-1343766.34748
-1343766.34748
-1343766.34748
-1343766.34748
-1343766.34748
-1343766.34748
-1343766.34748
-1343766.34748
-1343766.34748
-1343766.34748
-1352695.56718
-1352695.56718
-1352695.56718
-1352695.56718
-1352695.56718
-1352695.56718
-1352695.56718
-1352695.56718
-1352695.56718
-1352695.56718
-1352695.56718
-1352695.56718
-1352695.56718
-1352695.56718
-1352695.56718
-1352695.56718
-1352695.56718
-1352695.56718
-1352695.56718
-1352695.56718
-1352695.56718
-1352695.56718
-1352695.56718
-1352695.56718
-1352695.56718
-1352695.56718
-1352695.56718
-1352695.56718
-1352695.56718
-1352695.56718
-1352695.56718
-1352695.56718
-1352695.56718
-1352695.56718
-1352695.56718
-1352695.56718
-1352695.56718
-1352695.56718
-1352695.56718
-1352695.56718
-1352695.56718
-1352695.56718
-1352695.56718
-1352695.56718
-1352695.56718
-1352695.56718
-1352695.56718
-1352695.56718
-1352695.56718
-1352695.56718
-1352695.56718
-1352695.56718
-1352695.56718
-1352695.56718
-1352695.56718
-1352695.56718
-1352695.56718
-1352695.56718
-1352695.56718
-1352695.56718
-1352695.56718
-1352695.56718
-1352695.56718
-1352695.56718
-1352695.56718
-1352695.56718
-1352695.56718
-1352695.56718
-1352695.56718
-1352695.56718
-1352695.56718
-1352695.56718
-1352695.56718
-1352695.56718
-1352695.56718
-1352695.56718
-1352695.56718
-1352695.56718
-1352695.56718
-1352695.56718
-1352695.56718
-1352695.56718
-1352695.56718
-1352695.56718
-1352695.56718
-1352695.56718
-1352695.56718
-1352695.56718
-1352695.56718
-1352695.56718
-1352695.56718
-1352695.56718
-1352695.56718
-1352695.56718
-1352695.56718
-1352695.56718
-1352695.56718
-1352695.56718
-1352695.56718
-1352695.56718
-1352695.56718
-1352695.56718
-1352695.56718
-1352695.56718
-1352695.56718
-1352695.56718
-1352695.56718
-1352695.56718
-1352695.56718
-1352695.56718
-1352695.56718
-1352695.56718
-1352695.56718
-1352695.56718
-1352695.56718
-1352695.56718
-1352695.56718
-1352695.56718
-1352695.56718
-1352695.56718
-1352695.56718
-1352695.56718
-1352695.56718
-1352695.56718
-1352695.56718
-1352695.56718
-1352695.56718
-1352695.56718
-1352695.56718
-1352695.56718
-1352695.56718
-1352695.56718
-1352695.56718
-1352695.56718
-1352695.56718
-1352695.56718
-1352695.56718
-1352695.56718
-1352695.56718
-1352695.56718
-1352695.56718
-1352695.56718
-1352695.56718
-1352695.56718
-1352695.56718
-1352695.56718
-1352695.56718
-1352695.56718
-1352695.56718
-1352695.56718
-1352695.56718
-1352695.56718
-1352695.56718
-1352695.56718
-1352695.56718
-1352695.56718
-1352695.56718
-1352695.56718
-1352695.56718
-1352695.56718
-1352695.56718
-1352695.56718
-1352695.56718
-1352695.56718
-1352695.56718
-1352695.56718
-1352695.56718
-1352695.56718
-1352695.56718
-1352695.56718
-1352695.56718
-1352695.56718
-1352695.56718
-1352695.56718
-1352695.56718
-1352695.56718
-1352695.56718
-1352695.56718
-1352695.56718
-1352695.56718
-1352695.56718
-1352695.56718
-1352695.56718
-1352695.56718
-1352695.56718
-1352695.56718
-1352695.56718
-1352695.56718
-1352695.56718
-1352695.56718
-1352695.56718
-1352695.56718
-1352695.56718
-1352695.56718
-1352695.56718
-1352695.56718
-1352695.56718
-1352695.56718
-1352695.56718
-1352695.56718
-1352695.56718
-1352695.56718
-1352695.56718
-1352695.56718
-1352695.56718
-1352695.56718
-1352695.56718
-1352695.56718
-1352695.56718
-1352695.56718
-1352695.56718
-1352695.56718
-1352695.56718
-1352695.56718
-1352695.56718
-1352695.56718
-1352695.56718
-1352695.56718
