-1079260.8654
-1252898.42682
-1303971.88833
-1319813.25547
-1319813.25547
-1319813.25547
-1320886.54201
-1320886.54201
-1320886.54201
-1320886.54201
-1320886.54201
-1321920.66081
-1324354.9842
-1324354.9842
-1327588.89519
-1327588.89519
-1327588.89519
-1327588.89519
-1327588.89519
-1327588.89519
-1327588.89519
-1327588.89519
-1327588.89519
-1327588.89519
-1327588.89519
-1327588.89519
-1327588.89519
-1327588.89519
-1327588.89519
-1327588.89519
-1327588.89519
-1327588.89519
-1327588.89519
-1327588.89519
-1327588.89519
-1327588.89519
-1327588.89519
-1327588.89519
-1327588.89519
-1328545.70984
-1328545.70984
-1328545.70984
-1328545.70984
-1328545.70984
-1328545.70984
-1335174.82405
-1335174.82405
-1335174.82405
-1336249.32925
-1336249.32925
-1336249.32925
-1336249.32925
-1336249.32925
-1336249.32925
-1336249.32925
-1336249.32925
-1336249.32925
-1336249.32925
-1336249.32925
-1336249.32925
-1336249.32925
-1336249.32925
-1336249.32925
-1336249.32925
-1336249.32925
-1336249.32925
-1336249.32925
-1336249.32925
-1336249.32925
-1336249.32925
-1341479.53232
-1341479.53232
-1341479.53232
-1341479.53232
-1341479.53232
-1341479.53232
-1341479.53232
-1341479.53232
-1341479.53232
-1341479.53232
-1341479.53232
-1341479.53232
-1341479.53232
-1341479.53232
-1341479.53232
-1341479.53232
-1341479.53232
-1341479.53232
-1341479.53232
-1341479.53232
-1341479.53232
-1341479.53232
-1341479.53232
-1341479.53232
-1341479.53232
-1341479.53232
-1341479.53232
-1341479.53232
-1341479.53232
-1341479.53232
-1341479.53232
-1341479.53232
-1341479.53232
-1341479.53232
-1341479.53232
-1341479.53232
-1341479.53232
-1341479.53232
-1341479.53232
-1341479.53232
-1341479.53232
-1341479.53232
-1341479.53232
-1341479.53232
-1341479.53232
-1341479.53232
-1341479.53232
-1341479.53232
-1341479.53232
-1341479.53232
-1341479.53232
-1341479.53232
-1341479.53232
-1341479.53232
-1341479.53232
-1341479.53232
-1341479.53232
-1341479.53232
-1341479.53232
-1341479.53232
-1341479.53232
-1341479.53232
-1341479.53232
-1341479.53232
-1341479.53232
-1341479.53232
-1341479.53232
-1341479.53232
-1341479.53232
-1341479.53232
-1341479.53232
-1341479.53232
-1341479.53232
-1341479.53232
-1341479.53232
-1341479.53232
-1341479.53232
-1341479.53232
-1341479.53232
-1341479.53232
-1341479.53232
-1341479.53232
-1341479.53232
-1341479.53232
-1341479.53232
-1341479.53232
-1341479.53232
-1341479.53232
-1341479.53232
-1341479.53232
-1341479.53232
-1341479.53232
-1341479.53232
-1341479.53232
-1341479.53232
-1341479.53232
-1341479.53232
-1341479.53232
-1341479.53232
-1341479.53232
-1341479.53232
-1341479.53232
-1341479.53232
-1341479.53232
-1341479.53232
-1341479.53232
-1341479.53232
-1341479.53232
-1341479.53232
-1341479.53232
-1341479.53232
-1341479.53232
-1341479.53232
-1341479.53232
-1341479.53232
-1341479.53232
-1341479.53232
-1341479.53232
-1341479.53232
-1341479.53232
-1341479.53232
-1341479.53232
-1341479.53232
-1341479.53232
-1341479.53232
-1341479.53232
-1341479.53232
-1341479.53232
-1341479.53232
-1341479.53232
-1341479.53232
-1341479.53232
-1341479.53232
-1341479.53232
-1341479.53232
-1341479.53232
-1341479.53232
-1341479.53232
-1341479.53232
-1341479.53232
-1341479.53232
-1341479.53232
-1341479.53232
-1341479.53232
-1341479.53232
-1341479.53232
-1341479.53232
-1341479.53232
-1341479.53232
-1341479.53232
-1341479.53232
-1341479.53232
-1341479.53232
-1341479.53232
-1341479.53232
-1341479.53232
-1341479.53232
-1341479.53232
-1341479.53232
-1341479.53232
-1341479.53232
-1341479.53232
-1341479.53232
-1341479.53232
-1341479.53232
-1341479.53232
-1342920.94659
-1342920.94659
-1342920.94659
-1342920.94659
-1342920.94659
-1342920.94659
-1342920.94659
-1342920.94659
-1342920.94659
-1342920.94659
-1342920.94659
-1342920.94659
-1342920.94659
-1342920.94659
-1342920.94659
-1342920.94659
-1342920.94659
-1342920.94659
-1342920.94659
-1342920.94659
-1342920.94659
-1342920.94659
-1342920.94659
-1342920.94659
-1342920.94659
-1342920.94659
-1342920.94659
-1342920.94659
-1342920.94659
-1342920.94659
-1342920.94659
-1342920.94659
-1342920.94659
-1342920.94659
-1342920.94659
-1342920.94659
-1342920.94659
-1342920.94659
-1342920.94659
-1342920.94659
-1342920.94659
-1342920.94659
-1342920.94659
-1342920.94659
-1342920.94659
-1342920.94659
-1342920.94659
-1342920.94659
-1342920.94659
-1342920.94659
-1342920.94659
-1342920.94659
-1342920.94659
-1342920.94659
-1342920.94659
-1342920.94659
-1342920.94659
-1342920.94659
-1342920.94659
-1343678.55742
-1343678.55742
-1343678.55742
-1343678.55742
-1343678.55742
