-1131328.05324
-1290335.45744
-1308365.6881
-1317757.70593
-1329689.02399
-1329689.02399
-1341742.41996
-1341742.41996
-1341742.41996
-1341742.41996
-1341742.41996
-1341742.41996
-1341742.41996
-1341742.41996
-1341742.41996
-1341742.41996
-1341742.41996
-1344688.95852
-1344688.95852
-1344688.95852
-1344688.95852
-1344688.95852
-1344688.95852
-1344688.95852
-1344688.95852
-1344688.95852
-1344688.95852
-1344688.95852
-1344688.95852
-1344688.95852
-1344688.95852
-1344688.95852
-1344688.95852
-1344688.95852
-1344688.95852
-1344688.95852
-1344688.95852
-1344688.95852
-1344688.95852
-1344688.95852
-1344688.95852
-1344688.95852
-1344688.95852
-1344688.95852
-1344688.95852
-1344688.95852
-1344688.95852
-1344688.95852
-1344688.95852
-1344688.95852
-1344688.95852
-1344688.95852
-1344688.95852
-1344688.95852
-1344688.95852
-1344688.95852
-1344688.95852
-1344688.95852
-1344688.95852
-1344688.95852
-1344688.95852
-1344688.95852
-1344688.95852
-1344688.95852
-1344688.95852
-1344688.95852
-1344688.95852
-1344688.95852
-1344688.95852
-1344688.95852
-1344688.95852
-1344688.95852
-1344688.95852
-1344688.95852
-1344688.95852
-1344688.95852
-1344688.95852
-1344688.95852
-1344688.95852
-1344688.95852
-1344688.95852
-1344688.95852
-1344688.95852
-1344688.95852
-1344688.95852
-1344688.95852
-1344688.95852
-1344688.95852
-1344688.95852
-1344688.95852
-1344688.95852
-1344688.95852
-1344688.95852
-1344688.95852
-1344688.95852
-1344688.95852
-1344688.95852
-1344688.95852
-1344688.95852
-1344688.95852
-1344688.95852
-1344688.95852
-1344688.95852
-1344688.95852
-1344688.95852
-1344688.95852
-1344688.95852
-1344688.95852
-1344688.95852
-1344688.95852
-1344688.95852
-1344688.95852
-1344688.95852
-1344688.95852
-1344688.95852
-1344688.95852
-1344688.95852
-1344688.95852
-1344688.95852
-1344688.95852
-1344688.95852
-1344688.95852
-1344688.95852
-1344688.95852
-1344688.95852
-1344688.95852
-1344688.95852
-1344688.95852
-1344688.95852
-1344688.95852
-1344688.95852
-1344688.95852
-1344688.95852
-1344688.95852
-1344688.95852
-1344688.95852
-1344688.95852
-1344688.95852
-1344688.95852
-1344688.95852
-1344688.95852
-1344688.95852
-1344688.95852
-1344688.95852
-1344688.95852
-1344688.95852
-1344688.95852
-1344688.95852
-1344688.95852
-1344688.95852
-1344688.95852
-1344688.95852
-1344688.95852
-1344688.95852
-1344688.95852
-1344688.95852
-1344688.95852
-1344688.95852
-1344688.95852
-1344688.95852
-1344688.95852
-1344688.95852
-1344688.95852
-1344688.95852
-1344688.95852
-1344688.95852
-1344688.95852
-1344688.95852
-1344688.95852
-1344688.95852
-1344688.95852
-1344688.95852
-1344688.95852
-1344688.95852
-1344688.95852
-1344688.95852
-1344688.95852
-1344688.95852
-1344688.95852
-1344688.95852
-1344688.95852
-1344688.95852
-1344688.95852
-1344688.95852
-1344688.95852
-1344688.95852
-1344688.95852
-1344688.95852
-1344688.95852
-1344688.95852
-1344688.95852
-1344688.95852
-1344688.95852
-1344688.95852
-1344688.95852
-1344688.95852
-1344688.95852
-1344688.95852
-1344688.95852
-1344688.95852
-1344688.95852
-1344688.95852
-1344688.95852
-1344688.95852
-1344688.95852
-1344688.95852
-1344688.95852
-1344688.95852
-1344688.95852
-1344688.95852
-1344688.95852
-1344688.95852
-1344688.95852
-1344688.95852
-1344688.95852
-1344688.95852
-1344688.95852
-1344688.95852
-1344688.95852
-1344688.95852
-1344688.95852
-1344688.95852
-1344688.95852
-1344688.95852
-1344688.95852
-1344688.95852
-1344688.95852
-1344688.95852
-1344688.95852
-1344688.95852
-1344688.95852
-1344688.95852
-1344688.95852
-1344688.95852
-1344688.95852
-1344688.95852
-1344688.95852
-1344688.95852
-1344688.95852
-1344688.95852
-1344688.95852
-1344688.95852
-1344688.95852
-1344688.95852
-1344688.95852
-1344688.95852
-1344688.95852
-1344688.95852
-1344688.95852
-1344688.95852
-1344688.95852
-1344688.95852
-1344688.95852
-1344688.95852
-1344688.95852
-1344688.95852
-1344688.95852
-1344688.95852
-1344688.95852
-1344688.95852
-1344688.95852
-1344688.95852
-1344688.95852
-1344688.95852
-1344688.95852
-1344688.95852
-1344688.95852
-1344688.95852
-1344688.95852
-1344688.95852
-1344688.95852
-1344688.95852
-1344688.95852
-1344688.95852
-1344688.95852
-1344688.95852
-1344688.95852
-1344688.95852
-1344688.95852
-1344688.95852
-1344688.95852
-1344688.95852
-1344688.95852
-1344688.95852
-1344688.95852
-1344688.95852
-1344688.95852
-1344688.95852
-1344688.95852
-1344688.95852
-1344688.95852
-1344688.95852
-1344688.95852
-1344688.95852
-1344688.95852
-1344688.95852
-1344688.95852
-1344688.95852
-1344688.95852
-1344688.95852
