-1111168.54337
-1282742.06288
-1319020.68532
-1319020.68532
-1323184.40068
-1324237.17434
-1324237.17434
-1324237.17434
-1324237.17434
-1324237.17434
-1324237.17434
-1324237.17434
-1324237.17434
-1324237.17434
-1324237.17434
-1324237.17434
-1324237.17434
-1324237.17434
-1324237.17434
-1324237.17434
-1324237.17434
-1334908.47762
-1334908.47762
-1334908.47762
-1334908.47762
-1334908.47762
-1334908.47762
-1334908.47762
-1334908.47762
-1334908.47762
-1334908.47762
-1334908.47762
-1334908.47762
-1338519.64347
-1338519.64347
-1338519.64347
-1338519.64347
-1338519.64347
-1338519.64347
-1338519.64347
-1338519.64347
-1338519.64347
-1338519.64347
-1338519.64347
-1338519.64347
-1338519.64347
-1338519.64347
-1338519.64347
-1338519.64347
-1338519.64347
-1338519.64347
-1338519.64347
-1338519.64347
-1338519.64347
-1338519.64347
-1338519.64347
-1338519.64347
-1338519.64347
-1338519.64347
-1338519.64347
-1338519.64347
-1338519.64347
-1338519.64347
-1338519.64347
-1338519.64347
-1338519.64347
-1338519.64347
-1338519.64347
-1338519.64347
-1338519.64347
-1338519.64347
-1338519.64347
-1338519.64347
-1338519.64347
-1338519.64347
-1338519.64347
-1338519.64347
-1338519.64347
-1338519.64347
-1338519.64347
-1338519.64347
-1338519.64347
-1338519.64347
-1338519.64347
-1338519.64347
-1338519.64347
-1338519.64347
-1338519.64347
-1338519.64347
-1338519.64347
-1338519.64347
-1338519.64347
-1338519.64347
-1338519.64347
-1338519.64347
-1338519.64347
-1338519.64347
-1338519.64347
-1338519.64347
-1338519.64347
-1338519.64347
-1338519.64347
-1338519.64347
-1338519.64347
-1338519.64347
-1341231.13972
-1341231.13972
-1341231.13972
-1341231.13972
-1341231.13972
-1341231.13972
-1341231.13972
-1341231.13972
-1341231.13972
-1341231.13972
-1341231.13972
-1341231.13972
-1341231.13972
-1341231.13972
-1341231.13972
-1341231.13972
-1341231.13972
-1341231.13972
-1341231.13972
-1341231.13972
-1341231.13972
-1341231.13972
-1341231.13972
-1341231.13972
-1341231.13972
-1341231.13972
-1341231.13972
-1341231.13972
-1341231.13972
-1341231.13972
-1341231.13972
-1341231.13972
-1341231.13972
-1341231.13972
-1341231.13972
-1341231.13972
-1341231.13972
-1341231.13972
-1341231.13972
-1341231.13972
-1341231.13972
-1341231.13972
-1341231.13972
-1341231.13972
-1341231.13972
-1341231.13972
-1341231.13972
-1341231.13972
-1341231.13972
-1341231.13972
-1341231.13972
-1341231.13972
-1341231.13972
-1341231.13972
-1341231.13972
-1341231.13972
-1341231.13972
-1341231.13972
-1341231.13972
-1341231.13972
-1341231.13972
-1341231.13972
-1341231.13972
-1341231.13972
-1341231.13972
-1341231.13972
-1341231.13972
-1341231.13972
-1341231.13972
-1341231.13972
-1341231.13972
-1341231.13972
-1341231.13972
-1341231.13972
-1341231.13972
-1341231.13972
-1341231.13972
-1341231.13972
-1341231.13972
-1341231.13972
-1341231.13972
-1342681.35156
-1342681.35156
-1342681.35156
-1342681.35156
-1342681.35156
-1342681.35156
-1342681.35156
-1342681.35156
-1342681.35156
-1342681.35156
-1342681.35156
-1342681.35156
-1342681.35156
-1342681.35156
-1342681.35156
-1342681.35156
-1342681.35156
-1342681.35156
-1342681.35156
-1342681.35156
-1342681.35156
-1342681.35156
-1342681.35156
-1342681.35156
-1342681.35156
-1342681.35156
-1342681.35156
-1342681.35156
-1342681.35156
-1342681.35156
-1342681.35156
-1342681.35156
-1342681.35156
-1342681.35156
-1342681.35156
-1342681.35156
-1342681.35156
-1342681.35156
-1342681.35156
-1342681.35156
-1342681.35156
-1342681.35156
-1342681.35156
-1342681.35156
-1342681.35156
-1342681.35156
-1342681.35156
-1342681.35156
-1342681.35156
-1345615.92992
-1345615.92992
-1345615.92992
-1345615.92992
-1345615.92992
-1345615.92992
-1345615.92992
-1345615.92992
-1345615.92992
-1345615.92992
-1345615.92992
-1345615.92992
-1345615.92992
-1345615.92992
-1345615.92992
-1345615.92992
-1345615.92992
-1345615.92992
-1345615.92992
-1345615.92992
-1345615.92992
-1345615.92992
-1345615.92992
-1345615.92992
-1345615.92992
-1345615.92992
-1345615.92992
-1345615.92992
-1345615.92992
-1345615.92992
-1345615.92992
-1345615.92992
-1345615.92992
-1345615.92992
-1345615.92992
-1345615.92992
-1345615.92992
-1345615.92992
-1345615.92992
-1345615.92992
-1345615.92992
-1345615.92992
-1345615.92992
-1345615.92992
-1345615.92992
-1345615.92992
-1345615.92992
-1345615.92992
-1345615.92992
-1345615.92992
-1345615.92992
-1345615.92992
-1345615.92992
-1345615.92992
-1345615.92992
-1345615.92992
-1345615.92992
-1345615.92992
-1345615.92992
-1345615.92992
-1345615.92992
-1345615.92992
-1345615.92992
-1345615.92992
-1345615.92992
