-331477.938318
-365413.547828
-377142.095549
-377142.095549
-377142.095549
-377142.095549
-377142.095549
-377142.095549
-377142.095549
-377142.095549
-377142.095549
-377142.095549
-377142.095549
-377142.095549
-377142.095549
-377142.095549
-377142.095549
-377142.095549
-377142.095549
-377142.095549
-377142.095549
-377142.095549
-377142.095549
-379217.824726
-379217.824726
-379217.824726
-379217.824726
-379217.824726
-379217.824726
-379217.824726
-379217.824726
-379217.824726
-379217.824726
-379217.824726
-379217.824726
-380393.164957
-380393.164957
-380393.164957
-380393.164957
-380393.164957
-380393.164957
-380393.164957
-380393.164957
-380393.164957
-380393.164957
-380393.164957
-380393.164957
-380393.164957
-380393.164957
-380393.164957
-380393.164957
-380393.164957
-380393.164957
-380393.164957
-380393.164957
-380393.164957
-380393.164957
-380393.164957
-380393.164957
-380393.164957
-380393.164957
-380393.164957
-380393.164957
-380393.164957
-380393.164957
-380393.164957
-380393.164957
-380393.164957
-380393.164957
-380393.164957
-383280.336441
-383280.336441
-383280.336441
-383280.336441
-383280.336441
-383280.336441
-383280.336441
-383280.336441
-383280.336441
-383280.336441
-383280.336441
-383280.336441
-383280.336441
-383280.336441
-383280.336441
-383280.336441
-383280.336441
-383280.336441
-383280.336441
-383280.336441
-383280.336441
-383280.336441
-383280.336441
-383280.336441
-383280.336441
-383280.336441
-383280.336441
-383280.336441
-383280.336441
-383280.336441
-390079.425658
-390079.425658
-390079.425658
-390079.425658
-390079.425658
-390079.425658
-390079.425658
-390079.425658
-390079.425658
-390079.425658
-390079.425658
-390079.425658
-390079.425658
-390079.425658
-390079.425658
-390079.425658
-390079.425658
-390079.425658
-390079.425658
-390079.425658
-390079.425658
-390079.425658
-390079.425658
-390079.425658
-390079.425658
-390079.425658
-390079.425658
-390079.425658
-390079.425658
-390079.425658
-390079.425658
-390079.425658
-390079.425658
-390079.425658
-390079.425658
-390079.425658
-390079.425658
-390079.425658
-390079.425658
-390079.425658
-390079.425658
-390079.425658
-390079.425658
-390079.425658
-390079.425658
-390079.425658
-390079.425658
-390079.425658
-390079.425658
-390079.425658
-390079.425658
-390079.425658
-390079.425658
-390079.425658
-390079.425658
-390079.425658
-390079.425658
-390079.425658
-390079.425658
-390079.425658
-390079.425658
-390079.425658
-390079.425658
-390079.425658
-390079.425658
-390079.425658
-390079.425658
-390079.425658
-390079.425658
-390079.425658
-390079.425658
-390079.425658
-390079.425658
-390079.425658
-390079.425658
-390079.425658
-390079.425658
-390079.425658
-390079.425658
-390079.425658
-390079.425658
-390079.425658
-390079.425658
-390079.425658
-390079.425658
-390079.425658
-390079.425658
-390079.425658
-390079.425658
-390079.425658
-390079.425658
-390079.425658
-390079.425658
-390079.425658
-390079.425658
-390079.425658
-390079.425658
-390079.425658
-390079.425658
-390079.425658
