-1077561.35199
-1284716.7661
-1321628.96175
-1321628.96175
-1321628.96175
-1323979.72329
-1323979.72329
-1323979.72329
-1325284.49015
-1325284.49015
-1325284.49015
-1325284.49015
-1325284.49015
-1325284.49015
-1325284.49015
-1325284.49015
-1330358.4905
-1330358.4905
-1330358.4905
-1330358.4905
-1330358.4905
-1330358.4905
-1330358.4905
-1340413.2301
-1340413.2301
-1340413.2301
-1340413.2301
-1340413.2301
-1340413.2301
-1340413.2301
-1340413.2301
-1340413.2301
-1340413.2301
-1340413.2301
-1340413.2301
-1340413.2301
-1340413.2301
-1340413.2301
-1340413.2301
-1340413.2301
-1340413.2301
-1340413.2301
-1340413.2301
-1340413.2301
-1340413.2301
-1340413.2301
-1340413.2301
-1340413.2301
-1340413.2301
-1340413.2301
-1340413.2301
-1342093.2343
-1342093.2343
-1342093.2343
-1342093.2343
-1342093.2343
-1342093.2343
-1342093.2343
-1342093.2343
-1342093.2343
-1342093.2343
-1342093.2343
-1342093.2343
-1342093.2343
-1342093.2343
-1342093.2343
-1342093.2343
-1342330.57282
-1342330.57282
-1342330.57282
-1342330.57282
-1342330.57282
-1342330.57282
-1342330.57282
-1342330.57282
-1342330.57282
-1342330.57282
-1342330.57282
-1342330.57282
-1342330.57282
-1342330.57282
-1342330.57282
-1342330.57282
-1342330.57282
-1342330.57282
-1342330.57282
-1342330.57282
-1342330.57282
-1342330.57282
-1342330.57282
-1342330.57282
-1342330.57282
-1342330.57282
-1342330.57282
-1342330.57282
-1342330.57282
-1342330.57282
-1342330.57282
-1342330.57282
-1342330.57282
-1342330.57282
-1342330.57282
-1342330.57282
-1342330.57282
-1342330.57282
-1342330.57282
-1342330.57282
-1342330.57282
-1342330.57282
-1342330.57282
-1342330.57282
-1342330.57282
-1342330.57282
-1342330.57282
-1342330.57282
-1342330.57282
-1342330.57282
-1342330.57282
-1342330.57282
-1342330.57282
-1342330.57282
-1342330.57282
-1342330.57282
-1342330.57282
-1342330.57282
-1342330.57282
-1342330.57282
-1342330.57282
-1342330.57282
-1342330.57282
-1342330.57282
-1342330.57282
-1342330.57282
-1342330.57282
-1342330.57282
-1342330.57282
-1342330.57282
-1342330.57282
-1342330.57282
-1342330.57282
-1342330.57282
-1342330.57282
-1342330.57282
-1342330.57282
-1342330.57282
-1342330.57282
-1342330.57282
-1342330.57282
-1342330.57282
-1342330.57282
-1342330.57282
-1342330.57282
-1342330.57282
-1342330.57282
-1342330.57282
-1342330.57282
-1342330.57282
-1342330.57282
-1342330.57282
-1342330.57282
-1342330.57282
-1342330.57282
-1342330.57282
-1342330.57282
-1342330.57282
-1342330.57282
-1342330.57282
-1342330.57282
-1342330.57282
-1342330.57282
-1342330.57282
-1342330.57282
-1342330.57282
-1342330.57282
-1342330.57282
-1342330.57282
-1342330.57282
-1342330.57282
-1342330.57282
-1342330.57282
-1342330.57282
-1342330.57282
-1342330.57282
-1342330.57282
-1342330.57282
-1342330.57282
-1342330.57282
-1342330.57282
-1342330.57282
-1342330.57282
-1342330.57282
-1342330.57282
-1342330.57282
-1342330.57282
-1342330.57282
-1342330.57282
-1342330.57282
-1342330.57282
-1342330.57282
-1342330.57282
-1342330.57282
-1342330.57282
-1342330.57282
-1342330.57282
-1342330.57282
-1342330.57282
-1342330.57282
-1342330.57282
-1342330.57282
-1342330.57282
-1342330.57282
-1342330.57282
-1342330.57282
-1342330.57282
-1342330.57282
-1342330.57282
-1342330.57282
-1342330.57282
-1342330.57282
-1342330.57282
-1342330.57282
-1343421.07382
-1343421.07382
-1343421.07382
-1343421.07382
-1343421.07382
-1343421.07382
-1343421.07382
-1343421.07382
-1343421.07382
-1343421.07382
-1343421.07382
-1343421.07382
-1343421.07382
-1343421.07382
-1343421.07382
-1343421.07382
-1343421.07382
-1343421.07382
-1343421.07382
-1343421.07382
-1343421.07382
-1343421.07382
-1343421.07382
-1343421.07382
-1343421.07382
-1343421.07382
-1343421.07382
-1343421.07382
-1343421.07382
-1343421.07382
-1343421.07382
-1343421.07382
-1343421.07382
-1343421.07382
-1343421.07382
-1343421.07382
-1343421.07382
-1343421.07382
-1343421.07382
-1343421.07382
-1343421.07382
-1343421.07382
-1343421.07382
-1343421.07382
-1343421.07382
-1343421.07382
-1343421.07382
-1343421.07382
-1343421.07382
-1343421.07382
-1343421.07382
-1343421.07382
-1343421.07382
-1343421.07382
-1343421.07382
-1343421.07382
-1343421.07382
-1343421.07382
-1348092.24795
-1348092.24795
-1348092.24795
-1348092.24795
-1348092.24795
-1348092.24795
-1348092.24795
-1349554.59758
-1349554.59758
-1349554.59758
-1349554.59758
-1349554.59758
-1349554.59758
-1349554.59758
-1349554.59758
-1349554.59758
-1349554.59758
-1349554.59758
-1349554.59758
-1349554.59758
-1349554.59758
