-1065010.08071
-1281225.1061
-1294429.49508
-1305559.73453
-1308235.55953
-1308625.13704
-1308625.13704
-1312682.37337
-1319169.66912
-1319169.66912
-1331617.30566
-1331617.30566
-1331617.30566
-1331617.30566
-1331617.30566
-1331617.30566
-1331617.30566
-1331617.30566
-1339888.10337
-1339888.10337
-1339888.10337
-1339888.10337
-1339888.10337
-1339888.10337
-1339888.10337
-1339888.10337
-1339888.10337
-1339888.10337
-1339888.10337
-1339888.10337
-1339888.10337
-1339888.10337
-1339888.10337
-1339888.10337
-1339888.10337
-1339888.10337
-1339888.10337
-1339888.10337
-1339888.10337
-1339888.10337
-1339888.10337
-1339888.10337
-1339888.10337
-1339888.10337
-1339888.10337
-1339888.10337
-1339888.10337
-1339888.10337
-1339888.10337
-1339888.10337
-1339888.10337
-1339888.10337
-1339888.10337
-1339888.10337
-1339888.10337
-1339888.10337
-1339888.10337
-1339888.10337
-1339888.10337
-1339888.10337
-1339888.10337
-1339888.10337
-1339888.10337
-1339888.10337
-1339888.10337
-1339888.10337
-1339888.10337
-1339888.10337
-1339888.10337
-1339888.10337
-1339888.10337
-1339888.10337
-1339888.10337
-1339888.10337
-1339888.10337
-1339888.10337
-1339888.10337
-1339888.10337
-1339888.10337
-1339888.10337
-1339888.10337
-1339888.10337
-1339888.10337
-1339888.10337
-1339888.10337
-1339888.10337
-1339888.10337
-1339888.10337
-1339888.10337
-1339888.10337
-1339888.10337
-1339888.10337
-1339888.10337
-1339888.10337
-1339888.10337
-1339888.10337
-1339888.10337
-1339888.10337
-1339888.10337
-1339888.10337
-1339888.10337
-1339888.10337
-1339888.10337
-1339888.10337
-1339888.10337
-1339888.10337
-1339888.10337
-1339888.10337
-1339888.10337
-1339888.10337
-1339888.10337
-1339888.10337
-1339888.10337
-1339888.10337
-1339888.10337
-1339888.10337
-1339888.10337
-1339888.10337
-1339888.10337
-1339888.10337
-1339888.10337
-1339888.10337
-1339888.10337
-1339888.10337
-1339888.10337
-1339888.10337
-1339888.10337
-1339888.10337
-1339888.10337
-1339888.10337
-1339888.10337
-1339888.10337
-1339888.10337
-1339888.10337
-1339888.10337
-1339888.10337
-1339888.10337
-1339888.10337
-1339888.10337
-1339888.10337
-1339888.10337
-1339888.10337
-1339888.10337
-1339888.10337
-1339888.10337
-1339888.10337
-1339888.10337
-1339888.10337
-1339888.10337
-1339888.10337
-1339888.10337
-1339888.10337
-1339888.10337
-1339888.10337
-1349496.02648
-1349496.02648
-1349496.02648
-1349496.02648
-1349496.02648
-1349496.02648
-1349496.02648
-1349496.02648
-1349496.02648
-1349496.02648
-1349496.02648
-1349496.02648
-1349496.02648
-1349496.02648
-1349496.02648
-1349496.02648
-1349496.02648
-1349496.02648
-1349496.02648
-1349496.02648
-1349496.02648
-1349496.02648
-1349496.02648
-1349496.02648
-1349496.02648
-1349496.02648
-1349496.02648
-1349496.02648
-1349496.02648
-1349496.02648
-1349496.02648
-1349496.02648
-1349496.02648
-1349496.02648
-1349496.02648
-1349496.02648
-1349496.02648
-1349496.02648
-1349496.02648
-1349496.02648
-1349496.02648
-1349496.02648
-1349496.02648
-1349496.02648
-1349496.02648
-1349496.02648
-1349496.02648
-1349496.02648
-1349496.02648
-1349496.02648
-1349496.02648
-1349496.02648
-1349496.02648
-1349496.02648
-1349496.02648
-1349496.02648
-1349496.02648
-1349496.02648
-1349496.02648
-1349496.02648
-1349496.02648
-1349496.02648
-1349496.02648
-1349496.02648
-1349496.02648
-1349496.02648
-1349496.02648
-1349496.02648
-1349496.02648
-1349496.02648
-1349496.02648
-1349496.02648
-1349496.02648
-1349496.02648
-1349496.02648
-1349496.02648
-1349496.02648
-1349496.02648
-1349496.02648
-1349496.02648
-1349496.02648
-1349496.02648
-1349496.02648
-1349496.02648
-1349496.02648
-1353933.95266
-1353933.95266
-1353933.95266
-1353933.95266
-1353933.95266
-1353933.95266
-1353933.95266
-1353933.95266
-1353933.95266
-1353933.95266
-1353933.95266
-1353933.95266
-1353933.95266
-1353933.95266
-1353933.95266
-1353933.95266
-1353933.95266
-1353933.95266
-1353933.95266
-1353933.95266
-1353933.95266
-1353933.95266
-1353933.95266
-1353933.95266
-1353933.95266
-1353933.95266
-1353933.95266
-1353933.95266
-1353933.95266
-1353933.95266
-1353933.95266
-1353933.95266
-1353933.95266
-1353933.95266
-1353933.95266
-1353933.95266
-1353933.95266
-1353933.95266
-1353933.95266
-1353933.95266
-1353933.95266
-1353933.95266
-1353933.95266
-1353933.95266
-1353933.95266
-1353933.95266
-1353933.95266
-1353933.95266
-1353933.95266
-1353933.95266
-1353933.95266
-1353933.95266
-1353933.95266
-1353933.95266
-1353933.95266
-1353933.95266
-1353933.95266
-1353933.95266
-1353933.95266
-1353933.95266
-1353933.95266
