-1078851.35709
-1255280.3429
-1295028.34224
-1306430.32163
-1306430.32163
-1321540.01194
-1324049.25909
-1324049.25909
-1324049.25909
-1335325.05998
-1335325.05998
-1335325.05998
-1335325.05998
-1335325.05998
-1335325.05998
-1335325.05998
-1335325.05998
-1335325.05998
-1335325.05998
-1335325.05998
-1335325.05998
-1335325.05998
-1335325.05998
-1335325.05998
-1335325.05998
-1335325.05998
-1339132.79762
-1339132.79762
-1341701.90755
-1341701.90755
-1341701.90755
-1341701.90755
-1341701.90755
-1341701.90755
-1341701.90755
-1341701.90755
-1341701.90755
-1341701.90755
-1341701.90755
-1341701.90755
-1341701.90755
-1341701.90755
-1341701.90755
-1341701.90755
-1341701.90755
-1341701.90755
-1341701.90755
-1341701.90755
-1341701.90755
-1341701.90755
-1341701.90755
-1341701.90755
-1341701.90755
-1341701.90755
-1341701.90755
-1341701.90755
-1341701.90755
-1341701.90755
-1341701.90755
-1341834.89348
-1341834.89348
-1341834.89348
-1341834.89348
-1341834.89348
-1341834.89348
-1341834.89348
-1341834.89348
-1341834.89348
-1341834.89348
-1341834.89348
-1341834.89348
-1341834.89348
-1341834.89348
-1341834.89348
-1341834.89348
-1341834.89348
-1341834.89348
-1341834.89348
-1341834.89348
-1341834.89348
-1341834.89348
-1341834.89348
-1341834.89348
-1341834.89348
-1341834.89348
-1341834.89348
-1341834.89348
-1341834.89348
-1341834.89348
-1341834.89348
-1341834.89348
-1341834.89348
-1341834.89348
-1341834.89348
-1341834.89348
-1341834.89348
-1341834.89348
-1341834.89348
-1341834.89348
-1341834.89348
-1341834.89348
-1341834.89348
-1341834.89348
-1341834.89348
-1341834.89348
-1341834.89348
-1341834.89348
-1341834.89348
-1341834.89348
-1341834.89348
-1341834.89348
-1341834.89348
-1341834.89348
-1341834.89348
-1341834.89348
-1341834.89348
-1341834.89348
-1341834.89348
-1341834.89348
-1341834.89348
-1341834.89348
-1341834.89348
-1341834.89348
-1341834.89348
-1341834.89348
-1341834.89348
-1341834.89348
-1341834.89348
-1341834.89348
-1341834.89348
-1341834.89348
-1341834.89348
-1341834.89348
-1341834.89348
-1341834.89348
-1341834.89348
-1341834.89348
-1341834.89348
-1341834.89348
-1341834.89348
-1341834.89348
-1341834.89348
-1341834.89348
-1341834.89348
-1341834.89348
-1341834.89348
-1341834.89348
-1341834.89348
-1341834.89348
-1341834.89348
-1341834.89348
-1341834.89348
-1341834.89348
-1341834.89348
-1341834.89348
-1341834.89348
-1341834.89348
-1341834.89348
-1341834.89348
-1341834.89348
-1341834.89348
-1341834.89348
-1341834.89348
-1341834.89348
-1341834.89348
-1341834.89348
-1341834.89348
-1341834.89348
-1341834.89348
-1341834.89348
-1341834.89348
-1341834.89348
-1341834.89348
-1341834.89348
-1341834.89348
-1341834.89348
-1341834.89348
-1341834.89348
-1341834.89348
-1341834.89348
-1341834.89348
-1341834.89348
-1343434.9165
-1343434.9165
-1343434.9165
-1343434.9165
-1343434.9165
-1343434.9165
-1343434.9165
-1343434.9165
-1343434.9165
-1343434.9165
-1343434.9165
-1343434.9165
-1343434.9165
-1343434.9165
-1343434.9165
-1343434.9165
-1343434.9165
-1343434.9165
-1343434.9165
-1343434.9165
-1343434.9165
-1343434.9165
-1343434.9165
-1343434.9165
-1343434.9165
-1343434.9165
-1343434.9165
-1343434.9165
-1343434.9165
-1343434.9165
-1343434.9165
-1343434.9165
-1343434.9165
-1343434.9165
-1343434.9165
-1343434.9165
-1343434.9165
-1343434.9165
-1343434.9165
-1343434.9165
-1343434.9165
-1343434.9165
-1343434.9165
-1343434.9165
-1343434.9165
-1343434.9165
-1343434.9165
-1343434.9165
-1343434.9165
-1343434.9165
-1343434.9165
-1343434.9165
-1343434.9165
-1343434.9165
-1343434.9165
-1343434.9165
-1343434.9165
-1343434.9165
-1343434.9165
-1343434.9165
-1343434.9165
-1355514.68598
-1355514.68598
-1355514.68598
-1355514.68598
-1355514.68598
-1355514.68598
-1355514.68598
-1355514.68598
-1355514.68598
-1355514.68598
-1355514.68598
-1355514.68598
-1355514.68598
-1355514.68598
-1355514.68598
-1355514.68598
-1355514.68598
-1355514.68598
-1355514.68598
-1355514.68598
-1355514.68598
-1355514.68598
-1355514.68598
-1355514.68598
-1355514.68598
-1355514.68598
-1355514.68598
-1355514.68598
-1355514.68598
-1355514.68598
-1355514.68598
-1355514.68598
-1355514.68598
-1355514.68598
-1355514.68598
-1355514.68598
-1355514.68598
-1355514.68598
-1355514.68598
-1355514.68598
-1355514.68598
-1355514.68598
-1355514.68598
-1355514.68598
-1355514.68598
-1355514.68598
-1355514.68598
-1355514.68598
-1355514.68598
-1355514.68598
-1355514.68598
-1355514.68598
-1355514.68598
-1355514.68598
-1355514.68598
-1355514.68598
-1355514.68598
