-639665.925049
-724379.635794
-731872.028012
-738555.140481
-743626.9283
-751259.133464
-751259.133464
-751259.133464
-751259.133464
-753324.287624
-759598.056399
-759598.056399
-759598.056399
-762069.666724
-762069.666724
-762069.666724
-762069.666724
-762069.666724
-762069.666724
-762069.666724
-762069.666724
-762069.666724
-762069.666724
-762069.666724
-762069.666724
-762069.666724
-766413.27934
-766413.27934
-766413.27934
-766413.27934
-766413.27934
-766413.27934
-766413.27934
-766413.27934
-766413.27934
-766413.27934
-766413.27934
-766413.27934
-766413.27934
-766413.27934
-766413.27934
-766413.27934
-766413.27934
-766413.27934
-766413.27934
-766413.27934
-766413.27934
-766413.27934
-766413.27934
-766413.27934
-766413.27934
-766413.27934
-766413.27934
-766413.27934
-766413.27934
-766413.27934
-767231.218497
-767231.218497
-767231.218497
-767231.218497
-767231.218497
-767231.218497
-767231.218497
-767231.218497
-769047.750359
-769047.750359
-769047.750359
-769047.750359
-769047.750359
-769047.750359
-769047.750359
-769047.750359
-769047.750359
-769047.750359
-769047.750359
-769047.750359
-769047.750359
-769047.750359
-769047.750359
-769047.750359
-769047.750359
-772789.222272
-772789.222272
-772789.222272
-772789.222272
-772789.222272
-772789.222272
-772789.222272
-772789.222272
-772789.222272
-772789.222272
-772789.222272
-772789.222272
-772789.222272
-772789.222272
-772789.222272
-772789.222272
-772789.222272
-772789.222272
-772789.222272
-772789.222272
-772789.222272
-772789.222272
-772789.222272
-772789.222272
-772789.222272
-772789.222272
-772789.222272
-772789.222272
-772789.222272
-772789.222272
-772789.222272
-772789.222272
-772789.222272
-772789.222272
-772789.222272
-772789.222272
-772789.222272
-772789.222272
-772789.222272
-772789.222272
-772789.222272
-772789.222272
-772789.222272
-772789.222272
-772789.222272
-772789.222272
-772789.222272
-772789.222272
-772789.222272
-772789.222272
-772789.222272
-772789.222272
-772789.222272
-772789.222272
-772789.222272
-772789.222272
-772789.222272
-772789.222272
-772789.222272
-772789.222272
-772789.222272
-772789.222272
-772789.222272
-772789.222272
-772789.222272
-772789.222272
-772789.222272
-772789.222272
-772789.222272
-772789.222272
-772789.222272
-772789.222272
-772789.222272
-772789.222272
-772789.222272
-772789.222272
-772789.222272
-772789.222272
-772789.222272
-772789.222272
-772789.222272
-772789.222272
-772789.222272
-772789.222272
-772789.222272
-772789.222272
-772789.222272
-772789.222272
-772789.222272
-772789.222272
-772789.222272
-772789.222272
-772789.222272
-772789.222272
-772789.222272
-772789.222272
-772789.222272
-772789.222272
-772789.222272
-772789.222272
-772789.222272
-772789.222272
-772789.222272
-772789.222272
-772789.222272
-772789.222272
-772789.222272
-772789.222272
-772789.222272
-772789.222272
-772789.222272
-772789.222272
-772789.222272
-772789.222272
-772789.222272
-772789.222272
-772789.222272
-772789.222272
-772789.222272
