-327995.791828
-359419.500388
-370670.665196
-370670.665196
-373169.486168
-373169.486168
-373169.486168
-373169.486168
-373169.486168
-374148.139652
-374148.139652
-374148.139652
-377984.489324
-377984.489324
-377984.489324
-377984.489324
-377984.489324
-377984.489324
-377984.489324
-378787.500415
-378787.500415
-378787.500415
-378787.500415
-378787.500415
-378787.500415
-378787.500415
-378787.500415
-378787.500415
-378787.500415
-378787.500415
-378787.500415
-378787.500415
-378787.500415
-378787.500415
-378787.500415
-378787.500415
-378787.500415
-378787.500415
-378787.500415
-378787.500415
-378787.500415
-378787.500415
-378787.500415
-378787.500415
-378787.500415
-378787.500415
-378787.500415
-378787.500415
-378787.500415
-378787.500415
-378787.500415
-378787.500415
-378787.500415
-378787.500415
-378787.500415
-378787.500415
-378787.500415
-378787.500415
-378787.500415
-378787.500415
-378787.500415
-378787.500415
-378787.500415
-378787.500415
-378787.500415
-378787.500415
-378787.500415
-378787.500415
-378787.500415
-378787.500415
-378787.500415
-378787.500415
-378787.500415
-378787.500415
-378787.500415
-378787.500415
-378787.500415
-378787.500415
-378787.500415
-378787.500415
-378787.500415
-378787.500415
-378787.500415
-378787.500415
-378787.500415
-378787.500415
-378787.500415
-378787.500415
-378787.500415
-378787.500415
-378787.500415
-378787.500415
-378787.500415
-378787.500415
-378787.500415
-378787.500415
-378787.500415
-378787.500415
-378787.500415
-378787.500415
-378787.500415
-378787.500415
-378787.500415
-378787.500415
-378787.500415
-378787.500415
-378787.500415
-381077.685078
-381077.685078
-381077.685078
-381077.685078
-381077.685078
-381077.685078
-381077.685078
-381077.685078
-381077.685078
-381077.685078
-381077.685078
-381077.685078
-381077.685078
-381077.685078
-384544.554028
-384544.554028
-384544.554028
-384544.554028
-384544.554028
-384544.554028
-384544.554028
-384544.554028
-384544.554028
-384544.554028
-384544.554028
-384544.554028
-384544.554028
-384544.554028
-384544.554028
-384544.554028
-384544.554028
-384544.554028
-384544.554028
-384544.554028
-384544.554028
-384544.554028
-384544.554028
-384544.554028
-384544.554028
-384544.554028
-384544.554028
-384544.554028
-384544.554028
-384544.554028
-384544.554028
-384544.554028
-384544.554028
-384544.554028
-384544.554028
-384544.554028
-384544.554028
-384544.554028
-384544.554028
-384544.554028
-384544.554028
-384544.554028
-384544.554028
-384544.554028
-384544.554028
-384544.554028
-384544.554028
-384544.554028
-384544.554028
-384544.554028
-384544.554028
-384544.554028
-384544.554028
-384544.554028
-384544.554028
-384544.554028
-384544.554028
-384544.554028
-384544.554028
-384544.554028
-384544.554028
-384544.554028
-384544.554028
-384544.554028
-384544.554028
-384544.554028
-384544.554028
-384544.554028
-384544.554028
-384544.554028
-384544.554028
-384544.554028
-384544.554028
-384544.554028
-384544.554028
-384544.554028
-384544.554028
-384544.554028
-384544.554028
