-625501.188899
-722200.039399
-749418.941992
-749418.941992
-759319.551006
-759319.551006
-770786.330256
-770786.330256
-770786.330256
-770786.330256
-770786.330256
-770786.330256
-770786.330256
-770786.330256
-770786.330256
-770786.330256
-770786.330256
-770786.330256
-770786.330256
-770786.330256
-773999.729522
-773999.729522
-773999.729522
-773999.729522
-773999.729522
-773999.729522
-773999.729522
-773999.729522
-773999.729522
-773999.729522
-773999.729522
-773999.729522
-773999.729522
-773999.729522
-773999.729522
-773999.729522
-773999.729522
-773999.729522
-773999.729522
-773999.729522
-773999.729522
-773999.729522
-773999.729522
-773999.729522
-773999.729522
-773999.729522
-773999.729522
-773999.729522
-773999.729522
-773999.729522
-773999.729522
-773999.729522
-773999.729522
-773999.729522
-773999.729522
-773999.729522
-773999.729522
-773999.729522
-773999.729522
-773999.729522
-773999.729522
-773999.729522
-773999.729522
-773999.729522
-773999.729522
-773999.729522
-773999.729522
-773999.729522
-773999.729522
-773999.729522
-773999.729522
-773999.729522
-773999.729522
-773999.729522
-773999.729522
-773999.729522
-773999.729522
-773999.729522
-773999.729522
-773999.729522
-773999.729522
-773999.729522
-773999.729522
-773999.729522
-773999.729522
-773999.729522
-773999.729522
-773999.729522
-773999.729522
-773999.729522
-773999.729522
-773999.729522
-773999.729522
-773999.729522
-773999.729522
-773999.729522
-773999.729522
-773999.729522
-773999.729522
-773999.729522
-773999.729522
-773999.729522
-773999.729522
-773999.729522
-773999.729522
-773999.729522
-773999.729522
-773999.729522
-773999.729522
-773999.729522
-773999.729522
-773999.729522
-773999.729522
-773999.729522
-773999.729522
-773999.729522
-773999.729522
-773999.729522
-773999.729522
-773999.729522
-773999.729522
-773999.729522
-773999.729522
-773999.729522
-773999.729522
-773999.729522
-773999.729522
-773999.729522
-773999.729522
-773999.729522
-773999.729522
-773999.729522
-773999.729522
-773999.729522
-773999.729522
-773999.729522
-773999.729522
-773999.729522
-773999.729522
-773999.729522
-773999.729522
-773999.729522
-773999.729522
-773999.729522
-773999.729522
-773999.729522
-773999.729522
-773999.729522
-773999.729522
-773999.729522
-773999.729522
-773999.729522
-773999.729522
-773999.729522
-773999.729522
-773999.729522
-773999.729522
-773999.729522
-773999.729522
-773999.729522
-773999.729522
-773999.729522
-773999.729522
-773999.729522
-773999.729522
-773999.729522
-773999.729522
-773999.729522
-773999.729522
-773999.729522
-773999.729522
-773999.729522
-773999.729522
-773999.729522
-773999.729522
-773999.729522
-773999.729522
-773999.729522
-773999.729522
-773999.729522
-773999.729522
-773999.729522
-773999.729522
-773999.729522
-773999.729522
-773999.729522
-773999.729522
-773999.729522
-773999.729522
-773999.729522
-773999.729522
-773999.729522
-773999.729522
-773999.729522
-773999.729522
-773999.729522
-773999.729522
-773999.729522
-773999.729522
-773999.729522
