-1088662.11243
-1272585.95468
-1302752.11381
-1320388.07429
-1320388.07429
-1320388.07429
-1320388.07429
-1320388.07429
-1320388.07429
-1333523.81972
-1333523.81972
-1333523.81972
-1333523.81972
-1333523.81972
-1333523.81972
-1333523.81972
-1333523.81972
-1333523.81972
-1333523.81972
-1333523.81972
-1333523.81972
-1333523.81972
-1333523.81972
-1333523.81972
-1333523.81972
-1333523.81972
-1333523.81972
-1333523.81972
-1333523.81972
-1333523.81972
-1333523.81972
-1333523.81972
-1333523.81972
-1333523.81972
-1333523.81972
-1333523.81972
-1333523.81972
-1333523.81972
-1333523.81972
-1333523.81972
-1333523.81972
-1333523.81972
-1333523.81972
-1333523.81972
-1333523.81972
-1333523.81972
-1333523.81972
-1333523.81972
-1333523.81972
-1333523.81972
-1333523.81972
-1349295.10934
-1349295.10934
-1349295.10934
-1349295.10934
-1349295.10934
-1349295.10934
-1349295.10934
-1349295.10934
-1349295.10934
-1349295.10934
-1349295.10934
-1349295.10934
-1349295.10934
-1349295.10934
-1349295.10934
-1349295.10934
-1349295.10934
-1349295.10934
-1349295.10934
-1349295.10934
-1349295.10934
-1349295.10934
-1349295.10934
-1349295.10934
-1349295.10934
-1349295.10934
-1349295.10934
-1349295.10934
-1349295.10934
-1349295.10934
-1349295.10934
-1349295.10934
-1349295.10934
-1349295.10934
-1349295.10934
-1349295.10934
-1349295.10934
-1349295.10934
-1349295.10934
-1349295.10934
-1349295.10934
-1349295.10934
-1349295.10934
-1349295.10934
-1349295.10934
-1349295.10934
-1349295.10934
-1349295.10934
-1349295.10934
-1349295.10934
-1349295.10934
-1349295.10934
-1349295.10934
-1349295.10934
-1349295.10934
-1349295.10934
-1349295.10934
-1349295.10934
-1349295.10934
-1349295.10934
-1349295.10934
-1349295.10934
-1349295.10934
-1349295.10934
-1349295.10934
-1349295.10934
-1349295.10934
-1349295.10934
-1349295.10934
-1349295.10934
-1349295.10934
-1349295.10934
-1349295.10934
-1349295.10934
-1349295.10934
-1349295.10934
-1349295.10934
-1349295.10934
-1349295.10934
-1349295.10934
-1349295.10934
-1349295.10934
-1349295.10934
-1349295.10934
-1349295.10934
-1349295.10934
-1349295.10934
-1349295.10934
-1349295.10934
-1349295.10934
-1349295.10934
-1349295.10934
-1349295.10934
-1349295.10934
-1349295.10934
-1349295.10934
-1349295.10934
-1349295.10934
-1349295.10934
-1349295.10934
-1349295.10934
-1349295.10934
-1349295.10934
-1349295.10934
-1349295.10934
-1349295.10934
-1349295.10934
-1349295.10934
-1349295.10934
-1349295.10934
-1349295.10934
-1349295.10934
-1349295.10934
-1349295.10934
-1349295.10934
-1349295.10934
-1349295.10934
-1349295.10934
-1349295.10934
-1349295.10934
-1349295.10934
-1349295.10934
-1349295.10934
-1349295.10934
-1349295.10934
-1349295.10934
-1349295.10934
-1349295.10934
-1349295.10934
-1349295.10934
-1349295.10934
-1349295.10934
-1349295.10934
-1349295.10934
-1349295.10934
-1349295.10934
-1349295.10934
-1349295.10934
-1349295.10934
-1349295.10934
-1349295.10934
-1349295.10934
-1349295.10934
-1349295.10934
-1349295.10934
-1349295.10934
-1349295.10934
-1349295.10934
-1349295.10934
-1349295.10934
-1349295.10934
-1349295.10934
-1349295.10934
-1349295.10934
-1349295.10934
-1349295.10934
-1349295.10934
-1349295.10934
-1349295.10934
-1349295.10934
-1349295.10934
-1349295.10934
-1349295.10934
-1349295.10934
-1349295.10934
-1349295.10934
-1349295.10934
-1349295.10934
-1349295.10934
-1349295.10934
-1349295.10934
-1349295.10934
-1349295.10934
-1349295.10934
-1349295.10934
-1349295.10934
-1349295.10934
-1349295.10934
-1349295.10934
-1349295.10934
-1349295.10934
-1349295.10934
-1349295.10934
-1349295.10934
-1349295.10934
-1349295.10934
-1349295.10934
-1349295.10934
-1349295.10934
-1349295.10934
-1349295.10934
-1349295.10934
-1349295.10934
-1349295.10934
-1349295.10934
-1349295.10934
-1349295.10934
-1349295.10934
-1349295.10934
-1349295.10934
-1349295.10934
-1349295.10934
-1349295.10934
-1349295.10934
-1349295.10934
-1349295.10934
-1349295.10934
-1349295.10934
-1349295.10934
-1349295.10934
-1349295.10934
-1349295.10934
-1349295.10934
-1349295.10934
-1349295.10934
-1349295.10934
-1349295.10934
-1349295.10934
-1349295.10934
-1349295.10934
-1349295.10934
-1349295.10934
-1349295.10934
-1349295.10934
-1349295.10934
-1349295.10934
-1349295.10934
-1349295.10934
-1349295.10934
-1349295.10934
-1349295.10934
-1349295.10934
-1349295.10934
-1349295.10934
-1349295.10934
-1349295.10934
-1349295.10934
-1349295.10934
-1349295.10934
-1349295.10934
-1349295.10934
-1349295.10934
-1349295.10934
-1349295.10934
-1349295.10934
-1349295.10934
-1349295.10934
-1349295.10934
-1349295.10934
