-1091941.35398
-1263212.7369
-1330780.37277
-1330780.37277
-1330780.37277
-1330780.37277
-1331065.60526
-1331065.60526
-1331065.60526
-1341054.05162
-1341054.05162
-1341054.05162
-1341054.05162
-1341054.05162
-1341054.05162
-1341054.05162
-1341054.05162
-1341054.05162
-1341054.05162
-1341054.05162
-1341054.05162
-1341054.05162
-1341054.05162
-1341054.05162
-1341054.05162
-1341054.05162
-1341054.05162
-1341054.05162
-1341054.05162
-1341054.05162
-1341054.05162
-1341054.05162
-1341054.05162
-1341054.05162
-1341054.05162
-1341054.05162
-1341054.05162
-1341054.05162
-1341054.05162
-1341054.05162
-1341054.05162
-1341054.05162
-1341054.05162
-1341054.05162
-1341054.05162
-1341054.05162
-1341054.05162
-1341054.05162
-1341054.05162
-1341054.05162
-1341054.05162
-1341054.05162
-1341054.05162
-1341054.05162
-1341054.05162
-1341054.05162
-1341054.05162
-1341054.05162
-1341054.05162
-1341054.05162
-1341054.05162
-1341054.05162
-1341054.05162
-1341054.05162
-1341054.05162
-1341054.05162
-1341054.05162
-1341054.05162
-1341054.05162
-1341571.07608
-1341571.07608
-1341571.07608
-1341571.07608
-1341571.07608
-1341571.07608
-1341571.07608
-1341571.07608
-1341571.07608
-1341571.07608
-1341571.07608
-1341571.07608
-1341571.07608
-1341571.07608
-1341571.07608
-1341571.07608
-1341571.07608
-1341571.07608
-1341571.07608
-1341571.07608
-1341571.07608
-1341571.07608
-1341571.07608
-1341571.07608
-1341571.07608
-1341571.07608
-1341571.07608
-1341571.07608
-1341571.07608
-1341571.07608
-1341571.07608
-1341571.07608
-1341571.07608
-1341571.07608
-1341571.07608
-1341571.07608
-1341571.07608
-1341571.07608
-1341571.07608
-1341571.07608
-1341571.07608
-1341571.07608
-1341571.07608
-1341571.07608
-1341571.07608
-1341571.07608
-1341571.07608
-1341571.07608
-1341571.07608
-1341571.07608
-1341571.07608
-1345953.80274
-1345953.80274
-1345953.80274
-1345953.80274
-1345953.80274
-1345953.80274
-1345953.80274
-1345953.80274
-1345953.80274
-1345953.80274
-1345953.80274
-1345953.80274
-1345953.80274
-1345953.80274
-1345953.80274
-1345953.80274
-1345953.80274
-1345953.80274
-1345953.80274
-1345953.80274
-1345953.80274
-1345953.80274
-1345953.80274
-1345953.80274
-1345953.80274
-1345953.80274
-1345953.80274
-1345953.80274
-1345953.80274
-1345953.80274
-1345953.80274
-1345953.80274
-1345953.80274
-1345953.80274
-1345953.80274
-1345953.80274
-1345953.80274
-1345953.80274
-1345953.80274
-1345953.80274
-1345953.80274
-1345953.80274
-1345953.80274
-1345953.80274
-1345953.80274
-1345953.80274
-1345953.80274
-1345953.80274
-1345953.80274
-1345953.80274
-1345953.80274
-1345953.80274
-1345953.80274
-1345953.80274
-1345953.80274
-1345953.80274
-1345953.80274
-1345953.80274
-1345953.80274
-1345953.80274
-1345953.80274
-1345953.80274
-1345953.80274
-1345953.80274
-1345953.80274
-1345953.80274
-1345953.80274
-1345953.80274
-1345953.80274
-1345953.80274
-1345953.80274
-1345953.80274
-1345953.80274
-1345953.80274
-1345953.80274
-1345953.80274
-1345953.80274
-1345953.80274
-1345953.80274
-1345953.80274
-1345953.80274
-1345953.80274
-1345953.80274
-1345953.80274
-1345953.80274
-1345953.80274
-1345953.80274
-1345953.80274
-1345953.80274
-1345953.80274
-1345953.80274
-1345953.80274
-1345953.80274
-1345953.80274
-1345953.80274
-1345953.80274
-1345953.80274
-1345953.80274
-1345953.80274
-1345953.80274
-1345953.80274
-1345953.80274
-1345953.80274
-1345953.80274
-1345953.80274
-1345953.80274
-1345953.80274
-1345953.80274
-1345953.80274
-1345953.80274
-1345953.80274
-1345953.80274
-1345953.80274
-1345953.80274
-1345953.80274
-1345953.80274
-1345953.80274
-1345953.80274
-1345953.80274
-1345953.80274
-1345953.80274
-1345953.80274
-1345953.80274
-1345953.80274
-1345953.80274
-1345953.80274
-1345953.80274
-1345953.80274
-1345953.80274
-1345953.80274
-1345953.80274
-1345953.80274
-1345953.80274
-1345953.80274
-1345953.80274
-1345953.80274
-1345953.80274
-1345953.80274
-1345953.80274
-1345953.80274
-1345953.80274
-1345953.80274
-1345953.80274
-1345953.80274
-1345953.80274
-1345953.80274
-1345953.80274
-1345953.80274
-1345953.80274
-1345953.80274
-1345953.80274
-1345953.80274
-1345953.80274
-1345953.80274
-1345953.80274
-1345953.80274
-1345953.80274
-1345953.80274
-1345953.80274
-1345953.80274
-1345953.80274
-1345953.80274
-1345953.80274
-1345953.80274
-1345953.80274
-1345953.80274
-1345953.80274
-1345953.80274
-1345953.80274
-1345953.80274
-1345953.80274
-1345953.80274
-1345953.80274
-1345953.80274
-1345953.80274
-1345953.80274
-1345953.80274
-1345953.80274
-1345953.80274
-1345953.80274
