-1101806.4842
-1285497.85967
-1295010.27953
-1307638.93123
-1307638.93123
-1322310.08227
-1327338.49427
-1340247.1266
-1340247.1266
-1340247.1266
-1340247.1266
-1340247.1266
-1340247.1266
-1340247.1266
-1340247.1266
-1340247.1266
-1340247.1266
-1340247.1266
-1340247.1266
-1340247.1266
-1340247.1266
-1340247.1266
-1340247.1266
-1340247.1266
-1340247.1266
-1340247.1266
-1340247.1266
-1340247.1266
-1340247.1266
-1340247.1266
-1340247.1266
-1342852.35049
-1342852.35049
-1342852.35049
-1342852.35049
-1342852.35049
-1342852.35049
-1342852.35049
-1342852.35049
-1342852.35049
-1342852.35049
-1342852.35049
-1342852.35049
-1345399.33545
-1348539.50179
-1348539.50179
-1348539.50179
-1348539.50179
-1348539.50179
-1348539.50179
-1348539.50179
-1348539.50179
-1348539.50179
-1348539.50179
-1348539.50179
-1348539.50179
-1348539.50179
-1348539.50179
-1348539.50179
-1348539.50179
-1348539.50179
-1348539.50179
-1348539.50179
-1348539.50179
-1348539.50179
-1348539.50179
-1348539.50179
-1348539.50179
-1348539.50179
-1348539.50179
-1348539.50179
-1348539.50179
-1348539.50179
-1348539.50179
-1348539.50179
-1348539.50179
-1348539.50179
-1348539.50179
-1348539.50179
-1348539.50179
-1348539.50179
-1348539.50179
-1348539.50179
-1348539.50179
-1348539.50179
-1348539.50179
-1348539.50179
-1348539.50179
-1348539.50179
-1348539.50179
-1348539.50179
-1348539.50179
-1348539.50179
-1348539.50179
-1348539.50179
-1348539.50179
-1348539.50179
-1348539.50179
-1348539.50179
-1348539.50179
-1348539.50179
-1348539.50179
-1348539.50179
-1348539.50179
-1348539.50179
-1348539.50179
-1348539.50179
-1348539.50179
-1348539.50179
-1348539.50179
-1348539.50179
-1348539.50179
-1348539.50179
-1348539.50179
-1348539.50179
-1348539.50179
-1348539.50179
-1348539.50179
-1348539.50179
-1348539.50179
-1348539.50179
-1348539.50179
-1348539.50179
-1348539.50179
-1348539.50179
-1348539.50179
-1348539.50179
-1348539.50179
-1348539.50179
-1348539.50179
-1348539.50179
-1348539.50179
-1348539.50179
-1348539.50179
-1348539.50179
-1348539.50179
-1348539.50179
-1348539.50179
-1348539.50179
-1348539.50179
-1348539.50179
-1348539.50179
-1348539.50179
-1348539.50179
-1348539.50179
-1348539.50179
-1348539.50179
-1348539.50179
-1348539.50179
-1348539.50179
-1348539.50179
-1348539.50179
-1348539.50179
-1348539.50179
-1348539.50179
-1348539.50179
-1348539.50179
-1348539.50179
-1348539.50179
-1348539.50179
-1348539.50179
-1348539.50179
-1348539.50179
-1348539.50179
-1348539.50179
-1348539.50179
-1349752.20235
-1349752.20235
-1349752.20235
-1349752.20235
-1349752.20235
-1349752.20235
-1349752.20235
-1349752.20235
-1349752.20235
-1349752.20235
-1349752.20235
-1349752.20235
-1349752.20235
-1349752.20235
-1349752.20235
-1349752.20235
-1349752.20235
-1349752.20235
-1349752.20235
-1349752.20235
-1349752.20235
-1349752.20235
-1349752.20235
-1349752.20235
-1349752.20235
-1349752.20235
-1349752.20235
-1349752.20235
-1349752.20235
-1349752.20235
-1349752.20235
-1349752.20235
-1349752.20235
-1349752.20235
-1349752.20235
-1349752.20235
-1349752.20235
-1349752.20235
-1349752.20235
-1349752.20235
-1349752.20235
-1349752.20235
-1349752.20235
-1349752.20235
-1349752.20235
-1349752.20235
-1349752.20235
-1349752.20235
-1349752.20235
-1349752.20235
-1349752.20235
-1349752.20235
-1349752.20235
-1349752.20235
-1349752.20235
-1349752.20235
-1349752.20235
-1349752.20235
-1349752.20235
-1349752.20235
-1349752.20235
-1349752.20235
-1349752.20235
-1349752.20235
-1349752.20235
-1349752.20235
-1349752.20235
-1349752.20235
-1349752.20235
-1349752.20235
-1349752.20235
-1349752.20235
-1349752.20235
-1349752.20235
-1349752.20235
-1349752.20235
-1349752.20235
-1349752.20235
-1349752.20235
-1349752.20235
-1349752.20235
-1349752.20235
-1349752.20235
-1349752.20235
-1349752.20235
-1349752.20235
-1349752.20235
-1349752.20235
-1349752.20235
-1349752.20235
-1349752.20235
-1349752.20235
-1349752.20235
-1349752.20235
-1349752.20235
-1349752.20235
-1349752.20235
-1349752.20235
-1349752.20235
-1349752.20235
-1349752.20235
-1349752.20235
-1349752.20235
-1349752.20235
-1349752.20235
-1349752.20235
-1349752.20235
-1349752.20235
-1349752.20235
-1349752.20235
-1349752.20235
-1349752.20235
-1349752.20235
-1349752.20235
-1349752.20235
-1349752.20235
-1349752.20235
-1349752.20235
-1349752.20235
-1349752.20235
-1349752.20235
-1349752.20235
-1349752.20235
-1349752.20235
-1349752.20235
-1349752.20235
-1349752.20235
-1349752.20235
-1349752.20235
-1349752.20235
-1349752.20235
-1349752.20235
-1349752.20235
-1349752.20235
