-1101052.62627
-1242562.97683
-1314659.11629
-1322382.53841
-1322382.53841
-1336878.89851
-1336878.89851
-1336878.89851
-1336878.89851
-1336878.89851
-1336878.89851
-1336878.89851
-1336878.89851
-1336878.89851
-1336878.89851
-1336878.89851
-1336878.89851
-1336878.89851
-1336878.89851
-1336878.89851
-1336878.89851
-1336878.89851
-1336878.89851
-1336878.89851
-1336878.89851
-1336878.89851
-1336878.89851
-1336878.89851
-1336878.89851
-1336878.89851
-1336878.89851
-1336878.89851
-1336878.89851
-1336878.89851
-1336878.89851
-1336878.89851
-1336878.89851
-1336878.89851
-1336878.89851
-1336878.89851
-1336878.89851
-1340689.12467
-1340689.12467
-1340689.12467
-1340689.12467
-1340689.12467
-1340689.12467
-1351727.99635
-1351727.99635
-1351727.99635
-1351727.99635
-1351727.99635
-1351727.99635
-1351727.99635
-1351727.99635
-1351727.99635
-1351727.99635
-1351727.99635
-1351727.99635
-1351727.99635
-1351727.99635
-1351727.99635
-1351727.99635
-1351727.99635
-1351727.99635
-1351727.99635
-1351727.99635
-1351727.99635
-1351727.99635
-1351727.99635
-1351727.99635
-1351727.99635
-1351727.99635
-1351727.99635
-1351727.99635
-1351727.99635
-1351727.99635
-1351727.99635
-1351727.99635
-1351727.99635
-1351727.99635
-1351727.99635
-1351727.99635
-1351727.99635
-1351727.99635
-1351727.99635
-1351727.99635
-1351727.99635
-1351727.99635
-1351727.99635
-1351727.99635
-1351727.99635
-1351727.99635
-1351727.99635
-1351727.99635
-1351727.99635
-1351727.99635
-1351727.99635
-1351727.99635
-1351727.99635
-1351727.99635
-1351727.99635
-1351727.99635
-1351727.99635
-1351727.99635
-1351727.99635
-1351727.99635
-1351727.99635
-1351727.99635
-1351727.99635
-1351727.99635
-1351727.99635
-1351727.99635
-1351727.99635
-1351727.99635
-1351727.99635
-1351727.99635
-1351727.99635
-1351727.99635
-1351727.99635
-1351727.99635
-1351727.99635
-1351727.99635
-1351727.99635
-1351727.99635
-1351727.99635
-1351727.99635
-1351727.99635
-1351727.99635
-1351727.99635
-1351727.99635
-1351727.99635
-1351727.99635
-1351727.99635
-1351727.99635
-1351727.99635
-1351727.99635
-1351727.99635
-1351727.99635
-1351727.99635
-1351727.99635
-1351727.99635
-1351727.99635
-1351727.99635
-1351727.99635
-1351727.99635
-1351727.99635
-1351727.99635
-1351727.99635
-1351727.99635
-1351727.99635
-1351727.99635
-1351727.99635
-1351727.99635
-1351727.99635
-1351727.99635
-1351727.99635
-1351727.99635
-1351727.99635
-1351727.99635
-1351727.99635
-1351727.99635
-1351727.99635
-1351727.99635
-1351727.99635
-1351727.99635
-1351727.99635
-1351727.99635
-1351727.99635
-1351727.99635
-1351727.99635
-1351727.99635
-1351727.99635
-1351727.99635
-1351727.99635
-1351727.99635
-1351727.99635
-1351727.99635
-1351727.99635
-1351727.99635
-1351727.99635
-1351727.99635
-1351727.99635
-1351727.99635
-1351727.99635
-1351727.99635
-1351727.99635
-1351727.99635
-1351727.99635
-1351727.99635
-1351727.99635
-1351727.99635
-1351727.99635
-1351727.99635
-1351727.99635
-1351727.99635
-1351727.99635
-1351727.99635
-1351727.99635
-1351727.99635
-1351727.99635
-1351727.99635
-1351727.99635
-1351727.99635
-1351727.99635
-1351727.99635
-1351727.99635
-1351727.99635
-1351727.99635
-1351727.99635
-1351727.99635
-1351727.99635
-1351727.99635
-1351727.99635
-1351727.99635
-1351727.99635
-1351727.99635
-1351727.99635
-1351727.99635
-1351727.99635
-1351727.99635
-1351727.99635
-1351727.99635
-1351727.99635
-1351727.99635
-1351727.99635
-1351727.99635
-1351727.99635
-1351727.99635
-1351727.99635
-1351727.99635
-1351727.99635
-1351727.99635
-1351727.99635
-1351727.99635
-1351727.99635
-1351727.99635
-1351727.99635
-1351727.99635
-1351727.99635
-1351727.99635
-1351727.99635
-1351727.99635
-1351727.99635
-1351727.99635
-1351727.99635
-1351727.99635
-1351727.99635
-1351727.99635
-1351727.99635
-1351727.99635
-1351727.99635
-1351727.99635
-1351727.99635
-1351727.99635
-1351727.99635
-1351727.99635
-1351727.99635
-1351727.99635
-1351727.99635
-1351727.99635
-1351727.99635
-1351727.99635
-1351727.99635
-1351727.99635
-1351727.99635
-1351727.99635
-1351727.99635
-1351727.99635
-1351727.99635
-1351727.99635
-1351727.99635
-1351727.99635
-1351727.99635
-1351727.99635
-1351727.99635
-1351727.99635
-1351727.99635
-1351727.99635
-1351727.99635
-1351727.99635
-1351727.99635
-1351727.99635
-1351727.99635
-1351727.99635
-1351727.99635
-1351727.99635
-1351727.99635
-1351727.99635
-1351727.99635
-1351727.99635
-1351727.99635
-1351727.99635
-1351727.99635
-1351727.99635
-1351727.99635
-1351727.99635
-1351727.99635
-1351727.99635
-1351727.99635
