-625705.953474
-726696.729074
-747286.18269
-755963.063137
-755963.063137
-755963.063137
-760777.492477
-760777.492477
-760777.492477
-760777.492477
-760777.492477
-760777.492477
-767650.033491
-767650.033491
-767650.033491
-767650.033491
-767650.033491
-767650.033491
-767650.033491
-767650.033491
-767650.033491
-767650.033491
-767650.033491
-767650.033491
-767650.033491
-767650.033491
-767650.033491
-767650.033491
-767650.033491
-767650.033491
-767650.033491
-767650.033491
-767650.033491
-767650.033491
-767650.033491
-767650.033491
-767650.033491
-767650.033491
-767650.033491
-767650.033491
-767650.033491
-767650.033491
-767650.033491
-767650.033491
-767650.033491
-767650.033491
-767650.033491
-767650.033491
-767650.033491
-767650.033491
-767650.033491
-767650.033491
-767650.033491
-767650.033491
-767650.033491
-767650.033491
-767650.033491
-767650.033491
-767650.033491
-767650.033491
-767650.033491
-767650.033491
-767650.033491
-767650.033491
-767650.033491
-767650.033491
-767650.033491
-767650.033491
-767650.033491
-767650.033491
-772236.130843
-772236.130843
-772236.130843
-772236.130843
-772236.130843
-772236.130843
-772236.130843
-772236.130843
-772236.130843
-772236.130843
-772236.130843
-772236.130843
-772236.130843
-772236.130843
-772236.130843
-772236.130843
-772236.130843
-772236.130843
-772236.130843
-772236.130843
-772236.130843
-772236.130843
-772236.130843
-772236.130843
-772236.130843
-772236.130843
-772236.130843
-772236.130843
-772236.130843
-772236.130843
-772236.130843
-772236.130843
-772236.130843
-772236.130843
-772236.130843
-772236.130843
-772236.130843
-772236.130843
-772236.130843
-772236.130843
-772236.130843
-772236.130843
-772236.130843
-772236.130843
-772236.130843
-772236.130843
-772236.130843
-772236.130843
-772236.130843
-772236.130843
-772236.130843
-772236.130843
-776000.142463
-776000.142463
-776000.142463
-776000.142463
-776000.142463
-776000.142463
-776000.142463
-776000.142463
-776000.142463
-776000.142463
-776000.142463
-776000.142463
-776000.142463
-776000.142463
-776000.142463
-776000.142463
-776000.142463
-776000.142463
-776000.142463
-776000.142463
-776000.142463
-776000.142463
-776000.142463
-776000.142463
-776000.142463
-776000.142463
-776000.142463
-776000.142463
-776000.142463
-776000.142463
-776000.142463
-776000.142463
-776000.142463
-776000.142463
-776000.142463
-776000.142463
-776000.142463
-776000.142463
-776000.142463
-776000.142463
-776000.142463
-776000.142463
-776000.142463
-776000.142463
-776000.142463
-776000.142463
-776000.142463
-776000.142463
-776000.142463
-776000.142463
-776000.142463
-776000.142463
-776000.142463
-776000.142463
-776000.142463
-776000.142463
-776000.142463
-776000.142463
-776000.142463
-776000.142463
-776000.142463
-776000.142463
-776000.142463
-776000.142463
-776000.142463
-776000.142463
-776000.142463
-776000.142463
-776000.142463
-776000.142463
-776000.142463
-776000.142463
-776000.142463
-776000.142463
-776000.142463
-776000.142463
-776000.142463
-776000.142463
