-1151091.56258
-1292149.06413
-1299908.34448
-1309487.39546
-1322695.18104
-1322695.18104
-1336006.6391
-1336749.21079
-1336749.21079
-1336749.21079
-1336749.21079
-1336749.21079
-1336749.21079
-1336749.21079
-1352696.78902
-1352696.78902
-1352696.78902
-1352696.78902
-1352696.78902
-1352696.78902
-1352696.78902
-1352696.78902
-1352696.78902
-1352696.78902
-1352696.78902
-1352696.78902
-1352696.78902
-1352696.78902
-1352696.78902
-1352696.78902
-1352696.78902
-1352696.78902
-1352696.78902
-1352696.78902
-1352696.78902
-1352696.78902
-1352696.78902
-1352696.78902
-1352696.78902
-1352696.78902
-1352696.78902
-1352696.78902
-1352696.78902
-1352696.78902
-1352696.78902
-1352696.78902
-1352696.78902
-1352696.78902
-1352696.78902
-1352696.78902
-1352696.78902
-1352696.78902
-1352696.78902
-1352696.78902
-1352696.78902
-1352696.78902
-1352696.78902
-1352696.78902
-1352696.78902
-1352696.78902
-1352696.78902
-1352696.78902
-1352696.78902
-1352696.78902
-1352696.78902
-1352696.78902
-1352696.78902
-1352696.78902
-1352696.78902
-1352696.78902
-1352696.78902
-1352696.78902
-1352696.78902
-1352696.78902
-1352696.78902
-1352696.78902
-1352696.78902
-1352696.78902
-1352696.78902
-1352696.78902
-1352696.78902
-1352696.78902
-1352696.78902
-1352696.78902
-1352696.78902
-1352696.78902
-1352696.78902
-1352696.78902
-1352696.78902
-1352696.78902
-1352696.78902
-1352696.78902
-1352696.78902
-1352696.78902
-1352696.78902
-1352696.78902
-1352696.78902
-1352696.78902
-1352696.78902
-1352696.78902
-1352696.78902
-1352696.78902
-1352696.78902
-1352696.78902
-1352696.78902
-1352696.78902
-1352696.78902
-1352696.78902
-1352696.78902
-1352696.78902
-1352696.78902
-1352696.78902
-1352696.78902
-1352696.78902
-1352696.78902
-1352696.78902
-1352696.78902
-1352696.78902
-1352696.78902
-1352696.78902
-1352696.78902
-1352696.78902
-1352696.78902
-1352696.78902
-1352696.78902
-1352696.78902
-1352696.78902
-1352696.78902
-1352696.78902
-1352696.78902
-1352696.78902
-1352696.78902
-1352696.78902
-1352696.78902
-1352696.78902
-1352696.78902
-1352696.78902
-1352696.78902
-1352696.78902
-1352696.78902
-1352696.78902
-1352696.78902
-1352696.78902
-1352696.78902
-1352696.78902
-1352696.78902
-1352696.78902
-1352696.78902
-1352696.78902
-1352696.78902
-1352696.78902
-1352696.78902
-1352696.78902
-1352696.78902
-1352696.78902
-1352696.78902
-1352696.78902
-1352696.78902
-1352696.78902
-1352696.78902
-1352696.78902
-1352696.78902
-1352696.78902
-1352696.78902
-1352696.78902
-1352696.78902
-1352696.78902
-1352696.78902
-1352696.78902
-1352696.78902
-1352696.78902
-1352696.78902
-1352696.78902
-1352696.78902
-1352696.78902
-1352696.78902
-1352696.78902
-1352696.78902
-1352696.78902
-1352696.78902
-1352696.78902
-1352696.78902
-1352696.78902
-1352696.78902
-1352696.78902
-1352696.78902
-1352696.78902
-1352696.78902
-1352696.78902
-1352696.78902
-1352696.78902
-1352696.78902
-1352696.78902
-1352696.78902
-1352696.78902
-1352696.78902
-1352696.78902
-1352696.78902
-1352696.78902
-1352696.78902
-1352696.78902
-1352696.78902
-1352696.78902
-1352696.78902
-1352696.78902
-1352696.78902
-1352696.78902
-1352696.78902
-1352696.78902
-1352696.78902
-1352696.78902
-1352696.78902
-1352696.78902
-1352696.78902
-1352696.78902
-1352696.78902
-1352696.78902
-1352696.78902
-1352696.78902
-1352696.78902
-1352696.78902
-1352696.78902
-1352696.78902
-1352696.78902
-1352696.78902
-1352696.78902
-1352696.78902
-1352696.78902
-1352696.78902
-1352696.78902
-1352696.78902
-1352696.78902
-1352696.78902
-1352696.78902
-1352696.78902
-1352696.78902
-1352696.78902
-1352696.78902
-1352696.78902
-1352696.78902
-1352696.78902
-1352696.78902
-1352696.78902
-1352696.78902
-1352696.78902
-1352696.78902
-1352696.78902
-1352696.78902
-1352696.78902
-1352696.78902
-1352696.78902
-1352696.78902
-1352696.78902
-1352696.78902
-1352696.78902
-1352696.78902
-1352696.78902
-1352696.78902
-1352696.78902
-1352696.78902
-1352696.78902
-1352696.78902
-1352696.78902
-1352696.78902
-1352696.78902
-1352696.78902
-1352696.78902
-1352696.78902
-1352696.78902
-1352696.78902
-1352696.78902
-1352696.78902
-1352696.78902
-1352696.78902
-1352696.78902
-1352696.78902
-1352696.78902
-1352696.78902
-1352696.78902
-1352696.78902
-1352696.78902
-1352696.78902
-1352696.78902
-1352696.78902
-1352696.78902
-1352696.78902
-1352696.78902
-1352696.78902
-1352696.78902
-1352696.78902
-1352696.78902
-1352696.78902
-1352696.78902
-1352696.78902
-1352696.78902
-1352696.78902
-1352696.78902
-1352696.78902
-1352696.78902
-1352696.78902
