-1081814.48913
-1271638.73506
-1290537.10993
-1310649.49942
-1327283.44141
-1333105.58842
-1333105.58842
-1333105.58842
-1333105.58842
-1333105.58842
-1333105.58842
-1333105.58842
-1333105.58842
-1333105.58842
-1333105.58842
-1333105.58842
-1333105.58842
-1333105.58842
-1333105.58842
-1333105.58842
-1333105.58842
-1333105.58842
-1333105.58842
-1333105.58842
-1333105.58842
-1333105.58842
-1333105.58842
-1333105.58842
-1333105.58842
-1333105.58842
-1333105.58842
-1333105.58842
-1333105.58842
-1333105.58842
-1333105.58842
-1333105.58842
-1333105.58842
-1333105.58842
-1333105.58842
-1333105.58842
-1333785.58929
-1333785.58929
-1333785.58929
-1333785.58929
-1333785.58929
-1333908.31606
-1333908.31606
-1333908.31606
-1333908.31606
-1333908.31606
-1333908.31606
-1333908.31606
-1333908.31606
-1333908.31606
-1333908.31606
-1333908.31606
-1333908.31606
-1333908.31606
-1333908.31606
-1333908.31606
-1333908.31606
-1333908.31606
-1341924.40804
-1341924.40804
-1341924.40804
-1341924.40804
-1341924.40804
-1341924.40804
-1341924.40804
-1341924.40804
-1341924.40804
-1341924.40804
-1341924.40804
-1341924.40804
-1341924.40804
-1341924.40804
-1341924.40804
-1342490.3954
-1342490.3954
-1342490.3954
-1342490.3954
-1342490.3954
-1342490.3954
-1342490.3954
-1342490.3954
-1342490.3954
-1342490.3954
-1342490.3954
-1342490.3954
-1342490.3954
-1342490.3954
-1342490.3954
-1342490.3954
-1342490.3954
-1346309.37701
-1346309.37701
-1346309.37701
-1346309.37701
-1346309.37701
-1346309.37701
-1346309.37701
-1346309.37701
-1346309.37701
-1346309.37701
-1346309.37701
-1346309.37701
-1346309.37701
-1346309.37701
-1346309.37701
-1346309.37701
-1346309.37701
-1346309.37701
-1346309.37701
-1346309.37701
-1346309.37701
-1346309.37701
-1346309.37701
-1346309.37701
-1346309.37701
-1346309.37701
-1346309.37701
-1346309.37701
-1346309.37701
-1346309.37701
-1346309.37701
-1346309.37701
-1346309.37701
-1346309.37701
-1346309.37701
-1346309.37701
-1346309.37701
-1346309.37701
-1346309.37701
-1346309.37701
-1346309.37701
-1346309.37701
-1346309.37701
-1346309.37701
-1346309.37701
-1346309.37701
-1346309.37701
-1346309.37701
-1346309.37701
-1346309.37701
-1346309.37701
-1346309.37701
-1346309.37701
-1346309.37701
-1346309.37701
-1346309.37701
-1346309.37701
-1346309.37701
-1346309.37701
-1346309.37701
-1346309.37701
-1346309.37701
-1346309.37701
-1346309.37701
-1346309.37701
-1346309.37701
-1346309.37701
-1346309.37701
-1346309.37701
-1346309.37701
-1346309.37701
-1346309.37701
-1346309.37701
-1346309.37701
-1346309.37701
-1346309.37701
-1346309.37701
-1346309.37701
-1346309.37701
-1346309.37701
-1346309.37701
-1346309.37701
-1346309.37701
-1346309.37701
-1346309.37701
-1346309.37701
-1346309.37701
-1346309.37701
-1346309.37701
-1346309.37701
-1346309.37701
-1346309.37701
-1346309.37701
-1346309.37701
-1346309.37701
-1346309.37701
-1346309.37701
-1346309.37701
-1346309.37701
-1346309.37701
-1346309.37701
-1346309.37701
-1346309.37701
-1346309.37701
-1346309.37701
-1346309.37701
