-1111793.60657
-1261935.43749
-1306129.64885
-1308391.04642
-1308831.58947
-1308831.58947
-1308831.58947
-1312356.33506
-1312356.33506
-1333288.03567
-1333288.03567
-1333288.03567
-1333288.03567
-1333288.03567
-1333288.03567
-1333288.03567
-1333288.03567
-1333288.03567
-1333288.03567
-1333288.03567
-1333288.03567
-1333288.03567
-1333288.03567
-1333288.03567
-1333288.03567
-1333288.03567
-1333288.03567
-1333288.03567
-1348477.95222
-1348477.95222
-1348477.95222
-1348477.95222
-1348477.95222
-1348477.95222
-1348477.95222
-1348477.95222
-1348477.95222
-1348477.95222
-1348477.95222
-1348477.95222
-1348477.95222
-1348477.95222
-1348477.95222
-1348477.95222
-1348477.95222
-1348477.95222
-1348477.95222
-1348477.95222
-1348477.95222
-1348477.95222
-1348477.95222
-1348477.95222
-1348477.95222
-1348477.95222
-1348477.95222
-1348477.95222
-1348477.95222
-1348477.95222
-1348477.95222
-1348477.95222
-1348477.95222
-1348477.95222
-1348477.95222
-1348477.95222
-1348477.95222
-1348477.95222
-1348477.95222
-1348477.95222
-1348477.95222
-1348477.95222
-1348477.95222
-1348477.95222
-1348477.95222
-1348477.95222
-1348477.95222
-1348477.95222
-1348477.95222
-1348477.95222
-1348477.95222
-1348477.95222
-1348477.95222
-1348477.95222
-1348477.95222
-1348477.95222
-1348477.95222
-1348477.95222
-1348477.95222
-1348477.95222
-1348477.95222
-1348477.95222
-1348477.95222
-1348477.95222
-1348477.95222
-1348477.95222
-1348477.95222
-1348477.95222
-1348477.95222
-1348477.95222
-1348477.95222
-1348477.95222
-1348477.95222
-1348477.95222
-1348477.95222
-1348477.95222
-1348477.95222
-1348477.95222
-1348477.95222
-1348477.95222
-1348477.95222
-1348477.95222
-1348477.95222
-1348477.95222
-1348477.95222
-1348477.95222
-1348477.95222
-1348477.95222
-1348477.95222
-1348477.95222
-1348477.95222
-1348477.95222
-1348477.95222
-1348477.95222
-1348477.95222
-1348477.95222
-1348477.95222
-1348477.95222
-1348477.95222
-1348477.95222
-1348477.95222
-1348477.95222
-1348477.95222
-1348477.95222
-1348477.95222
-1348477.95222
-1348477.95222
-1348477.95222
-1348477.95222
-1348477.95222
-1348477.95222
-1348477.95222
-1348477.95222
-1348477.95222
-1348477.95222
-1348477.95222
-1348477.95222
-1348477.95222
-1348477.95222
-1348477.95222
-1348477.95222
-1348477.95222
-1348477.95222
-1348477.95222
-1348477.95222
-1348477.95222
-1348477.95222
-1348477.95222
-1348477.95222
-1348477.95222
-1348477.95222
-1348477.95222
-1348477.95222
-1348477.95222
-1348477.95222
-1348477.95222
-1348477.95222
-1348477.95222
-1348477.95222
-1348477.95222
-1348477.95222
-1348477.95222
-1348477.95222
-1348477.95222
-1348477.95222
-1348477.95222
-1348477.95222
-1348477.95222
-1348477.95222
-1348477.95222
-1348477.95222
-1348477.95222
-1348477.95222
-1348477.95222
-1348477.95222
-1348477.95222
-1348477.95222
-1348477.95222
-1348477.95222
-1348477.95222
-1348477.95222
-1348477.95222
-1348477.95222
-1348477.95222
-1348477.95222
-1348477.95222
-1348477.95222
-1348477.95222
-1348477.95222
-1348477.95222
-1348477.95222
-1348477.95222
-1348477.95222
-1348477.95222
-1348477.95222
-1348477.95222
-1348477.95222
-1348477.95222
-1348477.95222
-1348477.95222
-1348477.95222
-1348477.95222
-1348477.95222
-1348477.95222
-1348477.95222
-1348477.95222
-1348477.95222
-1348477.95222
-1348477.95222
-1348477.95222
-1348477.95222
-1348477.95222
-1348477.95222
-1348477.95222
-1348477.95222
-1348477.95222
-1348477.95222
-1348477.95222
-1348477.95222
-1348477.95222
-1348477.95222
-1348477.95222
-1348477.95222
-1348477.95222
-1348477.95222
-1348477.95222
-1348477.95222
-1348477.95222
-1348477.95222
-1348477.95222
-1348477.95222
-1348477.95222
-1348477.95222
-1348477.95222
-1348477.95222
-1348477.95222
-1348477.95222
-1348477.95222
-1348477.95222
-1348477.95222
-1348477.95222
-1348477.95222
-1348477.95222
-1348477.95222
-1348477.95222
-1348477.95222
-1348477.95222
-1348477.95222
-1348477.95222
-1348477.95222
-1348477.95222
-1348477.95222
-1348477.95222
-1348477.95222
-1348477.95222
-1348477.95222
-1348477.95222
-1348477.95222
-1348477.95222
-1348477.95222
-1348477.95222
-1348477.95222
-1348477.95222
-1348477.95222
-1348477.95222
-1348477.95222
-1348477.95222
-1348477.95222
-1348477.95222
-1348477.95222
-1348477.95222
-1348477.95222
-1348477.95222
-1348477.95222
-1348477.95222
-1348477.95222
-1348477.95222
-1348477.95222
-1348477.95222
-1348477.95222
-1348477.95222
-1348477.95222
-1348477.95222
-1348477.95222
-1348477.95222
-1348477.95222
-1348477.95222
-1348477.95222
-1348477.95222
-1348477.95222
-1348477.95222
-1348477.95222
