-1100450.73875
-1255789.54104
-1315665.07681
-1338363.87332
-1338363.87332
-1338363.87332
-1338363.87332
-1338363.87332
-1338363.87332
-1338363.87332
-1338363.87332
-1338363.87332
-1338363.87332
-1338363.87332
-1338363.87332
-1338363.87332
-1338363.87332
-1338363.87332
-1338363.87332
-1338363.87332
-1338363.87332
-1338363.87332
-1338363.87332
-1338363.87332
-1338363.87332
-1338363.87332
-1339203.30083
-1355801.95608
-1355801.95608
-1355801.95608
-1355801.95608
-1355801.95608
-1355801.95608
-1355801.95608
-1355801.95608
-1355801.95608
-1355801.95608
-1355801.95608
-1355801.95608
-1355801.95608
-1355801.95608
-1355801.95608
-1355801.95608
-1355801.95608
-1355801.95608
-1355801.95608
-1355801.95608
-1355801.95608
-1355801.95608
-1355801.95608
-1355801.95608
-1355801.95608
-1355801.95608
-1355801.95608
-1355801.95608
-1355801.95608
-1355801.95608
-1355801.95608
-1355801.95608
-1355801.95608
-1355801.95608
-1355801.95608
-1355801.95608
-1355801.95608
-1355801.95608
-1355801.95608
-1355801.95608
-1355801.95608
-1355801.95608
-1355801.95608
-1355801.95608
-1355801.95608
-1355801.95608
-1355801.95608
-1355801.95608
-1355801.95608
-1355801.95608
-1355801.95608
-1355801.95608
-1355801.95608
-1355801.95608
-1355801.95608
-1355801.95608
-1355801.95608
-1355801.95608
-1355801.95608
-1355801.95608
-1355801.95608
-1355801.95608
-1355801.95608
-1355801.95608
-1355801.95608
-1355801.95608
-1355801.95608
-1355801.95608
-1355801.95608
-1355801.95608
-1355801.95608
-1355801.95608
-1355801.95608
-1355801.95608
-1355801.95608
-1355801.95608
-1355801.95608
-1355801.95608
-1355801.95608
-1355801.95608
-1355801.95608
-1355801.95608
-1355801.95608
-1355801.95608
-1355801.95608
-1355801.95608
-1355801.95608
-1355801.95608
-1355801.95608
-1355801.95608
-1355801.95608
-1355801.95608
-1355801.95608
-1355801.95608
-1355801.95608
-1355801.95608
-1355801.95608
-1355801.95608
-1355801.95608
-1355801.95608
-1355801.95608
-1355801.95608
-1355801.95608
-1355801.95608
-1355801.95608
-1355801.95608
-1355801.95608
-1355801.95608
-1355801.95608
-1355801.95608
-1355801.95608
-1355801.95608
-1355801.95608
-1355801.95608
-1355801.95608
-1355801.95608
-1355801.95608
-1355801.95608
-1355801.95608
-1355801.95608
-1355801.95608
-1355801.95608
-1355801.95608
-1355801.95608
-1355801.95608
-1355801.95608
-1355801.95608
-1355801.95608
-1355801.95608
-1355801.95608
-1355801.95608
-1355801.95608
-1355801.95608
-1355801.95608
-1355801.95608
-1355801.95608
-1355801.95608
-1355801.95608
-1355801.95608
-1355801.95608
-1355801.95608
-1355801.95608
-1355801.95608
-1355801.95608
-1355801.95608
-1355801.95608
-1355801.95608
-1355801.95608
-1355801.95608
-1355801.95608
-1355801.95608
-1355801.95608
-1355801.95608
-1355801.95608
-1355801.95608
-1355801.95608
-1355801.95608
-1355801.95608
-1355801.95608
-1355801.95608
-1355801.95608
-1355801.95608
-1355801.95608
-1355801.95608
-1355801.95608
-1355801.95608
-1355801.95608
-1355801.95608
-1355801.95608
-1355801.95608
-1355801.95608
-1355801.95608
-1355801.95608
-1355801.95608
-1355801.95608
-1355801.95608
-1355801.95608
-1355801.95608
-1355801.95608
-1355801.95608
-1355801.95608
-1355801.95608
-1355801.95608
-1355801.95608
-1355801.95608
-1355801.95608
-1355801.95608
-1355801.95608
-1355801.95608
-1355801.95608
-1355801.95608
-1355801.95608
-1355801.95608
-1355801.95608
-1355801.95608
-1355801.95608
-1355801.95608
-1355801.95608
-1355801.95608
-1355801.95608
-1355801.95608
-1355801.95608
-1355801.95608
-1355801.95608
-1355801.95608
-1355801.95608
-1355801.95608
-1355801.95608
-1355801.95608
-1355801.95608
-1355801.95608
-1355801.95608
-1355801.95608
-1355801.95608
-1355801.95608
-1355801.95608
-1355801.95608
-1355801.95608
-1355801.95608
-1355801.95608
-1355801.95608
-1355801.95608
-1355801.95608
-1355801.95608
-1355801.95608
-1355801.95608
-1355801.95608
-1355801.95608
-1355801.95608
-1355801.95608
-1355801.95608
-1355801.95608
-1355801.95608
-1355801.95608
-1355801.95608
-1355801.95608
-1355801.95608
-1355801.95608
-1355801.95608
-1355801.95608
-1355801.95608
-1355801.95608
-1355801.95608
-1355801.95608
-1355801.95608
-1355801.95608
-1355801.95608
-1355801.95608
-1355801.95608
-1355801.95608
-1355801.95608
-1355801.95608
-1355801.95608
-1355801.95608
-1355801.95608
-1355801.95608
-1355801.95608
-1355801.95608
-1355801.95608
-1355801.95608
-1355801.95608
-1355801.95608
-1355801.95608
-1355801.95608
-1355801.95608
-1355801.95608
-1355801.95608
-1355801.95608
-1355801.95608
-1355801.95608
-1355801.95608
-1355801.95608
-1355801.95608
