-1082235.11958
-1283920.52878
-1322091.91789
-1322091.91789
-1335494.55438
-1335494.55438
-1335494.55438
-1335494.55438
-1335494.55438
-1335494.55438
-1335494.55438
-1335494.55438
-1335494.55438
-1335494.55438
-1335494.55438
-1335494.55438
-1335494.55438
-1341700.39957
-1341700.39957
-1341700.39957
-1341700.39957
-1341700.39957
-1341700.39957
-1341700.39957
-1341700.39957
-1341700.39957
-1341700.39957
-1341700.39957
-1341700.39957
-1341700.39957
-1341700.39957
-1341700.39957
-1341700.39957
-1341700.39957
-1341700.39957
-1341700.39957
-1341700.39957
-1341700.39957
-1341700.39957
-1341700.39957
-1341700.39957
-1344633.56702
-1344633.56702
-1344633.56702
-1344633.56702
-1344633.56702
-1344633.56702
-1344633.56702
-1344633.56702
-1344633.56702
-1344633.56702
-1344633.56702
-1344633.56702
-1344633.56702
-1344633.56702
-1344633.56702
-1344633.56702
-1344633.56702
-1344633.56702
-1344633.56702
-1344633.56702
-1344633.56702
-1344633.56702
-1344633.56702
-1344633.56702
-1344633.56702
-1344633.56702
-1344633.56702
-1344633.56702
-1344633.56702
-1344633.56702
-1344633.56702
-1344633.56702
-1344633.56702
-1344633.56702
-1344633.56702
-1344633.56702
-1344633.56702
-1344633.56702
-1344633.56702
-1344633.56702
-1344633.56702
-1344633.56702
-1344633.56702
-1344633.56702
-1344633.56702
-1344633.56702
-1344633.56702
-1344633.56702
-1344633.56702
-1344633.56702
-1344633.56702
-1344633.56702
-1344633.56702
-1344633.56702
-1344633.56702
-1344633.56702
-1344633.56702
-1344633.56702
-1344633.56702
-1344633.56702
-1344633.56702
-1344633.56702
-1344633.56702
-1344633.56702
-1344633.56702
-1344633.56702
-1344633.56702
-1344633.56702
-1344633.56702
-1344633.56702
-1344633.56702
-1344633.56702
-1344633.56702
-1344633.56702
-1344633.56702
-1344633.56702
-1344633.56702
-1344633.56702
-1344633.56702
-1344633.56702
-1344633.56702
-1344633.56702
-1344633.56702
-1344633.56702
-1344633.56702
-1344633.56702
-1344633.56702
-1344633.56702
-1344633.56702
-1344633.56702
-1344633.56702
-1344633.56702
-1344633.56702
-1344633.56702
-1344633.56702
-1344633.56702
-1348768.40872
-1348768.40872
-1348768.40872
-1348768.40872
-1348768.40872
-1348768.40872
-1348768.40872
-1348768.40872
-1348768.40872
-1348768.40872
-1348768.40872
-1348768.40872
-1348768.40872
-1348768.40872
-1348768.40872
-1348768.40872
-1348768.40872
-1348768.40872
-1348768.40872
-1348768.40872
-1348768.40872
-1348768.40872
-1348768.40872
-1348768.40872
-1348768.40872
-1348768.40872
-1348768.40872
-1348768.40872
-1348768.40872
-1348768.40872
-1348768.40872
-1348768.40872
-1348768.40872
-1348768.40872
-1348768.40872
-1348768.40872
-1348768.40872
-1348768.40872
-1348768.40872
-1348768.40872
-1348768.40872
-1348768.40872
-1348768.40872
-1348768.40872
-1348768.40872
-1348768.40872
-1348768.40872
-1348768.40872
-1348768.40872
-1348768.40872
-1348768.40872
-1348768.40872
-1348768.40872
-1348768.40872
-1348768.40872
-1348768.40872
-1348768.40872
-1348768.40872
-1348768.40872
-1348768.40872
-1348768.40872
-1348768.40872
-1348768.40872
-1348768.40872
-1348768.40872
-1348768.40872
-1348768.40872
-1348768.40872
-1348768.40872
-1348768.40872
-1348768.40872
-1348768.40872
-1348768.40872
-1348768.40872
-1348768.40872
-1348768.40872
-1348768.40872
-1348768.40872
-1348768.40872
-1348768.40872
-1348768.40872
-1348768.40872
-1348768.40872
-1348768.40872
-1348768.40872
-1348768.40872
-1348768.40872
-1348768.40872
-1348768.40872
-1348768.40872
-1348768.40872
-1348768.40872
-1348768.40872
-1348768.40872
-1348768.40872
-1348768.40872
-1348768.40872
-1348768.40872
-1348768.40872
-1348768.40872
-1348768.40872
-1348768.40872
-1348768.40872
-1348768.40872
-1348768.40872
-1348768.40872
-1348768.40872
-1348768.40872
-1348768.40872
-1348768.40872
-1348768.40872
-1348768.40872
-1348768.40872
-1348768.40872
-1348768.40872
-1348768.40872
-1348768.40872
-1348768.40872
-1348768.40872
-1348768.40872
-1348768.40872
-1348768.40872
-1348768.40872
-1348768.40872
-1348768.40872
-1348768.40872
-1348768.40872
-1348768.40872
-1348768.40872
-1348768.40872
-1348768.40872
-1348768.40872
-1348768.40872
-1348768.40872
-1348768.40872
-1348768.40872
-1348768.40872
-1348768.40872
-1348768.40872
-1348768.40872
-1348768.40872
-1348768.40872
-1348768.40872
-1348768.40872
-1348768.40872
-1348768.40872
-1348768.40872
-1348768.40872
-1348768.40872
-1348768.40872
-1348768.40872
-1348768.40872
-1348768.40872
-1348768.40872
-1348768.40872
-1348768.40872
-1348768.40872
-1348768.40872
-1348768.40872
-1348768.40872
-1348768.40872
-1348768.40872
-1348768.40872
