-1107397.38192
-1292324.42244
-1308036.81293
-1312397.78844
-1312397.78844
-1327467.26692
-1327467.26692
-1327467.26692
-1327467.26692
-1327467.26692
-1327467.26692
-1327467.26692
-1329987.45332
-1329987.45332
-1331635.84049
-1331635.84049
-1331635.84049
-1331635.84049
-1331635.84049
-1333686.04257
-1333686.04257
-1333686.04257
-1333686.04257
-1333686.04257
-1333686.04257
-1333686.04257
-1333686.04257
-1333686.04257
-1333686.04257
-1333686.04257
-1333686.04257
-1333686.04257
-1333686.04257
-1333686.04257
-1333686.04257
-1333686.04257
-1333686.04257
-1333686.04257
-1333686.04257
-1333686.04257
-1333686.04257
-1333686.04257
-1333686.04257
-1333686.04257
-1333686.04257
-1333686.04257
-1333686.04257
-1333686.04257
-1333686.04257
-1333686.04257
-1333686.04257
-1333686.04257
-1333686.04257
-1333686.04257
-1333686.04257
-1333686.04257
-1333686.04257
-1333686.04257
-1333686.04257
-1333686.04257
-1333686.04257
-1333686.04257
-1333686.04257
-1333686.04257
-1333686.04257
-1333686.04257
-1333686.04257
-1333686.04257
-1333686.04257
-1333686.04257
-1333686.04257
-1333686.04257
-1333686.04257
-1333686.04257
-1333686.04257
-1333686.04257
-1333686.04257
-1333686.04257
-1333686.04257
-1333686.04257
-1333686.04257
-1333686.04257
-1333686.04257
-1333686.04257
-1333686.04257
-1333686.04257
-1333686.04257
-1333686.04257
-1334850.00145
-1334850.00145
-1334850.00145
-1334850.00145
-1334850.00145
-1334850.00145
-1334850.00145
-1334850.00145
-1334850.00145
-1334850.00145
-1334850.00145
-1334850.00145
-1334850.00145
-1334850.00145
-1334850.00145
-1334850.00145
-1334850.00145
-1334850.00145
-1334850.00145
-1334850.00145
-1334850.00145
-1334850.00145
-1334850.00145
-1334850.00145
-1334850.00145
-1334850.00145
-1334850.00145
-1334850.00145
-1334850.00145
-1334850.00145
-1334850.00145
-1334850.00145
-1336046.49248
-1336046.49248
-1336046.49248
-1336046.49248
-1336046.49248
-1336046.49248
-1336046.49248
-1336046.49248
-1336046.49248
-1336046.49248
-1336046.49248
-1336046.49248
-1336046.49248
-1336046.49248
-1336046.49248
-1336046.49248
-1336046.49248
-1336046.49248
-1336046.49248
-1336046.49248
-1336046.49248
-1336046.49248
-1336046.49248
-1336046.49248
-1341351.97475
-1341351.97475
-1341351.97475
-1341351.97475
-1341351.97475
-1341351.97475
-1341351.97475
-1341351.97475
-1341351.97475
-1341351.97475
-1341351.97475
-1341351.97475
-1341351.97475
-1341351.97475
-1341351.97475
-1341351.97475
-1341351.97475
-1341351.97475
-1341351.97475
-1341351.97475
-1341351.97475
-1341351.97475
-1341351.97475
-1341351.97475
-1341351.97475
-1341351.97475
-1341351.97475
-1341351.97475
-1341351.97475
-1341351.97475
-1341351.97475
-1341351.97475
-1341351.97475
-1341351.97475
-1341351.97475
-1341351.97475
-1341351.97475
-1341351.97475
-1341351.97475
-1341351.97475
-1341351.97475
-1341351.97475
-1341351.97475
-1341351.97475
-1341351.97475
-1341351.97475
-1341351.97475
-1341351.97475
-1341351.97475
-1341351.97475
-1341351.97475
-1341351.97475
-1341351.97475
-1341351.97475
-1341351.97475
-1341351.97475
-1341351.97475
-1341351.97475
-1341351.97475
-1341351.97475
-1341351.97475
-1341351.97475
-1341351.97475
-1341351.97475
-1341351.97475
-1341351.97475
-1341351.97475
-1341351.97475
-1341351.97475
-1341351.97475
-1341351.97475
-1341351.97475
-1341351.97475
-1341351.97475
-1341351.97475
-1341351.97475
-1341351.97475
-1341351.97475
-1341351.97475
-1341351.97475
-1341351.97475
-1341351.97475
-1341351.97475
-1341351.97475
-1341351.97475
-1341351.97475
-1341351.97475
-1341351.97475
-1341351.97475
-1341351.97475
-1341351.97475
-1341351.97475
-1341351.97475
-1341351.97475
-1341351.97475
-1341351.97475
-1341351.97475
-1341351.97475
-1341351.97475
-1341351.97475
-1341351.97475
-1341351.97475
-1341351.97475
-1341351.97475
-1341351.97475
-1341351.97475
-1342005.73115
-1342005.73115
-1342005.73115
-1342005.73115
-1342005.73115
-1342005.73115
-1342005.73115
-1342005.73115
-1342005.73115
-1342005.73115
-1342005.73115
-1342005.73115
-1342005.73115
-1342005.73115
-1342005.73115
-1342005.73115
-1342005.73115
-1349246.8219
-1349246.8219
-1349246.8219
-1349246.8219
-1349246.8219
-1349246.8219
-1349246.8219
-1349246.8219
-1349246.8219
-1349246.8219
-1349246.8219
-1349246.8219
-1349246.8219
-1349246.8219
-1349246.8219
-1349246.8219
-1349246.8219
-1349246.8219
-1349246.8219
-1349246.8219
-1349246.8219
-1349246.8219
-1349246.8219
-1349246.8219
-1349246.8219
-1349246.8219
-1349246.8219
-1349246.8219
-1349246.8219
-1349246.8219
-1349246.8219
-1349246.8219
-1349246.8219
