-1105431.677
-1271028.0063
-1310976.78938
-1313115.42758
-1325598.03497
-1325598.03497
-1325598.03497
-1325598.03497
-1325598.03497
-1325598.03497
-1340652.18552
-1340652.18552
-1340652.18552
-1340652.18552
-1340652.18552
-1340652.18552
-1340652.18552
-1340652.18552
-1340652.18552
-1340652.18552
-1340652.18552
-1340652.18552
-1340652.18552
-1340652.18552
-1340652.18552
-1340652.18552
-1340652.18552
-1340652.18552
-1340652.18552
-1340652.18552
-1340652.18552
-1340652.18552
-1340652.18552
-1340652.18552
-1340652.18552
-1340652.18552
-1340652.18552
-1340652.18552
-1342322.47628
-1342322.47628
-1342322.47628
-1342322.47628
-1342322.47628
-1342322.47628
-1342322.47628
-1342322.47628
-1342322.47628
-1342322.47628
-1342322.47628
-1342322.47628
-1342322.47628
-1342322.47628
-1342322.47628
-1342322.47628
-1342322.47628
-1342322.47628
-1342322.47628
-1342322.47628
-1342322.47628
-1342322.47628
-1342322.47628
-1342322.47628
-1342322.47628
-1342322.47628
-1342322.47628
-1342322.47628
-1342322.47628
-1342322.47628
-1342322.47628
-1342322.47628
-1342322.47628
-1342322.47628
-1342322.47628
-1342322.47628
-1342322.47628
-1342322.47628
-1342322.47628
-1342322.47628
-1342322.47628
-1342322.47628
-1342322.47628
-1342322.47628
-1342322.47628
-1342322.47628
-1342322.47628
-1342322.47628
-1342322.47628
-1342322.47628
-1342322.47628
-1342322.47628
-1342322.47628
-1342322.47628
-1342322.47628
-1342322.47628
-1342322.47628
-1342322.47628
-1342322.47628
-1342322.47628
-1342322.47628
-1342322.47628
-1342322.47628
-1342322.47628
-1342322.47628
-1342322.47628
-1342322.47628
-1342322.47628
-1342322.47628
-1342322.47628
-1342322.47628
-1342322.47628
-1342322.47628
-1342322.47628
-1342322.47628
-1342322.47628
-1342322.47628
-1342322.47628
-1342322.47628
-1342322.47628
-1342322.47628
-1342322.47628
-1342322.47628
-1342322.47628
-1342322.47628
-1342322.47628
-1342322.47628
-1342322.47628
-1342322.47628
-1342322.47628
-1342322.47628
-1342322.47628
-1342322.47628
-1342322.47628
-1342322.47628
-1342322.47628
-1342322.47628
-1342322.47628
-1342322.47628
-1342322.47628
-1342322.47628
-1342322.47628
-1342322.47628
-1342322.47628
-1342322.47628
-1342322.47628
-1342322.47628
-1342322.47628
-1342322.47628
-1342322.47628
-1342322.47628
-1342322.47628
-1342322.47628
-1342322.47628
-1342322.47628
-1342322.47628
-1342322.47628
-1342322.47628
-1342322.47628
-1355519.51577
-1355519.51577
-1355519.51577
-1355519.51577
-1355519.51577
-1355519.51577
-1355519.51577
-1355519.51577
-1355519.51577
-1355519.51577
-1355519.51577
-1355519.51577
-1355519.51577
-1355519.51577
-1355519.51577
-1355519.51577
-1355519.51577
-1355519.51577
-1355519.51577
-1355519.51577
-1355519.51577
-1355519.51577
-1355519.51577
-1355519.51577
-1355519.51577
-1355519.51577
-1355519.51577
-1355519.51577
-1355519.51577
-1355519.51577
-1355519.51577
-1355519.51577
-1355519.51577
-1355519.51577
-1355519.51577
-1355519.51577
-1355519.51577
-1355519.51577
-1355519.51577
-1355519.51577
-1355519.51577
-1355519.51577
-1355519.51577
-1355519.51577
-1355519.51577
-1355519.51577
-1355519.51577
-1355519.51577
-1355519.51577
-1355519.51577
-1355519.51577
-1355519.51577
-1355519.51577
-1355519.51577
-1355519.51577
-1355519.51577
-1355519.51577
-1355519.51577
-1355519.51577
-1355519.51577
-1355519.51577
-1355519.51577
-1355519.51577
-1355519.51577
-1355519.51577
-1355519.51577
-1355519.51577
-1355519.51577
-1355519.51577
-1355519.51577
-1355519.51577
-1355519.51577
-1355519.51577
-1355519.51577
-1355519.51577
-1355519.51577
-1355519.51577
-1355519.51577
-1355519.51577
-1355519.51577
-1355519.51577
-1355519.51577
-1355519.51577
-1355519.51577
-1355519.51577
-1355519.51577
-1355519.51577
-1355519.51577
-1355519.51577
-1355519.51577
-1355519.51577
-1355519.51577
-1355519.51577
-1355519.51577
-1355519.51577
-1355519.51577
-1355519.51577
-1355519.51577
-1355519.51577
-1355519.51577
-1355519.51577
-1355519.51577
-1355519.51577
-1355519.51577
-1355519.51577
-1355519.51577
-1355519.51577
-1355519.51577
-1355519.51577
-1355519.51577
-1355519.51577
-1355519.51577
-1355519.51577
-1355519.51577
-1355519.51577
-1355519.51577
-1355519.51577
-1355519.51577
-1355519.51577
-1355519.51577
-1355519.51577
-1355519.51577
-1355519.51577
-1355519.51577
-1355519.51577
-1355519.51577
-1355519.51577
-1355519.51577
-1355519.51577
-1355519.51577
-1355519.51577
-1355519.51577
-1355519.51577
-1355519.51577
-1355519.51577
-1355519.51577
-1355519.51577
-1355519.51577
-1355519.51577
-1355519.51577
-1355519.51577
-1355519.51577
-1355519.51577
