-1103770.15828
-1285836.32381
-1316983.66712
-1316983.66712
-1316983.66712
-1335194.69184
-1335194.69184
-1335194.69184
-1335194.69184
-1335194.69184
-1335194.69184
-1335194.69184
-1335194.69184
-1335194.69184
-1335194.69184
-1335194.69184
-1335194.69184
-1335194.69184
-1335194.69184
-1335194.69184
-1335194.69184
-1335194.69184
-1335194.69184
-1335194.69184
-1335194.69184
-1335194.69184
-1335194.69184
-1335194.69184
-1335194.69184
-1335194.69184
-1335194.69184
-1335194.69184
-1335194.69184
-1335194.69184
-1335194.69184
-1335194.69184
-1335194.69184
-1335194.69184
-1335194.69184
-1335194.69184
-1335194.69184
-1335194.69184
-1335194.69184
-1335194.69184
-1335194.69184
-1335194.69184
-1335194.69184
-1335194.69184
-1335194.69184
-1335194.69184
-1335194.69184
-1335194.69184
-1335194.69184
-1335194.69184
-1335194.69184
-1335194.69184
-1335194.69184
-1335194.69184
-1335194.69184
-1335194.69184
-1340527.91975
-1340527.91975
-1340527.91975
-1340527.91975
-1340527.91975
-1340527.91975
-1340527.91975
-1340527.91975
-1340527.91975
-1340527.91975
-1340527.91975
-1340527.91975
-1340527.91975
-1340527.91975
-1340527.91975
-1340527.91975
-1340527.91975
-1340527.91975
-1340527.91975
-1340527.91975
-1340527.91975
-1340527.91975
-1340527.91975
-1340527.91975
-1340527.91975
-1340527.91975
-1340527.91975
-1340527.91975
-1340527.91975
-1340527.91975
-1340527.91975
-1340527.91975
-1340527.91975
-1340527.91975
-1340527.91975
-1340527.91975
-1340527.91975
-1340527.91975
-1340527.91975
-1340527.91975
-1340527.91975
-1340527.91975
-1340527.91975
-1340527.91975
-1340527.91975
-1340527.91975
-1340527.91975
-1340527.91975
-1340527.91975
-1340527.91975
-1340527.91975
-1340527.91975
-1340527.91975
-1340527.91975
-1340527.91975
-1340527.91975
-1340527.91975
-1340527.91975
-1340527.91975
-1340527.91975
-1340527.91975
-1340527.91975
-1340527.91975
-1340527.91975
-1340527.91975
-1340527.91975
-1340527.91975
-1340527.91975
-1340527.91975
-1340527.91975
-1340527.91975
-1340527.91975
-1340527.91975
-1340527.91975
-1340527.91975
-1340527.91975
-1340527.91975
-1340527.91975
-1340527.91975
-1340527.91975
-1340527.91975
-1340527.91975
-1340527.91975
-1340527.91975
-1340527.91975
-1340527.91975
-1340527.91975
-1340527.91975
-1340527.91975
-1340527.91975
-1340527.91975
-1340527.91975
-1340527.91975
-1340527.91975
-1340527.91975
-1340527.91975
-1340527.91975
-1340527.91975
-1340527.91975
-1340527.91975
-1340527.91975
-1340527.91975
-1340527.91975
-1340527.91975
-1340527.91975
-1340527.91975
-1340527.91975
-1340527.91975
-1340527.91975
-1340527.91975
-1340527.91975
-1340527.91975
-1340527.91975
-1340527.91975
-1340527.91975
-1340527.91975
-1340527.91975
-1340527.91975
-1340527.91975
-1340527.91975
-1340527.91975
-1340527.91975
-1340527.91975
-1340527.91975
-1340527.91975
-1340527.91975
-1340527.91975
-1340527.91975
-1340527.91975
-1340527.91975
-1340527.91975
-1340527.91975
-1340527.91975
-1340527.91975
-1340527.91975
-1340527.91975
-1340527.91975
-1340527.91975
-1340527.91975
-1340527.91975
