-1074177.78746
-1276871.21785
-1313661.83016
-1318000.92744
-1331970.2358
-1332612.73517
-1332612.73517
-1332612.73517
-1332612.73517
-1332612.73517
-1332612.73517
-1332612.73517
-1332612.73517
-1332612.73517
-1332612.73517
-1332612.73517
-1332612.73517
-1332612.73517
-1332612.73517
-1332612.73517
-1332612.73517
-1332612.73517
-1332612.73517
-1332612.73517
-1332612.73517
-1332612.73517
-1332612.73517
-1332612.73517
-1332612.73517
-1332612.73517
-1332612.73517
-1332612.73517
-1332612.73517
-1332612.73517
-1332612.73517
-1332612.73517
-1332612.73517
-1332612.73517
-1332612.73517
-1332612.73517
-1332612.73517
-1332612.73517
-1332612.73517
-1332612.73517
-1332612.73517
-1332612.73517
-1332612.73517
-1332612.73517
-1332612.73517
-1332612.73517
-1339565.59388
-1339565.59388
-1339565.59388
-1339565.59388
-1344800.62945
-1344800.62945
-1344800.62945
-1344800.62945
-1344800.62945
-1344800.62945
-1344800.62945
-1344800.62945
-1344800.62945
-1344800.62945
-1344800.62945
-1344800.62945
-1344800.62945
-1344800.62945
-1344800.62945
-1344800.62945
-1344800.62945
-1344800.62945
-1344800.62945
-1344800.62945
-1344800.62945
-1344800.62945
-1344800.62945
-1344800.62945
-1344800.62945
-1344800.62945
-1344800.62945
-1344800.62945
-1344800.62945
-1344800.62945
-1344800.62945
-1344800.62945
-1344800.62945
-1344800.62945
-1344800.62945
-1344800.62945
-1344800.62945
-1344800.62945
-1344800.62945
-1344800.62945
-1344800.62945
-1344800.62945
-1344800.62945
-1344800.62945
-1344800.62945
-1344800.62945
-1344800.62945
-1344800.62945
-1344800.62945
-1344800.62945
-1344800.62945
-1344800.62945
-1344800.62945
-1344800.62945
-1344800.62945
-1344800.62945
-1344800.62945
-1344800.62945
-1344800.62945
-1344800.62945
-1344800.62945
-1344800.62945
-1344800.62945
-1344800.62945
-1344800.62945
-1344800.62945
-1344800.62945
-1344800.62945
-1344800.62945
-1344800.62945
-1344800.62945
-1344800.62945
-1344800.62945
-1344800.62945
-1344800.62945
-1344800.62945
-1344800.62945
-1344800.62945
-1344800.62945
-1344800.62945
-1344800.62945
-1344800.62945
-1344800.62945
-1344800.62945
-1344800.62945
-1344800.62945
-1344800.62945
-1344800.62945
-1344800.62945
-1344800.62945
-1345939.93847
-1345939.93847
-1345939.93847
-1345939.93847
-1345939.93847
-1345939.93847
-1345939.93847
-1345939.93847
-1345939.93847
-1345939.93847
-1345939.93847
-1345939.93847
-1345939.93847
-1345939.93847
-1345939.93847
-1345939.93847
-1345939.93847
-1345939.93847
-1345939.93847
-1345939.93847
-1345939.93847
-1345939.93847
-1345939.93847
-1345939.93847
-1345939.93847
-1345939.93847
-1345939.93847
-1345939.93847
-1345939.93847
-1345939.93847
-1345939.93847
-1345939.93847
-1345939.93847
-1345939.93847
-1345939.93847
-1345939.93847
-1345939.93847
-1345939.93847
-1345939.93847
-1345939.93847
-1345939.93847
-1345939.93847
-1345939.93847
-1345939.93847
-1345939.93847
-1345939.93847
-1345939.93847
-1345939.93847
-1345939.93847
-1345939.93847
-1345939.93847
-1345939.93847
-1345939.93847
-1345939.93847
-1345939.93847
-1345939.93847
-1345939.93847
-1345939.93847
-1345939.93847
-1345939.93847
-1345939.93847
-1345939.93847
-1345939.93847
-1345939.93847
-1345939.93847
-1345939.93847
-1345939.93847
-1345939.93847
-1345939.93847
-1345939.93847
-1345939.93847
-1345939.93847
-1345939.93847
-1345939.93847
-1345939.93847
-1345939.93847
-1345939.93847
-1345939.93847
-1345939.93847
-1345939.93847
-1345939.93847
-1345939.93847
-1345939.93847
-1345939.93847
-1345939.93847
-1345939.93847
-1345939.93847
-1345939.93847
-1345939.93847
-1345939.93847
-1345939.93847
-1345939.93847
-1345939.93847
-1345939.93847
-1345939.93847
-1345939.93847
-1345939.93847
-1345939.93847
-1345939.93847
-1345939.93847
-1345939.93847
-1345939.93847
-1345939.93847
-1345939.93847
-1345939.93847
-1345939.93847
-1345939.93847
-1345939.93847
-1345939.93847
-1345939.93847
-1345939.93847
-1345939.93847
-1345939.93847
-1345939.93847
-1345939.93847
-1345939.93847
-1345939.93847
-1345939.93847
-1345939.93847
-1345939.93847
-1345939.93847
-1345939.93847
-1345939.93847
-1345939.93847
-1345939.93847
-1345939.93847
-1345939.93847
-1345939.93847
-1345939.93847
-1345939.93847
-1345939.93847
-1345939.93847
-1345939.93847
-1345939.93847
-1345939.93847
-1345939.93847
-1345939.93847
-1345939.93847
-1345939.93847
-1345939.93847
-1345939.93847
-1345939.93847
-1345939.93847
-1345939.93847
-1345939.93847
-1345939.93847
-1345939.93847
-1345939.93847
-1345939.93847
-1345939.93847
-1345939.93847
-1345939.93847
-1345939.93847
-1345939.93847
-1345939.93847
-1345939.93847
