-1087948.30612
-1299507.63652
-1300441.7718
-1318675.85597
-1318675.85597
-1318675.85597
-1318675.85597
-1318675.85597
-1318675.85597
-1318675.85597
-1318675.85597
-1318675.85597
-1348525.30965
-1348525.30965
-1348525.30965
-1348525.30965
-1348525.30965
-1348525.30965
-1348525.30965
-1348525.30965
-1348525.30965
-1348525.30965
-1348525.30965
-1348525.30965
-1348525.30965
-1348525.30965
-1348525.30965
-1348525.30965
-1348525.30965
-1348525.30965
-1348525.30965
-1348525.30965
-1348525.30965
-1348525.30965
-1348525.30965
-1348525.30965
-1348525.30965
-1348525.30965
-1348525.30965
-1348525.30965
-1348525.30965
-1348525.30965
-1348525.30965
-1348525.30965
-1348525.30965
-1348525.30965
-1348525.30965
-1348525.30965
-1348525.30965
-1348525.30965
-1348525.30965
-1348525.30965
-1348525.30965
-1348525.30965
-1348525.30965
-1348525.30965
-1348525.30965
-1348525.30965
-1348525.30965
-1348525.30965
-1348525.30965
-1348525.30965
-1348525.30965
-1348525.30965
-1348525.30965
-1348525.30965
-1348525.30965
-1348525.30965
-1348525.30965
-1348525.30965
-1348525.30965
-1348525.30965
-1348525.30965
-1348525.30965
-1348525.30965
-1348525.30965
-1348525.30965
-1348525.30965
-1348525.30965
-1348525.30965
-1348525.30965
-1348525.30965
-1348525.30965
-1348525.30965
-1348525.30965
-1348525.30965
-1348525.30965
-1348525.30965
-1348525.30965
-1348525.30965
-1348525.30965
-1348525.30965
-1348525.30965
-1348525.30965
-1348525.30965
-1348525.30965
-1348525.30965
-1348525.30965
-1348525.30965
-1348525.30965
-1348525.30965
-1348525.30965
-1348525.30965
-1348525.30965
-1348525.30965
-1348525.30965
-1348525.30965
-1348525.30965
-1348525.30965
-1348525.30965
-1348525.30965
-1348525.30965
-1348525.30965
-1348525.30965
-1348525.30965
-1348525.30965
-1348525.30965
-1348525.30965
-1348525.30965
-1348525.30965
-1348525.30965
-1348525.30965
-1348525.30965
-1348525.30965
-1348525.30965
-1348525.30965
-1348525.30965
-1348525.30965
-1348525.30965
-1348525.30965
-1348525.30965
-1348525.30965
-1348525.30965
-1348525.30965
-1348525.30965
-1348525.30965
-1348525.30965
-1348525.30965
-1348525.30965
-1348525.30965
-1348525.30965
-1348525.30965
-1348525.30965
-1348525.30965
-1348525.30965
-1348525.30965
-1348525.30965
-1348525.30965
-1348525.30965
-1348525.30965
-1348525.30965
-1348525.30965
-1348525.30965
-1348525.30965
-1348525.30965
-1348525.30965
-1348525.30965
-1350809.52692
-1350809.52692
-1350809.52692
-1350809.52692
-1350809.52692
-1350809.52692
-1350809.52692
-1350809.52692
-1350809.52692
-1350809.52692
-1350809.52692
-1350809.52692
-1350809.52692
-1350809.52692
-1350809.52692
-1350809.52692
-1350809.52692
-1350809.52692
-1350809.52692
-1350809.52692
-1350809.52692
-1350809.52692
-1350809.52692
-1350809.52692
-1350809.52692
-1350809.52692
-1350809.52692
-1350809.52692
-1350809.52692
-1350809.52692
-1350809.52692
-1350809.52692
-1350809.52692
-1350809.52692
-1350809.52692
-1350809.52692
-1350809.52692
-1350809.52692
-1350809.52692
-1350809.52692
-1350809.52692
-1350809.52692
-1350809.52692
-1350809.52692
-1350809.52692
-1350809.52692
-1350809.52692
-1350809.52692
-1350809.52692
-1350809.52692
-1350809.52692
-1350809.52692
-1350809.52692
-1350809.52692
-1350809.52692
-1350809.52692
-1350809.52692
-1350809.52692
-1350809.52692
-1350809.52692
-1350809.52692
-1350809.52692
-1350809.52692
-1350809.52692
-1350809.52692
-1350809.52692
-1350809.52692
-1350809.52692
-1350809.52692
-1350809.52692
-1350809.52692
-1350809.52692
-1350809.52692
-1350809.52692
-1350809.52692
-1350809.52692
-1350809.52692
-1350809.52692
-1350809.52692
-1350809.52692
-1350809.52692
-1350809.52692
-1350809.52692
-1350809.52692
-1350809.52692
-1350809.52692
-1350809.52692
-1350809.52692
-1350809.52692
-1350809.52692
-1350809.52692
-1350809.52692
-1350809.52692
-1350809.52692
-1350809.52692
-1350809.52692
-1350809.52692
-1350809.52692
-1350809.52692
-1350809.52692
-1350809.52692
-1350809.52692
-1350809.52692
-1350809.52692
-1350809.52692
-1350809.52692
-1350809.52692
-1350809.52692
-1350809.52692
-1350809.52692
-1350809.52692
-1350809.52692
-1350809.52692
-1350809.52692
-1350809.52692
-1350809.52692
-1350809.52692
-1350809.52692
-1350809.52692
-1350809.52692
-1350809.52692
-1350809.52692
-1350809.52692
-1350809.52692
-1350809.52692
-1350809.52692
-1350809.52692
-1350809.52692
-1350809.52692
-1350809.52692
-1350809.52692
-1350809.52692
-1350809.52692
-1350809.52692
-1350809.52692
-1350809.52692
-1350809.52692
-1350809.52692
-1350809.52692
-1350809.52692
-1350809.52692
-1350809.52692
-1350809.52692
