-1122583.0779
-1241676.74571
-1299217.02761
-1321360.63073
-1321360.63073
-1321360.63073
-1321360.63073
-1321360.63073
-1321360.63073
-1321360.63073
-1326323.50976
-1326323.50976
-1326323.50976
-1326323.50976
-1326323.50976
-1326323.50976
-1326323.50976
-1326323.50976
-1326323.50976
-1326323.50976
-1326323.50976
-1326323.50976
-1326323.50976
-1326323.50976
-1326323.50976
-1327103.29303
-1327103.29303
-1327103.29303
-1327103.29303
-1327103.29303
-1327103.29303
-1327103.29303
-1327103.29303
-1327103.29303
-1327103.29303
-1327103.29303
-1327103.29303
-1327103.29303
-1327103.29303
-1327103.29303
-1327103.29303
-1327103.29303
-1329171.37719
-1329171.37719
-1329171.37719
-1329171.37719
-1329171.37719
-1330222.16131
-1330222.16131
-1330222.16131
-1330222.16131
-1330222.16131
-1330222.16131
-1330222.16131
-1330222.16131
-1330222.16131
-1330222.16131
-1330222.16131
-1330222.16131
-1330222.16131
-1330222.16131
-1330222.16131
-1330222.16131
-1334531.68152
-1334531.68152
-1334531.68152
-1334531.68152
-1334531.68152
-1334531.68152
-1334531.68152
-1334531.68152
-1334531.68152
-1334531.68152
-1334531.68152
-1334531.68152
-1334531.68152
-1334531.68152
-1334531.68152
-1334531.68152
-1334531.68152
-1334531.68152
-1334531.68152
-1334531.68152
-1334531.68152
-1334531.68152
-1334531.68152
-1334531.68152
-1334531.68152
-1334531.68152
-1337510.44367
-1337510.44367
-1337510.44367
-1337510.44367
-1337510.44367
-1337510.44367
-1337510.44367
-1337510.44367
-1337510.44367
-1337510.44367
-1337510.44367
-1337510.44367
-1337510.44367
-1337510.44367
-1337510.44367
-1337510.44367
-1337510.44367
-1337510.44367
-1337510.44367
-1337510.44367
-1337510.44367
-1337510.44367
-1337510.44367
-1337510.44367
-1337510.44367
-1337510.44367
-1337510.44367
-1337510.44367
-1337510.44367
-1337510.44367
-1337510.44367
-1337510.44367
-1337510.44367
-1337510.44367
-1337510.44367
-1337510.44367
-1337510.44367
-1337510.44367
-1337510.44367
-1337510.44367
-1337510.44367
-1337510.44367
-1337510.44367
-1337510.44367
-1337510.44367
-1337510.44367
-1337510.44367
-1337510.44367
-1337510.44367
-1337510.44367
-1337510.44367
-1337510.44367
-1337510.44367
-1337510.44367
-1337510.44367
-1337510.44367
-1337510.44367
-1337510.44367
-1337510.44367
-1337510.44367
-1337510.44367
-1337510.44367
-1337510.44367
-1337510.44367
-1337510.44367
-1337510.44367
-1337510.44367
-1337510.44367
-1337510.44367
-1337510.44367
-1337510.44367
-1337510.44367
-1337510.44367
-1337510.44367
-1337510.44367
-1337510.44367
-1337510.44367
-1337510.44367
-1337510.44367
-1337510.44367
-1337510.44367
-1337510.44367
-1337510.44367
-1337510.44367
-1337510.44367
-1337510.44367
-1340862.32959
-1340862.32959
-1340862.32959
-1340862.32959
-1340862.32959
-1340862.32959
-1340862.32959
-1340862.32959
-1340862.32959
-1340862.32959
-1340862.32959
-1340862.32959
-1340862.32959
-1340862.32959
-1340862.32959
-1340862.32959
-1340862.32959
-1340862.32959
-1340862.32959
-1340862.32959
-1340862.32959
-1340862.32959
-1340862.32959
-1340862.32959
-1340862.32959
