-1144791.50832
-1290301.2924
-1308881.25339
-1308881.25339
-1323586.14485
-1323586.14485
-1332628.69411
-1332628.69411
-1338037.33933
-1338037.33933
-1338037.33933
-1338037.33933
-1338037.33933
-1338037.33933
-1338037.33933
-1338037.33933
-1338037.33933
-1338037.33933
-1338037.33933
-1338037.33933
-1338037.33933
-1338037.33933
-1338037.33933
-1338037.33933
-1338037.33933
-1338037.33933
-1338037.33933
-1338037.33933
-1338037.33933
-1338037.33933
-1338037.33933
-1338037.33933
-1338037.33933
-1338037.33933
-1338037.33933
-1338037.33933
-1338037.33933
-1338037.33933
-1338037.33933
-1338037.33933
-1338037.33933
-1338037.33933
-1338037.33933
-1338037.33933
-1338037.33933
-1338037.33933
-1338037.33933
-1338037.33933
-1338037.33933
-1338037.33933
-1338037.33933
-1338037.33933
-1338037.33933
-1338037.33933
-1338037.33933
-1338037.33933
-1338037.33933
-1338037.33933
-1338037.33933
-1338037.33933
-1338037.33933
-1338037.33933
-1338037.33933
-1338037.33933
-1338037.33933
-1338037.33933
-1338037.33933
-1338037.33933
-1338037.33933
-1338037.33933
-1338037.33933
-1338037.33933
-1338037.33933
-1338037.33933
-1338037.33933
-1338037.33933
-1361482.38896
-1361482.38896
-1361482.38896
-1361482.38896
-1361482.38896
-1361482.38896
-1361482.38896
-1361482.38896
-1361482.38896
-1361482.38896
-1361482.38896
-1361482.38896
-1361482.38896
-1361482.38896
-1361482.38896
-1361482.38896
-1361482.38896
-1361482.38896
-1361482.38896
-1361482.38896
-1361482.38896
-1361482.38896
-1361482.38896
-1362022.63238
-1362022.63238
-1362022.63238
-1362022.63238
-1362022.63238
-1362022.63238
-1362022.63238
-1362022.63238
-1362022.63238
-1362022.63238
-1362022.63238
-1362022.63238
-1362022.63238
-1362022.63238
-1362022.63238
-1362022.63238
-1362022.63238
-1362022.63238
-1362022.63238
-1362022.63238
-1362022.63238
-1362022.63238
-1362022.63238
-1362022.63238
-1362022.63238
-1362022.63238
-1362022.63238
-1362022.63238
-1362022.63238
-1362022.63238
-1362022.63238
-1362022.63238
-1362022.63238
-1362022.63238
-1362022.63238
-1362022.63238
-1362022.63238
-1362022.63238
-1362022.63238
-1362022.63238
-1362022.63238
-1362022.63238
-1362022.63238
-1362022.63238
-1362022.63238
-1362022.63238
-1362022.63238
-1362022.63238
-1362022.63238
-1362022.63238
-1362022.63238
-1362022.63238
-1362022.63238
-1362022.63238
-1362022.63238
-1362022.63238
-1362022.63238
-1362022.63238
-1362022.63238
-1362022.63238
-1362022.63238
-1362022.63238
-1362022.63238
-1362022.63238
-1362022.63238
-1362022.63238
-1362022.63238
-1362022.63238
-1362022.63238
-1362022.63238
-1362022.63238
-1362022.63238
-1362022.63238
-1362022.63238
-1362022.63238
-1362022.63238
-1362022.63238
-1362022.63238
-1362022.63238
-1362022.63238
-1362022.63238
-1362022.63238
-1362022.63238
-1362022.63238
-1362022.63238
-1362022.63238
-1362022.63238
-1362022.63238
-1362022.63238
-1362022.63238
-1362022.63238
-1362022.63238
-1362022.63238
-1362022.63238
-1362022.63238
-1362022.63238
-1362022.63238
-1362022.63238
-1362022.63238
-1362022.63238
-1362022.63238
-1362022.63238
-1362022.63238
-1362022.63238
-1362022.63238
-1362022.63238
-1362022.63238
-1362022.63238
-1362022.63238
-1362022.63238
-1362022.63238
-1362022.63238
-1362022.63238
-1362022.63238
-1362022.63238
-1362022.63238
-1362022.63238
-1362022.63238
-1362022.63238
-1362022.63238
-1362022.63238
-1362022.63238
-1362022.63238
-1362022.63238
-1362022.63238
-1362022.63238
-1362022.63238
-1362022.63238
-1362022.63238
-1362022.63238
-1362022.63238
-1362022.63238
-1362022.63238
-1362022.63238
-1362022.63238
-1362022.63238
-1362022.63238
-1362022.63238
-1362022.63238
-1362022.63238
-1362022.63238
-1362022.63238
-1362022.63238
-1362022.63238
-1362022.63238
-1362022.63238
-1362022.63238
-1362022.63238
-1362022.63238
-1362022.63238
-1362022.63238
-1362022.63238
-1362022.63238
-1362022.63238
-1362022.63238
-1362022.63238
-1362022.63238
-1362022.63238
-1362022.63238
-1362022.63238
-1362022.63238
-1362022.63238
-1362022.63238
-1362022.63238
-1362022.63238
-1362022.63238
-1362022.63238
-1362022.63238
-1362022.63238
-1362022.63238
-1362022.63238
-1362022.63238
-1362022.63238
-1362022.63238
-1362022.63238
-1362022.63238
-1362022.63238
-1362022.63238
-1362022.63238
-1362022.63238
-1362022.63238
-1362022.63238
-1362022.63238
-1362022.63238
-1362022.63238
-1362022.63238
-1362022.63238
-1362022.63238
-1362022.63238
-1362022.63238
-1362022.63238
-1362022.63238
-1362022.63238
-1362022.63238
-1362022.63238
-1362022.63238
-1362022.63238
-1362022.63238
-1362022.63238
-1362022.63238
-1362022.63238
