-1182566.30543
-1282074.59465
-1321723.92807
-1321723.92807
-1321723.92807
-1321723.92807
-1321723.92807
-1321723.92807
-1333966.12136
-1333966.12136
-1333966.12136
-1333966.12136
-1333966.12136
-1333966.12136
-1333966.12136
-1333966.12136
-1333966.12136
-1333966.12136
-1333966.12136
-1333966.12136
-1333966.12136
-1333966.12136
-1333966.12136
-1333966.12136
-1333966.12136
-1333966.12136
-1333966.12136
-1333966.12136
-1333966.12136
-1333966.12136
-1333966.12136
-1333966.12136
-1333966.12136
-1333966.12136
-1333966.12136
-1333966.12136
-1333966.12136
-1333966.12136
-1333966.12136
-1333966.12136
-1333966.12136
-1333966.12136
-1333966.12136
-1333966.12136
-1333966.12136
-1333966.12136
-1333966.12136
-1333966.12136
-1333966.12136
-1333966.12136
-1333966.12136
-1333966.12136
-1333966.12136
-1333966.12136
-1333966.12136
-1333966.12136
-1333966.12136
-1333966.12136
-1333966.12136
-1333966.12136
-1333966.12136
-1333966.12136
-1333966.12136
-1333966.12136
-1333966.12136
-1333966.12136
-1333966.12136
-1333966.12136
-1333966.12136
-1333966.12136
-1338341.64335
-1338341.64335
-1338341.64335
-1338341.64335
-1338341.64335
-1338341.64335
-1338341.64335
-1338341.64335
-1338341.64335
-1338341.64335
-1338341.64335
-1338341.64335
-1338341.64335
-1338341.64335
-1338341.64335
-1338341.64335
-1338341.64335
-1338341.64335
-1338341.64335
-1338341.64335
-1338341.64335
-1338341.64335
-1338341.64335
-1338341.64335
-1338341.64335
-1338341.64335
-1338341.64335
-1338341.64335
-1338341.64335
-1338341.64335
-1338341.64335
-1338341.64335
-1338341.64335
-1338341.64335
-1338341.64335
-1338341.64335
-1338341.64335
-1338341.64335
-1338341.64335
-1338341.64335
-1338341.64335
-1338341.64335
-1338341.64335
-1338341.64335
-1338341.64335
-1338341.64335
-1338341.64335
-1338341.64335
-1338341.64335
-1344858.27275
-1344858.27275
-1344858.27275
-1344858.27275
-1344858.27275
-1344858.27275
-1344858.27275
-1344858.27275
-1344858.27275
-1344858.27275
-1344858.27275
-1344858.27275
-1344858.27275
-1344858.27275
-1344858.27275
-1344858.27275
-1344858.27275
-1344858.27275
-1344858.27275
-1344858.27275
-1344858.27275
-1344858.27275
-1344858.27275
-1344858.27275
-1344858.27275
-1344858.27275
-1344858.27275
-1344858.27275
-1344858.27275
-1344858.27275
-1344858.27275
-1344858.27275
-1344858.27275
-1344858.27275
-1344858.27275
-1344858.27275
-1344858.27275
-1344858.27275
-1344858.27275
-1344858.27275
-1344858.27275
-1344858.27275
-1344858.27275
-1344858.27275
-1344858.27275
-1344858.27275
-1344858.27275
-1344858.27275
-1344858.27275
-1344858.27275
-1344858.27275
-1344858.27275
-1344858.27275
-1344858.27275
-1344858.27275
-1344858.27275
-1344858.27275
-1344858.27275
-1344858.27275
-1344858.27275
-1344858.27275
-1344858.27275
-1344858.27275
-1344858.27275
-1344858.27275
-1344858.27275
-1344858.27275
-1344858.27275
-1344858.27275
-1344858.27275
-1344858.27275
-1344858.27275
-1344858.27275
-1344858.27275
-1344858.27275
-1344858.27275
-1344858.27275
-1344858.27275
-1344858.27275
-1344858.27275
-1344858.27275
-1344858.27275
-1344858.27275
-1344858.27275
-1344858.27275
-1344858.27275
-1344858.27275
-1344858.27275
-1344858.27275
-1344858.27275
-1344858.27275
-1344858.27275
-1344858.27275
-1344858.27275
-1344858.27275
-1344858.27275
-1344858.27275
-1344858.27275
-1344858.27275
-1344858.27275
-1344858.27275
-1344858.27275
-1344858.27275
-1344858.27275
-1344858.27275
-1344858.27275
-1344858.27275
-1344858.27275
-1344858.27275
-1344858.27275
-1344858.27275
-1344858.27275
-1344858.27275
-1344858.27275
-1344858.27275
-1344858.27275
-1344858.27275
-1344858.27275
-1344858.27275
-1344858.27275
-1344858.27275
-1344858.27275
-1344858.27275
-1344858.27275
-1344858.27275
-1344858.27275
-1344858.27275
-1344858.27275
-1344858.27275
-1344858.27275
-1344858.27275
-1344858.27275
-1344858.27275
-1344858.27275
-1344858.27275
-1344858.27275
-1344858.27275
-1344858.27275
-1344858.27275
-1344858.27275
-1344858.27275
-1344858.27275
-1344858.27275
-1344858.27275
-1344858.27275
-1344858.27275
-1344858.27275
-1344858.27275
-1344858.27275
-1344858.27275
-1344858.27275
-1344858.27275
-1344858.27275
-1344858.27275
-1344858.27275
-1344858.27275
-1344858.27275
-1344858.27275
-1344858.27275
-1344858.27275
-1344858.27275
-1344858.27275
-1344858.27275
-1344858.27275
-1344858.27275
-1344858.27275
-1344858.27275
-1344858.27275
-1344858.27275
-1344858.27275
-1344858.27275
-1344858.27275
-1344858.27275
-1344858.27275
-1344858.27275
-1344858.27275
-1344858.27275
-1344858.27275
-1344858.27275
-1344858.27275
-1344858.27275
