-1095686.37176
-1292972.83515
-1313563.44676
-1319666.75565
-1319666.75565
-1325693.88325
-1325693.88325
-1326790.40937
-1326790.40937
-1326790.40937
-1326790.40937
-1331741.8387
-1331741.8387
-1331741.8387
-1338787.59128
-1338787.59128
-1338787.59128
-1338787.59128
-1338787.59128
-1338787.59128
-1338787.59128
-1338787.59128
-1338787.59128
-1338787.59128
-1338787.59128
-1338787.59128
-1338787.59128
-1338787.59128
-1338787.59128
-1338787.59128
-1338787.59128
-1338787.59128
-1338787.59128
-1338787.59128
-1338787.59128
-1338787.59128
-1338787.59128
-1338787.59128
-1338787.59128
-1338787.59128
-1338787.59128
-1338787.59128
-1338787.59128
-1338787.59128
-1338787.59128
-1338787.59128
-1338787.59128
-1338787.59128
-1338787.59128
-1338787.59128
-1338787.59128
-1338787.59128
-1338787.59128
-1338787.59128
-1338787.59128
-1338787.59128
-1338787.59128
-1338787.59128
-1338787.59128
-1341796.47936
-1341796.47936
-1341796.47936
-1341796.47936
-1341796.47936
-1341796.47936
-1341796.47936
-1341796.47936
-1341796.47936
-1341796.47936
-1341796.47936
-1341796.47936
-1341796.47936
-1341796.47936
-1341796.47936
-1341796.47936
-1341796.47936
-1341796.47936
-1341796.47936
-1341796.47936
-1341796.47936
-1341796.47936
-1341796.47936
-1341796.47936
-1341796.47936
-1341796.47936
-1341796.47936
-1341796.47936
-1341796.47936
-1341796.47936
-1341796.47936
-1341796.47936
-1341796.47936
-1341796.47936
-1341796.47936
-1341796.47936
-1341796.47936
-1341796.47936
-1341796.47936
-1341796.47936
-1341796.47936
-1341796.47936
-1341796.47936
-1341796.47936
-1341796.47936
-1341796.47936
-1341796.47936
-1341796.47936
-1341796.47936
-1341796.47936
-1341796.47936
-1341796.47936
-1341796.47936
-1341796.47936
-1341796.47936
-1341796.47936
-1341796.47936
-1341796.47936
-1341796.47936
-1341796.47936
-1341796.47936
-1341796.47936
-1341796.47936
-1341796.47936
-1341796.47936
-1341796.47936
-1341796.47936
-1341796.47936
-1341796.47936
-1341796.47936
-1341796.47936
-1341796.47936
-1341796.47936
-1341796.47936
-1341796.47936
-1341796.47936
-1341796.47936
-1341796.47936
-1341796.47936
-1341796.47936
-1341796.47936
-1341796.47936
-1341796.47936
-1341796.47936
-1341796.47936
-1341796.47936
-1341796.47936
-1341796.47936
-1341796.47936
-1341796.47936
-1341796.47936
-1341796.47936
-1341796.47936
-1341796.47936
-1341796.47936
-1341796.47936
-1341796.47936
-1341796.47936
-1341796.47936
-1341796.47936
-1341796.47936
-1341796.47936
-1341796.47936
-1341796.47936
-1341796.47936
-1341796.47936
-1341796.47936
-1341796.47936
-1341796.47936
-1341796.47936
-1341796.47936
-1341796.47936
-1341825.68537
-1341825.68537
-1341825.68537
-1341825.68537
-1341825.68537
-1341825.68537
-1341825.68537
-1341825.68537
-1341825.68537
-1341825.68537
-1341825.68537
-1341825.68537
-1341825.68537
-1351689.28613
-1351689.28613
-1351689.28613
-1351689.28613
-1351689.28613
-1351689.28613
-1351689.28613
-1351689.28613
-1351689.28613
-1351689.28613
-1351689.28613
-1351689.28613
-1351689.28613
-1351689.28613
-1351689.28613
-1351689.28613
-1351689.28613
-1351689.28613
-1351689.28613
-1351689.28613
-1351689.28613
-1351689.28613
-1351689.28613
-1351689.28613
-1351689.28613
-1351689.28613
-1351689.28613
-1351689.28613
-1351689.28613
-1351689.28613
-1351689.28613
-1351689.28613
-1351689.28613
-1351689.28613
-1351689.28613
-1351689.28613
-1351689.28613
-1351689.28613
-1351689.28613
-1351689.28613
-1351689.28613
-1351689.28613
-1351689.28613
-1351689.28613
-1351689.28613
-1351689.28613
-1351689.28613
-1351689.28613
-1351689.28613
-1351689.28613
-1351689.28613
-1351689.28613
-1351689.28613
-1351689.28613
-1351689.28613
-1351689.28613
-1351689.28613
-1351689.28613
-1351689.28613
-1351689.28613
-1351689.28613
-1351689.28613
-1351689.28613
-1351689.28613
-1351689.28613
-1351689.28613
-1351689.28613
-1351689.28613
-1351689.28613
-1351689.28613
-1351689.28613
-1351689.28613
-1351689.28613
-1351689.28613
-1351689.28613
-1351689.28613
-1351689.28613
-1351689.28613
-1351689.28613
-1351689.28613
-1351689.28613
-1351689.28613
-1351689.28613
-1351689.28613
-1351689.28613
-1351689.28613
-1351689.28613
-1351689.28613
-1351689.28613
-1351689.28613
-1351689.28613
-1351689.28613
-1351689.28613
-1351689.28613
-1351689.28613
-1351689.28613
-1351689.28613
-1351689.28613
-1351689.28613
-1351689.28613
-1351689.28613
-1351689.28613
-1351689.28613
-1351689.28613
-1351689.28613
-1351689.28613
-1351689.28613
-1351689.28613
-1351689.28613
-1351689.28613
-1351689.28613
-1351689.28613
-1351689.28613
-1351689.28613
-1351689.28613
-1351689.28613
