-1121313.50396
-1259118.10142
-1306706.82522
-1317507.28024
-1317507.28024
-1321051.83742
-1321051.83742
-1321051.83742
-1321051.83742
-1321051.83742
-1321051.83742
-1321051.83742
-1321051.83742
-1324733.09335
-1324733.09335
-1324733.09335
-1325436.39237
-1325436.39237
-1332180.87089
-1332180.87089
-1332180.87089
-1332180.87089
-1332180.87089
-1337146.90856
-1337146.90856
-1337146.90856
-1337146.90856
-1337146.90856
-1337146.90856
-1337146.90856
-1337146.90856
-1337146.90856
-1337146.90856
-1337146.90856
-1337146.90856
-1337146.90856
-1337146.90856
-1337146.90856
-1337146.90856
-1337146.90856
-1337146.90856
-1337146.90856
-1337146.90856
-1337146.90856
-1337146.90856
-1337146.90856
-1337146.90856
-1337146.90856
-1337146.90856
-1337146.90856
-1337146.90856
-1337146.90856
-1337146.90856
-1337146.90856
-1337146.90856
-1337146.90856
-1337146.90856
-1337146.90856
-1337146.90856
-1337146.90856
-1337146.90856
-1337146.90856
-1337146.90856
-1337146.90856
-1337146.90856
-1337146.90856
-1337146.90856
-1337146.90856
-1337146.90856
-1337146.90856
-1337146.90856
-1337146.90856
-1337146.90856
-1337146.90856
-1337146.90856
-1337146.90856
-1337146.90856
-1337146.90856
-1337146.90856
-1337146.90856
-1337146.90856
-1337146.90856
-1337146.90856
-1337146.90856
-1337146.90856
-1337146.90856
-1337146.90856
-1337146.90856
-1337146.90856
-1337146.90856
-1337146.90856
-1337146.90856
-1337146.90856
-1337146.90856
-1337146.90856
-1337146.90856
-1337146.90856
-1337146.90856
-1337146.90856
-1337146.90856
-1337146.90856
-1337146.90856
-1337146.90856
-1337146.90856
-1337146.90856
-1337146.90856
-1337146.90856
-1337146.90856
-1337146.90856
-1337146.90856
-1337146.90856
-1337146.90856
-1337146.90856
-1340431.60071
-1340431.60071
-1340431.60071
-1340431.60071
-1340431.60071
-1340431.60071
-1340431.60071
-1340431.60071
-1340431.60071
-1340431.60071
-1340431.60071
-1340431.60071
-1340431.60071
-1340431.60071
-1340431.60071
-1340431.60071
-1340431.60071
-1340431.60071
-1340431.60071
-1340431.60071
-1340431.60071
-1340431.60071
-1340431.60071
-1340431.60071
-1340431.60071
-1340431.60071
-1340431.60071
-1340431.60071
-1340431.60071
-1340431.60071
-1340431.60071
-1340431.60071
-1340431.60071
-1340431.60071
-1340431.60071
-1340431.60071
-1340431.60071
-1340431.60071
-1340431.60071
-1340431.60071
-1340431.60071
-1340431.60071
-1340431.60071
-1340431.60071
-1340431.60071
-1340431.60071
-1343038.59174
-1343038.59174
-1343038.59174
-1343038.59174
-1343038.59174
-1343038.59174
-1343038.59174
-1343038.59174
-1343038.59174
-1343038.59174
-1343038.59174
-1343038.59174
-1343038.59174
-1343038.59174
-1343038.59174
-1343038.59174
-1343038.59174
-1343038.59174
-1343038.59174
-1343038.59174
-1343038.59174
-1343038.59174
-1343038.59174
-1343038.59174
-1343038.59174
-1343038.59174
-1343038.59174
-1343038.59174
-1343038.59174
-1343038.59174
-1343038.59174
-1343038.59174
-1343038.59174
-1343038.59174
-1343038.59174
-1343038.59174
-1343038.59174
-1343038.59174
-1343038.59174
-1343038.59174
-1343038.59174
-1343038.59174
-1343038.59174
-1343038.59174
-1343038.59174
-1343038.59174
-1343038.59174
-1343038.59174
-1343038.59174
-1343038.59174
-1343038.59174
-1343038.59174
-1343038.59174
-1343038.59174
-1343038.59174
-1343038.59174
-1343038.59174
-1343038.59174
-1343038.59174
-1343038.59174
-1343038.59174
-1343038.59174
-1343038.59174
-1343038.59174
-1343038.59174
-1343038.59174
-1343038.59174
-1343038.59174
-1343038.59174
-1343038.59174
-1343038.59174
-1343038.59174
-1343038.59174
-1343038.59174
-1343038.59174
-1343038.59174
-1343038.59174
-1343038.59174
-1343038.59174
-1343038.59174
-1343038.59174
-1343038.59174
-1343038.59174
-1343038.59174
-1343038.59174
-1343038.59174
-1343038.59174
-1343038.59174
-1343038.59174
-1343038.59174
-1343038.59174
-1343038.59174
-1343038.59174
-1343038.59174
-1343038.59174
-1343038.59174
-1343038.59174
-1343038.59174
-1343038.59174
-1343038.59174
-1343038.59174
-1343038.59174
-1343038.59174
-1343038.59174
-1343038.59174
-1343038.59174
-1343038.59174
-1343038.59174
-1343038.59174
-1343038.59174
-1343038.59174
-1343038.59174
-1343038.59174
-1343038.59174
-1343038.59174
-1343038.59174
-1343038.59174
-1343038.59174
-1343038.59174
-1343038.59174
-1343038.59174
-1343038.59174
-1343038.59174
-1343038.59174
-1343038.59174
-1343038.59174
-1343038.59174
-1343038.59174
-1343038.59174
-1343038.59174
-1343038.59174
-1343038.59174
-1343038.59174
-1343038.59174
-1343038.59174
-1343038.59174
-1343038.59174
-1343038.59174
-1343038.59174
-1343038.59174
-1343038.59174
