-614561.381607
-717208.636602
-737507.442649
-750802.136967
-750802.136967
-750967.827426
-750967.827426
-753052.958352
-753052.958352
-753052.958352
-753052.958352
-753052.958352
-753052.958352
-759105.604876
-759105.604876
-759105.604876
-759105.604876
-759105.604876
-759105.604876
-759105.604876
-759105.604876
-759105.604876
-759105.604876
-759951.094689
-759951.094689
-759951.094689
-759951.094689
-759951.094689
-759951.094689
-759951.094689
-759951.094689
-759951.094689
-759951.094689
-759951.094689
-759951.094689
-762206.064556
-762206.064556
-762206.064556
-762206.064556
-762206.064556
-762206.064556
-762206.064556
-764089.651733
-764089.651733
-764673.916668
-773091.194428
-773091.194428
-773091.194428
-773091.194428
-773091.194428
-773091.194428
-773091.194428
-773091.194428
-773091.194428
-773091.194428
-773091.194428
-773091.194428
-773091.194428
-773091.194428
-773091.194428
-773091.194428
-773091.194428
-773091.194428
-773091.194428
-773091.194428
-773091.194428
-773091.194428
-773091.194428
-773091.194428
-773091.194428
-773091.194428
-773091.194428
-773091.194428
-773091.194428
-773091.194428
-773091.194428
-773091.194428
-773091.194428
-773091.194428
-773091.194428
-773091.194428
-773091.194428
-773091.194428
-773091.194428
-773091.194428
-773091.194428
-773091.194428
-773091.194428
-773091.194428
-773091.194428
-773091.194428
-773091.194428
-773091.194428
-773091.194428
-773091.194428
-773091.194428
-773091.194428
-773091.194428
-773091.194428
-773091.194428
-773091.194428
-773091.194428
-773091.194428
-773091.194428
-773091.194428
-773091.194428
-773091.194428
-773091.194428
-773091.194428
-773091.194428
-773091.194428
-773091.194428
-773091.194428
-773091.194428
-773091.194428
-773091.194428
-773091.194428
-773091.194428
-773091.194428
-773091.194428
-773091.194428
-773091.194428
-773091.194428
-773091.194428
-773091.194428
-773091.194428
-773091.194428
-773091.194428
-773091.194428
-773091.194428
-773091.194428
-773091.194428
-773091.194428
-773091.194428
-773091.194428
-773091.194428
-773091.194428
-773091.194428
-773091.194428
-773091.194428
-773091.194428
-773091.194428
-773091.194428
-773091.194428
-773091.194428
-773091.194428
-773091.194428
-773091.194428
-773091.194428
-773091.194428
-773091.194428
-773091.194428
-773091.194428
-773091.194428
-773091.194428
-773091.194428
-773091.194428
-773091.194428
-773091.194428
-773091.194428
-773091.194428
-773091.194428
-773091.194428
-773091.194428
-773091.194428
-773091.194428
-773091.194428
-773091.194428
-773091.194428
-773091.194428
-773091.194428
-773091.194428
-773091.194428
-773091.194428
-773091.194428
-773091.194428
-773091.194428
-773091.194428
-773091.194428
-773091.194428
-773091.194428
-773091.194428
-773091.194428
-773091.194428
-773091.194428
-773091.194428
-773091.194428
-773091.194428
-773091.194428
-773091.194428
-773091.194428
-773091.194428
-773091.194428
-773091.194428
-773091.194428
-773091.194428
-773091.194428
-773091.194428
-773091.194428
-773091.194428
