-1090939.35584
-1256962.03156
-1307452.68982
-1307452.68982
-1318980.36201
-1327669.632
-1327669.632
-1327669.632
-1327669.632
-1328613.46492
-1328613.46492
-1329370.66436
-1329370.66436
-1334810.18884
-1334810.18884
-1334810.18884
-1334810.18884
-1334810.18884
-1334810.18884
-1334810.18884
-1334810.18884
-1334810.18884
-1334810.18884
-1336422.58056
-1336422.58056
-1336422.58056
-1336422.58056
-1336422.58056
-1336422.58056
-1336422.58056
-1336422.58056
-1336422.58056
-1336422.58056
-1336422.58056
-1336422.58056
-1336422.58056
-1336422.58056
-1336422.58056
-1336422.58056
-1336422.58056
-1336422.58056
-1336422.58056
-1336422.58056
-1336422.58056
-1336422.58056
-1336422.58056
-1336422.58056
-1336422.58056
-1336422.58056
-1336422.58056
-1336422.58056
-1336422.58056
-1336422.58056
-1336422.58056
-1336422.58056
-1336422.58056
-1336422.58056
-1336422.58056
-1336422.58056
-1336422.58056
-1336422.58056
-1336422.58056
-1336422.58056
-1336422.58056
-1336422.58056
-1336422.58056
-1336422.58056
-1336422.58056
-1336422.58056
-1336422.58056
-1336422.58056
-1336422.58056
-1336422.58056
-1336422.58056
-1343987.54575
-1343987.54575
-1343987.54575
-1343987.54575
-1343987.54575
-1343987.54575
-1343987.54575
-1343987.54575
-1343987.54575
-1343987.54575
-1343987.54575
-1343987.54575
-1343987.54575
-1343987.54575
-1343987.54575
-1343987.54575
-1343987.54575
-1343987.54575
-1343987.54575
-1343987.54575
-1343987.54575
-1343987.54575
-1343987.54575
-1343987.54575
-1343987.54575
-1343987.54575
-1343987.54575
-1343987.54575
-1343987.54575
-1343987.54575
-1343987.54575
-1343987.54575
-1343987.54575
-1343987.54575
-1343987.54575
-1343987.54575
-1343987.54575
-1343987.54575
-1343987.54575
-1343987.54575
-1343987.54575
-1343987.54575
-1343987.54575
-1343987.54575
-1343987.54575
-1343987.54575
-1343987.54575
-1343987.54575
-1343987.54575
-1343987.54575
-1343987.54575
-1343987.54575
-1343987.54575
-1343987.54575
-1343987.54575
-1343987.54575
-1343987.54575
-1343987.54575
-1343987.54575
-1343987.54575
-1343987.54575
-1343987.54575
-1343987.54575
-1343987.54575
-1343987.54575
-1343987.54575
-1343987.54575
-1343987.54575
-1343987.54575
-1343987.54575
-1343987.54575
-1343987.54575
-1343987.54575
-1343987.54575
-1343987.54575
-1343987.54575
-1343987.54575
-1343987.54575
-1343987.54575
-1343987.54575
-1343987.54575
-1343987.54575
-1343987.54575
-1343987.54575
-1343987.54575
-1343987.54575
-1343987.54575
-1343987.54575
-1343987.54575
-1343987.54575
-1343987.54575
-1343987.54575
-1343987.54575
-1343987.54575
-1343987.54575
-1343987.54575
-1343987.54575
-1343987.54575
-1343987.54575
-1343987.54575
-1349208.74331
-1349208.74331
-1349208.74331
-1349208.74331
-1349208.74331
-1349208.74331
-1349208.74331
-1349208.74331
-1349208.74331
-1349208.74331
-1349208.74331
-1349208.74331
-1349208.74331
-1349208.74331
-1349208.74331
-1349208.74331
-1349208.74331
-1349208.74331
-1349208.74331
-1349208.74331
-1349208.74331
-1349208.74331
-1349208.74331
-1349208.74331
-1349208.74331
-1349208.74331
-1349208.74331
-1349208.74331
-1349208.74331
-1349208.74331
-1349208.74331
-1349208.74331
-1349208.74331
-1349208.74331
-1349208.74331
-1349208.74331
-1349208.74331
-1349208.74331
-1349208.74331
-1349208.74331
-1349208.74331
-1349208.74331
-1349208.74331
-1349208.74331
-1349208.74331
-1349208.74331
-1349208.74331
-1349208.74331
-1349208.74331
-1349208.74331
-1349208.74331
-1349208.74331
-1349208.74331
-1349208.74331
-1349208.74331
-1349208.74331
-1349208.74331
-1349208.74331
-1349208.74331
-1349208.74331
-1349208.74331
-1349208.74331
-1349208.74331
-1349208.74331
-1349208.74331
-1349208.74331
-1349208.74331
-1349208.74331
-1349208.74331
-1349208.74331
-1349208.74331
-1349208.74331
-1349208.74331
-1349208.74331
-1349208.74331
-1349208.74331
-1349208.74331
-1349208.74331
-1349208.74331
-1349208.74331
-1349208.74331
-1349208.74331
-1349208.74331
-1349208.74331
-1349208.74331
-1349208.74331
-1349208.74331
-1349208.74331
-1349208.74331
-1349208.74331
-1349208.74331
-1349208.74331
-1349208.74331
-1349208.74331
-1349208.74331
-1349208.74331
-1349208.74331
-1349208.74331
-1349208.74331
-1349208.74331
-1349208.74331
-1349208.74331
-1349208.74331
-1349208.74331
-1349208.74331
-1349208.74331
-1349208.74331
-1349208.74331
-1349208.74331
-1349208.74331
-1349208.74331
-1349208.74331
-1349208.74331
-1349208.74331
-1349208.74331
-1349208.74331
-1349208.74331
-1349208.74331
-1349208.74331
-1349208.74331
-1349208.74331
-1349208.74331
-1349208.74331
-1349208.74331
-1349208.74331
-1349208.74331
