-321467.851773
-360389.600164
-360815.748515
-366967.082095
-369536.353827
-374296.707632
-374296.707632
-374296.707632
-374684.018153
-374684.018153
-374684.018153
-374684.018153
-374684.018153
-374684.018153
-374684.018153
-374684.018153
-376365.713872
-376365.713872
-376365.713872
-376365.713872
-376365.713872
-377372.026982
-377372.026982
-377372.026982
-377372.026982
-377372.026982
-377372.026982
-377372.026982
-377372.026982
-377372.026982
-377372.026982
-377372.026982
-377372.026982
-378409.765514
-378409.765514
-378409.765514
-381313.047499
-381313.047499
-381313.047499
-381313.047499
-381313.047499
-381313.047499
-381313.047499
-381313.047499
-381313.047499
-381313.047499
-381313.047499
-381313.047499
-381313.047499
-381313.047499
-381313.047499
-381313.047499
-381313.047499
-381313.047499
-381313.047499
-381313.047499
-381313.047499
-381313.047499
-381313.047499
-381313.047499
-381450.157701
-381450.157701
-381450.157701
-381450.157701
-381450.157701
-381450.157701
-381450.157701
-381450.157701
-381450.157701
-381450.157701
-381450.157701
-381450.157701
-381450.157701
-381450.157701
-381450.157701
-381450.157701
-381450.157701
-381450.157701
-381450.157701
-381450.157701
-381450.157701
-381450.157701
-381450.157701
-381450.157701
-381450.157701
-381450.157701
-381450.157701
-381450.157701
-381450.157701
-381450.157701
-381450.157701
-381450.157701
-381450.157701
-381450.157701
-381450.157701
-381450.157701
-381450.157701
-381740.959529
-381740.959529
-381740.959529
-381740.959529
-381740.959529
-381740.959529
-381740.959529
-381740.959529
-381740.959529
-381740.959529
-381740.959529
-381740.959529
-381740.959529
-381740.959529
-381740.959529
-381740.959529
-381740.959529
-381740.959529
-381740.959529
-381740.959529
-381740.959529
-381740.959529
-381740.959529
-381740.959529
-381740.959529
-381740.959529
-381740.959529
-381740.959529
-381740.959529
-381740.959529
-381740.959529
-381740.959529
-381740.959529
-381740.959529
-381740.959529
-381740.959529
-381740.959529
-381740.959529
-381740.959529
-381740.959529
-381740.959529
-381740.959529
-381740.959529
-381740.959529
-381740.959529
-381740.959529
-381740.959529
-381740.959529
-381740.959529
-381740.959529
-381740.959529
-381740.959529
-381740.959529
-381740.959529
-381740.959529
-381740.959529
-381740.959529
-381740.959529
-381740.959529
-381740.959529
-381740.959529
-381740.959529
-381740.959529
-381740.959529
-381740.959529
-381740.959529
-381740.959529
-381740.959529
-381740.959529
-381740.959529
-381740.959529
-381740.959529
-381740.959529
-381740.959529
-381740.959529
-381740.959529
-381740.959529
-381740.959529
-381740.959529
-381740.959529
-381740.959529
-381740.959529
-381740.959529
-381740.959529
-381740.959529
-381740.959529
-381740.959529
-381740.959529
-381740.959529
-381740.959529
-381740.959529
-381740.959529
-381740.959529
-381740.959529
-381740.959529
-381740.959529
-381740.959529
-381740.959529
-381740.959529
-381740.959529
-381740.959529
-381740.959529
-381740.959529
