-1099649.56923
-1296467.75769
-1314339.78045
-1314339.78045
-1316978.09551
-1331465.91539
-1331465.91539
-1331465.91539
-1331465.91539
-1331465.91539
-1331465.91539
-1331465.91539
-1331465.91539
-1331465.91539
-1331465.91539
-1331465.91539
-1331465.91539
-1335162.3886
-1335162.3886
-1335162.3886
-1335162.3886
-1335162.3886
-1335162.3886
-1335162.3886
-1335164.33753
-1336031.57868
-1336031.57868
-1336031.57868
-1336031.57868
-1336031.57868
-1336031.57868
-1336031.57868
-1336031.57868
-1336031.57868
-1336031.57868
-1336031.57868
-1336031.57868
-1336031.57868
-1336031.57868
-1336031.57868
-1336031.57868
-1336031.57868
-1336031.57868
-1336031.57868
-1336031.57868
-1336031.57868
-1336031.57868
-1336031.57868
-1336031.57868
-1336031.57868
-1336031.57868
-1336031.57868
-1336031.57868
-1336031.57868
-1336031.57868
-1336031.57868
-1336031.57868
-1336031.57868
-1336031.57868
-1336031.57868
-1336031.57868
-1336031.57868
-1336031.57868
-1336031.57868
-1336031.57868
-1336031.57868
-1336031.57868
-1336031.57868
-1336031.57868
-1336031.57868
-1336031.57868
-1336031.57868
-1336031.57868
-1336031.57868
-1336031.57868
-1336031.57868
-1336031.57868
-1336031.57868
-1344389.16087
-1344389.16087
-1344389.16087
-1344389.16087
-1344389.16087
-1344389.16087
-1344389.16087
-1344389.16087
-1344389.16087
-1344389.16087
-1344389.16087
-1344389.16087
-1344389.16087
-1344389.16087
-1344389.16087
-1344389.16087
-1344389.16087
-1344389.16087
-1344389.16087
-1344389.16087
-1344389.16087
-1344389.16087
-1344389.16087
-1344389.16087
-1344389.16087
-1344389.16087
-1344389.16087
-1344389.16087
-1344389.16087
-1344389.16087
-1344389.16087
-1344389.16087
-1344389.16087
-1344389.16087
-1344389.16087
-1344389.16087
-1344389.16087
-1344389.16087
-1344389.16087
-1344389.16087
-1344389.16087
-1344389.16087
-1344389.16087
-1344389.16087
-1344389.16087
-1344389.16087
-1344389.16087
-1344389.16087
-1344389.16087
-1344389.16087
-1344389.16087
-1344389.16087
-1344389.16087
-1344389.16087
-1344389.16087
-1344389.16087
-1344389.16087
-1344389.16087
-1344389.16087
-1344389.16087
-1344389.16087
-1344389.16087
-1344389.16087
-1344389.16087
-1344389.16087
-1344389.16087
-1344389.16087
-1344389.16087
-1344389.16087
-1344389.16087
-1344389.16087
-1344389.16087
-1344389.16087
-1344389.16087
-1344389.16087
-1344389.16087
-1344389.16087
-1344389.16087
-1344389.16087
-1344389.16087
-1344389.16087
-1344389.16087
-1344389.16087
-1344389.16087
-1344389.16087
-1344389.16087
-1344389.16087
-1344389.16087
-1344389.16087
-1344389.16087
-1344389.16087
-1344389.16087
-1344389.16087
-1344389.16087
-1344389.16087
-1344389.16087
-1344389.16087
-1344389.16087
-1344389.16087
-1344389.16087
-1344389.16087
-1344389.16087
-1344389.16087
-1344389.16087
-1344389.16087
-1344389.16087
-1344389.16087
-1344389.16087
-1344389.16087
-1344389.16087
-1344389.16087
-1344389.16087
-1344389.16087
-1344389.16087
-1344389.16087
-1344389.16087
-1344389.16087
-1344389.16087
-1344389.16087
-1344389.16087
-1344389.16087
-1344389.16087
-1344389.16087
-1344389.16087
-1344389.16087
-1344389.16087
-1345329.7819
-1345329.7819
-1345329.7819
-1345329.7819
-1345329.7819
-1345329.7819
-1345329.7819
-1345329.7819
-1345329.7819
-1345329.7819
-1345329.7819
-1345329.7819
-1345329.7819
-1345329.7819
-1345329.7819
-1345329.7819
-1345329.7819
-1345329.7819
-1345329.7819
-1345329.7819
-1345329.7819
-1345329.7819
-1345329.7819
-1345329.7819
-1345329.7819
-1345329.7819
-1345329.7819
-1345329.7819
-1345329.7819
-1345329.7819
-1345329.7819
-1345329.7819
-1345329.7819
-1345329.7819
-1345329.7819
-1345329.7819
-1345329.7819
-1345329.7819
-1345329.7819
-1345329.7819
-1345329.7819
-1345329.7819
-1345329.7819
-1345329.7819
-1345329.7819
-1345329.7819
-1345329.7819
-1345329.7819
-1345329.7819
-1345329.7819
-1345329.7819
-1345329.7819
-1345329.7819
-1345329.7819
-1345329.7819
-1345329.7819
-1345329.7819
-1345329.7819
-1345329.7819
-1345329.7819
-1345329.7819
-1345329.7819
-1345329.7819
-1345329.7819
-1345329.7819
-1345329.7819
-1345329.7819
-1345329.7819
-1345329.7819
-1345329.7819
-1345329.7819
-1345329.7819
-1345329.7819
-1345329.7819
-1345329.7819
-1345329.7819
-1345329.7819
-1345329.7819
-1345329.7819
-1345329.7819
-1345329.7819
-1345329.7819
-1345329.7819
-1345329.7819
-1345329.7819
-1345329.7819
-1345329.7819
-1345329.7819
-1345329.7819
-1345329.7819
-1345329.7819
-1345329.7819
-1345329.7819
-1345329.7819
-1345329.7819
-1345329.7819
