-331992.845674
-358613.268994
-373965.360606
-380108.572934
-380108.572934
-380108.572934
-380108.572934
-380108.572934
-380432.289173
-380432.289173
-380432.289173
-380432.289173
-380432.289173
-380432.289173
-380432.289173
-380432.289173
-380432.289173
-380432.289173
-380432.289173
-380432.289173
-380432.289173
-380432.289173
-380432.289173
-380432.289173
-380432.289173
-380432.289173
-380432.289173
-380432.289173
-380432.289173
-380432.289173
-380432.289173
-380432.289173
-380432.289173
-380432.289173
-380432.289173
-380432.289173
-380432.289173
-380432.289173
-380432.289173
-380751.875601
-380751.875601
-380751.875601
-380751.875601
-380751.875601
-380751.875601
-380751.875601
-380751.875601
-380751.875601
-380751.875601
-380751.875601
-380751.875601
-380751.875601
-380751.875601
-380751.875601
-380751.875601
-380751.875601
-380751.875601
-380751.875601
-380751.875601
-380751.875601
-380751.875601
-380751.875601
-380751.875601
-381359.240709
-381359.240709
-381359.240709
-381359.240709
-381359.240709
-381359.240709
-381359.240709
-381359.240709
-381359.240709
-381359.240709
-381359.240709
-381359.240709
-381359.240709
-381359.240709
-381359.240709
-381359.240709
-382990.21733
-382990.21733
-382990.21733
-382990.21733
-382990.21733
-382990.21733
-382990.21733
-382990.21733
-382990.21733
-382990.21733
-382990.21733
-382990.21733
-382990.21733
-382990.21733
-382990.21733
-382990.21733
-382990.21733
-382990.21733
-382990.21733
-382990.21733
-382990.21733
-382990.21733
-382990.21733
-382990.21733
-382990.21733
-382990.21733
-382990.21733
-382990.21733
-382990.21733
-382990.21733
-382990.21733
-382990.21733
-382990.21733
-382990.21733
-382990.21733
-382990.21733
-382990.21733
-382990.21733
-382990.21733
-382990.21733
-382990.21733
-382990.21733
-382990.21733
-382990.21733
-382990.21733
-382990.21733
-382990.21733
-382990.21733
-382990.21733
-382990.21733
-382990.21733
-382990.21733
-382990.21733
-382990.21733
-382990.21733
-382990.21733
-382990.21733
-382990.21733
-382990.21733
-382990.21733
-382990.21733
-382990.21733
-382990.21733
-382990.21733
-382990.21733
-382990.21733
-382990.21733
-382990.21733
-382990.21733
-382990.21733
-382990.21733
-382990.21733
-382990.21733
-382990.21733
-382990.21733
-382990.21733
-382990.21733
-382990.21733
-382990.21733
-382990.21733
-382990.21733
-382990.21733
-382990.21733
-382990.21733
-382990.21733
-382990.21733
-382990.21733
-382990.21733
-383648.134955
-383648.134955
-383648.134955
-383648.134955
-383648.134955
-383648.134955
-383648.134955
-383648.134955
-383648.134955
-383648.134955
-383648.134955
-383648.134955
-383648.134955
-383648.134955
-383648.134955
-383648.134955
-383648.134955
-383648.134955
-383648.134955
-383648.134955
-383648.134955
-383648.134955
-383648.134955
-383648.134955
-383648.134955
-383648.134955
-383648.134955
-383648.134955
-383648.134955
-383648.134955
-383648.134955
-383648.134955
-383648.134955
