-1119239.47072
-1281496.4086
-1299647.35665
-1320778.11065
-1320778.11065
-1320778.11065
-1323100.13883
-1323100.13883
-1323100.13883
-1335631.21257
-1335631.21257
-1335631.21257
-1335631.21257
-1335631.21257
-1335631.21257
-1335631.21257
-1335631.21257
-1335631.21257
-1335631.21257
-1335631.21257
-1335631.21257
-1335631.21257
-1335631.21257
-1335631.21257
-1335631.21257
-1335631.21257
-1335631.21257
-1335631.21257
-1335631.21257
-1335631.21257
-1335631.21257
-1335631.21257
-1335631.21257
-1335631.21257
-1335631.21257
-1337181.22111
-1337181.22111
-1337181.22111
-1337181.22111
-1337181.22111
-1337181.22111
-1337181.22111
-1337181.22111
-1337181.22111
-1337181.22111
-1337181.22111
-1337181.22111
-1337181.22111
-1337181.22111
-1337181.22111
-1337181.22111
-1337181.22111
-1337181.22111
-1337181.22111
-1337181.22111
-1337181.22111
-1337181.22111
-1337181.22111
-1337181.22111
-1337181.22111
-1337181.22111
-1337181.22111
-1337181.22111
-1337181.22111
-1337181.22111
-1337181.22111
-1337181.22111
-1337181.22111
-1337181.22111
-1337181.22111
-1337181.22111
-1337181.22111
-1337181.22111
-1349886.27877
-1349886.27877
-1349886.27877
-1349886.27877
-1349886.27877
-1349886.27877
-1349886.27877
-1349886.27877
-1349886.27877
-1349886.27877
-1349886.27877
-1349886.27877
-1349886.27877
-1349886.27877
-1349886.27877
-1349886.27877
-1349886.27877
-1349886.27877
-1349886.27877
-1349886.27877
-1349886.27877
-1349886.27877
-1349886.27877
-1349886.27877
-1349886.27877
-1349886.27877
-1349886.27877
-1349886.27877
-1349886.27877
-1349886.27877
-1349886.27877
-1349886.27877
-1349886.27877
-1349886.27877
-1349886.27877
-1349886.27877
-1349886.27877
-1349886.27877
-1349886.27877
-1349886.27877
-1349886.27877
-1349886.27877
-1349886.27877
-1349886.27877
-1349886.27877
-1349886.27877
-1349886.27877
-1349886.27877
-1352332.59863
-1352332.59863
-1352332.59863
-1352332.59863
-1352332.59863
-1352332.59863
-1352332.59863
-1352332.59863
-1352332.59863
-1352332.59863
-1352332.59863
-1352332.59863
-1352332.59863
-1352332.59863
-1352332.59863
-1352332.59863
-1352332.59863
-1352332.59863
-1352332.59863
-1352332.59863
-1352332.59863
-1352332.59863
-1352332.59863
-1352332.59863
-1352332.59863
-1352332.59863
-1352332.59863
-1352332.59863
-1352332.59863
-1352332.59863
-1352332.59863
-1352332.59863
-1352332.59863
-1352332.59863
-1352332.59863
-1352332.59863
-1352332.59863
-1352332.59863
-1352332.59863
-1352332.59863
-1352332.59863
-1356747.09656
-1356747.09656
-1356747.09656
-1356747.09656
-1356747.09656
-1356747.09656
-1356747.09656
-1356747.09656
-1356747.09656
-1356747.09656
-1356747.09656
-1356747.09656
-1356747.09656
-1356747.09656
-1356747.09656
-1356747.09656
-1356747.09656
-1356747.09656
-1356747.09656
-1356747.09656
-1356747.09656
-1356747.09656
-1356747.09656
-1356747.09656
-1356747.09656
-1356747.09656
-1356747.09656
-1356747.09656
-1356747.09656
-1356747.09656
-1356747.09656
-1356747.09656
-1356747.09656
-1356747.09656
-1356747.09656
-1356747.09656
-1356747.09656
-1356747.09656
-1356747.09656
-1356747.09656
-1356747.09656
-1356747.09656
-1356747.09656
-1356747.09656
-1356747.09656
-1356747.09656
-1356747.09656
-1356747.09656
-1356747.09656
-1356747.09656
-1356747.09656
-1356747.09656
-1356747.09656
-1356747.09656
-1356747.09656
-1356747.09656
-1356747.09656
-1356747.09656
-1356747.09656
-1356747.09656
-1356747.09656
-1356747.09656
-1356747.09656
-1356747.09656
-1356747.09656
-1356747.09656
-1356747.09656
-1356747.09656
-1356747.09656
-1356747.09656
-1356747.09656
-1356747.09656
-1356747.09656
-1356747.09656
-1356747.09656
-1356747.09656
-1356747.09656
-1356747.09656
-1356747.09656
-1356747.09656
-1356747.09656
-1356747.09656
-1356747.09656
-1356747.09656
-1356747.09656
-1356747.09656
-1356747.09656
-1356747.09656
-1356747.09656
-1356747.09656
-1356747.09656
-1356747.09656
-1356747.09656
-1356747.09656
-1356747.09656
-1356747.09656
-1356747.09656
-1356747.09656
-1356747.09656
-1356747.09656
-1356747.09656
-1356747.09656
-1356747.09656
-1356747.09656
-1356747.09656
-1356747.09656
-1356747.09656
-1356747.09656
-1356747.09656
-1356747.09656
-1356747.09656
-1356747.09656
-1356747.09656
-1356747.09656
-1356747.09656
-1356747.09656
-1356747.09656
-1356747.09656
-1356747.09656
-1356747.09656
-1356747.09656
-1356747.09656
-1356747.09656
-1356747.09656
-1356747.09656
-1356747.09656
-1356747.09656
-1356747.09656
-1356747.09656
-1356747.09656
-1356747.09656
-1356747.09656
-1356747.09656
-1356747.09656
-1356747.09656
-1356747.09656
-1356747.09656
-1356747.09656
