-1094808.26843
-1260251.92376
-1300404.06171
-1313287.08772
-1313287.08772
-1314319.82613
-1314319.82613
-1318296.42529
-1318296.42529
-1326160.71241
-1326160.71241
-1326160.71241
-1330967.57303
-1330967.57303
-1330967.57303
-1330967.57303
-1330967.57303
-1330967.57303
-1330967.57303
-1330967.57303
-1330967.57303
-1330967.57303
-1330967.57303
-1330967.57303
-1334788.79302
-1337585.28362
-1337585.28362
-1337585.28362
-1337585.28362
-1337585.28362
-1337585.28362
-1337585.28362
-1337585.28362
-1337585.28362
-1337585.28362
-1337585.28362
-1337585.28362
-1337585.28362
-1337585.28362
-1337585.28362
-1337585.28362
-1337585.28362
-1337585.28362
-1337585.28362
-1337585.28362
-1337585.28362
-1337585.28362
-1337585.28362
-1344145.07935
-1344145.07935
-1344145.07935
-1344145.07935
-1344145.07935
-1344145.07935
-1344145.07935
-1344145.07935
-1344145.07935
-1344145.07935
-1344145.07935
-1344145.07935
-1344145.07935
-1344145.07935
-1344145.07935
-1344145.07935
-1344145.07935
-1344852.39626
-1344852.39626
-1344852.39626
-1344852.39626
-1344852.39626
-1344852.39626
-1344852.39626
-1344852.39626
-1344852.39626
-1344852.39626
-1344852.39626
-1344852.39626
-1344852.39626
-1344852.39626
-1344852.39626
-1344852.39626
-1344852.39626
-1344852.39626
-1344852.39626
-1344852.39626
-1344852.39626
-1344852.39626
-1344852.39626
-1344852.39626
-1344852.39626
-1344852.39626
-1344852.39626
-1344852.39626
-1344852.39626
-1344852.39626
-1344852.39626
-1344852.39626
-1344852.39626
-1344852.39626
-1344852.39626
-1344852.39626
-1344852.39626
-1344852.39626
-1344852.39626
-1344852.39626
-1344852.39626
-1344852.39626
-1344852.39626
-1344852.39626
-1344852.39626
-1344852.39626
-1344852.39626
-1344852.39626
-1344852.39626
-1344852.39626
-1344852.39626
-1344852.39626
-1344852.39626
-1344852.39626
-1344852.39626
-1344852.39626
-1344852.39626
-1344852.39626
-1344852.39626
-1344852.39626
-1344852.39626
-1344852.39626
-1344852.39626
-1344852.39626
-1344852.39626
-1344852.39626
-1344852.39626
-1344852.39626
-1344852.39626
-1344852.39626
-1344852.39626
-1344852.39626
-1344852.39626
-1344852.39626
-1344852.39626
-1344995.65918
-1344995.65918
-1344995.65918
-1344995.65918
-1344995.65918
-1344995.65918
-1344995.65918
-1344995.65918
-1344995.65918
-1344995.65918
-1344995.65918
-1344995.65918
-1344995.65918
-1344995.65918
-1344995.65918
-1344995.65918
-1344995.65918
-1344995.65918
-1344995.65918
-1344995.65918
-1344995.65918
-1344995.65918
-1344995.65918
-1344995.65918
-1344995.65918
-1344995.65918
-1344995.65918
-1344995.65918
-1344995.65918
-1344995.65918
-1344995.65918
-1344995.65918
-1344995.65918
-1344995.65918
-1344995.65918
-1344995.65918
-1344995.65918
-1344995.65918
-1344995.65918
-1344995.65918
-1344995.65918
-1344995.65918
-1344995.65918
-1344995.65918
-1344995.65918
-1344995.65918
-1344995.65918
-1344995.65918
-1344995.65918
-1344995.65918
-1344995.65918
-1344995.65918
-1344995.65918
-1344995.65918
-1344995.65918
-1344995.65918
-1344995.65918
-1344995.65918
-1344995.65918
-1344995.65918
