-1130135.47342
-1294857.09474
-1300965.9702
-1307580.78997
-1307580.78997
-1307881.24527
-1308336.11577
-1314212.8465
-1314212.8465
-1326797.65321
-1326797.65321
-1338596.76469
-1338596.76469
-1338596.76469
-1338596.76469
-1338596.76469
-1338596.76469
-1338596.76469
-1338596.76469
-1338596.76469
-1338596.76469
-1338596.76469
-1338596.76469
-1338596.76469
-1338596.76469
-1338596.76469
-1338596.76469
-1338596.76469
-1338596.76469
-1338596.76469
-1338596.76469
-1338596.76469
-1338596.76469
-1338596.76469
-1338596.76469
-1339615.72269
-1339615.72269
-1339615.72269
-1339615.72269
-1339615.72269
-1339615.72269
-1339615.72269
-1339615.72269
-1339615.72269
-1339615.72269
-1339615.72269
-1339615.72269
-1339615.72269
-1339615.72269
-1339615.72269
-1339615.72269
-1339615.72269
-1339615.72269
-1339615.72269
-1339615.72269
-1339615.72269
-1339615.72269
-1339615.72269
-1339615.72269
-1339615.72269
-1339615.72269
-1339615.72269
-1339615.72269
-1339615.72269
-1339615.72269
-1339615.72269
-1339615.72269
-1339615.72269
-1339615.72269
-1339615.72269
-1339615.72269
-1339615.72269
-1339615.72269
-1339615.72269
-1339615.72269
-1339615.72269
-1339615.72269
-1339615.72269
-1339615.72269
-1339615.72269
-1339615.72269
-1339615.72269
-1339615.72269
-1339615.72269
-1339615.72269
-1339615.72269
-1342845.14637
-1342845.14637
-1342845.14637
-1342845.14637
-1342845.14637
-1342845.14637
-1342845.14637
-1342845.14637
-1342845.14637
-1342845.14637
-1342845.14637
-1342845.14637
-1342845.14637
-1342845.14637
-1342845.14637
-1342845.14637
-1342845.14637
-1342845.14637
-1342845.14637
-1342845.14637
-1342845.14637
-1342845.14637
-1342845.14637
-1342845.14637
-1342845.14637
-1342845.14637
-1342845.14637
-1342845.14637
-1342845.14637
-1342845.14637
-1342845.14637
-1342845.14637
-1342845.14637
-1342845.14637
-1342845.14637
-1342845.14637
-1342845.14637
-1342845.14637
-1342845.14637
-1342845.14637
-1342845.14637
-1342845.14637
-1342845.14637
-1342845.14637
-1342845.14637
-1342845.14637
-1342845.14637
-1342845.14637
-1342845.14637
-1342845.14637
-1342845.14637
-1342845.14637
-1342845.14637
-1342845.14637
-1342845.14637
-1342845.14637
-1342845.14637
-1342845.14637
-1342845.14637
-1342845.14637
-1342845.14637
-1342845.14637
-1342845.14637
-1342845.14637
-1342845.14637
-1342845.14637
-1342845.14637
-1342845.14637
-1342845.14637
-1342845.14637
-1342845.14637
-1342845.14637
-1342845.14637
-1342845.14637
-1342845.14637
-1342845.14637
-1342845.14637
-1342845.14637
-1342845.14637
-1342845.14637
-1345216.76394
-1345216.76394
-1345216.76394
-1345216.76394
-1345216.76394
-1345216.76394
-1345216.76394
-1345216.76394
-1345216.76394
-1345216.76394
-1345216.76394
-1345216.76394
-1345216.76394
-1345216.76394
-1345216.76394
-1345216.76394
-1345216.76394
-1345216.76394
-1345216.76394
-1345216.76394
-1345216.76394
-1345216.76394
-1345216.76394
-1345216.76394
-1345216.76394
-1345216.76394
-1345216.76394
-1345216.76394
-1345216.76394
-1345216.76394
-1345216.76394
-1345216.76394
-1345216.76394
-1345216.76394
