-1112607.44693
-1270893.72858
-1289974.62259
-1318628.2154
-1325914.16169
-1325914.16169
-1325914.16169
-1325914.16169
-1325914.16169
-1325914.16169
-1325914.16169
-1325914.16169
-1325914.16169
-1332039.27214
-1332039.27214
-1332039.27214
-1332039.27214
-1332039.27214
-1332039.27214
-1332039.27214
-1332039.27214
-1332039.27214
-1332039.27214
-1332039.27214
-1332039.27214
-1332039.27214
-1332039.27214
-1332039.27214
-1332039.27214
-1332039.27214
-1332039.27214
-1332039.27214
-1332039.27214
-1332039.27214
-1332039.27214
-1332039.27214
-1332039.27214
-1332039.27214
-1332039.27214
-1332039.27214
-1332039.27214
-1340198.78609
-1340198.78609
-1340198.78609
-1340198.78609
-1340198.78609
-1340198.78609
-1340198.78609
-1340198.78609
-1340198.78609
-1340198.78609
-1340198.78609
-1340198.78609
-1340198.78609
-1340198.78609
-1340198.78609
-1340198.78609
-1340198.78609
-1340198.78609
-1340198.78609
-1340198.78609
-1340198.78609
-1340198.78609
-1340198.78609
-1340198.78609
-1340198.78609
-1340198.78609
-1340198.78609
-1340198.78609
-1340198.78609
-1340198.78609
-1340198.78609
-1340198.78609
-1340198.78609
-1340198.78609
-1340198.78609
-1340198.78609
-1340198.78609
-1340198.78609
-1340198.78609
-1340198.78609
-1340198.78609
-1340198.78609
-1340198.78609
-1340198.78609
-1340198.78609
-1340198.78609
-1340198.78609
-1340198.78609
-1340198.78609
-1340198.78609
-1340198.78609
-1340198.78609
-1340198.78609
-1340198.78609
-1340198.78609
-1340198.78609
-1340198.78609
-1340198.78609
-1340198.78609
-1340198.78609
-1340198.78609
-1340198.78609
-1340198.78609
-1340198.78609
-1340198.78609
-1340198.78609
-1340198.78609
-1340198.78609
-1340198.78609
-1340198.78609
-1340198.78609
-1340198.78609
-1340198.78609
-1340198.78609
-1340198.78609
-1340198.78609
-1340198.78609
-1340198.78609
-1340198.78609
-1340198.78609
-1340198.78609
-1340198.78609
-1340198.78609
-1340198.78609
-1340198.78609
-1340198.78609
-1340198.78609
-1340198.78609
-1340198.78609
-1340198.78609
-1340198.78609
-1340198.78609
-1340198.78609
-1340198.78609
-1340198.78609
-1340198.78609
-1340198.78609
-1340198.78609
-1340198.78609
-1340198.78609
-1340198.78609
-1340198.78609
-1340198.78609
-1340198.78609
-1340198.78609
-1340198.78609
-1340198.78609
-1340198.78609
-1340198.78609
-1340198.78609
-1340198.78609
-1340198.78609
-1340198.78609
-1340198.78609
-1340198.78609
-1346663.76153
-1346663.76153
-1346663.76153
-1346663.76153
-1346663.76153
-1346663.76153
-1346663.76153
-1346663.76153
-1346663.76153
-1346663.76153
-1346663.76153
-1346663.76153
-1346663.76153
-1346663.76153
-1346663.76153
-1346663.76153
-1346663.76153
-1346663.76153
-1346663.76153
-1346663.76153
-1346663.76153
-1346663.76153
-1346663.76153
-1346663.76153
-1346663.76153
-1346663.76153
-1346663.76153
-1346663.76153
-1346663.76153
-1346663.76153
-1346663.76153
-1346663.76153
-1346663.76153
-1346663.76153
-1346663.76153
-1346663.76153
-1346663.76153
-1346663.76153
-1346663.76153
-1346663.76153
-1346663.76153
-1346663.76153
-1346663.76153
-1346663.76153
-1346663.76153
-1346663.76153
-1346663.76153
-1346663.76153
-1346663.76153
-1346663.76153
-1346663.76153
-1346663.76153
-1346663.76153
-1346663.76153
-1346663.76153
-1346663.76153
-1346663.76153
-1346663.76153
-1346663.76153
-1346663.76153
-1346663.76153
-1346663.76153
-1346663.76153
-1346663.76153
-1346663.76153
-1346663.76153
-1346663.76153
-1346663.76153
-1346663.76153
-1346663.76153
-1346663.76153
-1346663.76153
-1346663.76153
-1346663.76153
-1346663.76153
-1346663.76153
-1346663.76153
-1346663.76153
-1346663.76153
-1346663.76153
-1346663.76153
-1346663.76153
-1346663.76153
-1346663.76153
-1346663.76153
-1346663.76153
-1346663.76153
-1346663.76153
-1346663.76153
-1346663.76153
-1346663.76153
-1346663.76153
-1346663.76153
-1346663.76153
-1346663.76153
-1346663.76153
-1346663.76153
-1346663.76153
-1346663.76153
-1346663.76153
-1346663.76153
-1346663.76153
-1346663.76153
-1346663.76153
-1346663.76153
-1346663.76153
-1346663.76153
-1346663.76153
-1346663.76153
-1346663.76153
-1346663.76153
-1346663.76153
-1346663.76153
-1346663.76153
-1346663.76153
-1346663.76153
-1346663.76153
-1346663.76153
-1346663.76153
-1346663.76153
-1346663.76153
-1346663.76153
-1346663.76153
-1346663.76153
-1346663.76153
-1346663.76153
-1346663.76153
-1346663.76153
-1346663.76153
-1346663.76153
-1346663.76153
-1346663.76153
-1346663.76153
-1346663.76153
-1346663.76153
-1346663.76153
-1346663.76153
-1346663.76153
-1346663.76153
-1346663.76153
-1346663.76153
-1346663.76153
-1346663.76153
-1346663.76153
