-1155628.33556
-1285332.42755
-1311528.11223
-1325417.07645
-1325417.07645
-1325417.07645
-1325417.07645
-1325417.07645
-1325417.07645
-1325417.07645
-1325417.07645
-1325417.07645
-1325417.07645
-1325417.07645
-1328575.52668
-1328575.52668
-1328575.52668
-1328575.52668
-1328575.52668
-1328575.52668
-1328575.52668
-1328575.52668
-1328575.52668
-1328575.52668
-1328575.52668
-1334270.23598
-1334270.23598
-1336407.19572
-1336407.19572
-1336407.19572
-1336407.19572
-1336407.19572
-1336407.19572
-1336407.19572
-1336407.19572
-1336407.19572
-1336523.89513
-1336523.89513
-1336523.89513
-1336523.89513
-1336523.89513
-1336523.89513
-1336523.89513
-1336523.89513
-1336523.89513
-1336523.89513
-1336523.89513
-1337158.45378
-1337158.45378
-1337158.45378
-1337158.45378
-1337158.45378
-1337158.45378
-1337158.45378
-1337158.45378
-1337158.45378
-1337158.45378
-1337158.45378
-1337158.45378
-1337158.45378
-1337158.45378
-1337158.45378
-1337158.45378
-1337158.45378
-1337158.45378
-1337158.45378
-1337158.45378
-1337158.45378
-1337158.45378
-1337158.45378
-1337158.45378
-1337158.45378
-1337158.45378
-1337158.45378
-1340442.23832
-1340442.23832
-1340442.23832
-1340442.23832
-1340442.23832
-1340442.23832
-1340442.23832
-1340442.23832
-1340442.23832
-1340442.23832
-1340442.23832
-1340442.23832
-1340442.23832
-1340442.23832
-1340442.23832
-1340442.23832
-1340442.23832
-1340442.23832
-1340442.23832
-1340442.23832
-1340442.23832
-1340442.23832
-1340442.23832
-1340442.23832
-1340442.23832
-1340442.23832
-1340442.23832
-1340442.23832
-1340442.23832
-1340442.23832
-1340442.23832
-1340442.23832
-1340442.23832
-1340442.23832
-1340442.23832
-1340442.23832
-1340442.23832
-1340442.23832
-1340442.23832
-1340442.23832
-1340442.23832
-1340442.23832
-1340442.23832
-1340442.23832
-1340442.23832
-1340442.23832
-1340442.23832
-1340442.23832
-1340442.23832
-1340442.23832
-1340442.23832
-1340442.23832
-1340442.23832
-1340442.23832
-1340442.23832
-1340442.23832
-1340442.23832
-1340442.23832
-1340442.23832
-1340442.23832
-1340442.23832
-1340442.23832
-1340442.23832
-1340442.23832
-1340442.23832
-1340442.23832
-1340442.23832
-1340442.23832
-1340442.23832
-1340442.23832
-1340442.23832
-1340442.23832
-1340442.23832
-1340442.23832
-1340442.23832
-1340442.23832
-1340442.23832
-1340442.23832
-1340442.23832
-1340442.23832
-1340442.23832
-1340442.23832
-1340442.23832
-1340442.23832
-1340442.23832
-1340442.23832
-1340442.23832
-1340442.23832
-1340442.23832
-1340442.23832
-1340442.23832
-1341021.4781
-1341021.4781
-1341021.4781
-1341021.4781
-1341021.4781
-1341021.4781
-1341021.4781
-1341021.4781
-1341021.4781
-1341021.4781
-1341021.4781
-1341021.4781
-1341021.4781
-1341021.4781
-1341021.4781
-1341021.4781
-1341021.4781
-1341021.4781
-1341021.4781
-1341021.4781
-1341021.4781
-1341021.4781
-1341021.4781
-1341021.4781
-1341021.4781
-1341021.4781
-1341021.4781
-1341021.4781
-1341021.4781
-1341021.4781
-1341021.4781
-1341021.4781
-1341021.4781
-1341021.4781
-1341021.4781
-1341021.4781
-1341021.4781
-1341021.4781
-1341021.4781
-1341021.4781
-1341021.4781
-1341021.4781
-1341021.4781
-1341021.4781
-1341021.4781
-1341021.4781
-1341021.4781
-1341021.4781
-1341021.4781
-1341021.4781
-1341021.4781
-1341021.4781
-1341021.4781
-1342376.95556
-1342376.95556
-1342376.95556
-1342376.95556
-1342376.95556
-1342376.95556
-1342376.95556
-1342376.95556
-1342376.95556
-1342376.95556
-1342376.95556
-1342376.95556
-1342376.95556
-1342376.95556
-1342376.95556
-1342376.95556
-1342376.95556
-1342376.95556
-1342376.95556
-1342376.95556
-1342376.95556
-1342376.95556
-1342376.95556
-1342376.95556
-1342376.95556
-1342376.95556
-1342376.95556
-1342376.95556
-1342376.95556
-1342376.95556
-1342376.95556
-1342376.95556
-1342376.95556
-1342376.95556
-1342376.95556
-1342376.95556
-1342376.95556
-1342376.95556
-1342376.95556
-1342376.95556
-1342376.95556
-1342376.95556
-1342376.95556
-1342376.95556
-1342376.95556
-1342376.95556
-1342376.95556
-1342376.95556
-1342376.95556
-1342376.95556
-1342376.95556
-1342376.95556
-1342376.95556
-1342376.95556
-1342376.95556
-1342376.95556
-1342376.95556
-1342376.95556
-1342376.95556
-1342376.95556
-1342376.95556
-1342376.95556
-1342376.95556
-1342376.95556
-1342376.95556
-1342376.95556
-1342376.95556
-1342376.95556
-1342376.95556
-1342376.95556
-1342376.95556
-1342376.95556
-1342376.95556
-1342376.95556
-1342376.95556
-1342376.95556
-1342376.95556
-1342376.95556
-1342376.95556
-1342376.95556
-1342376.95556
-1342376.95556
