0.253269378168
0.192981054408
0.184306122259
0.184306122259
0.181262518462
0.181262518462
0.181262518462
0.181262518462
0.181262518462
0.181262518462
0.181262518462
0.181262518462
0.181262518462
0.181262518462
0.181262518462
0.181262518462
0.181262518462
0.181262518462
0.181262518462
0.181262518462
0.181262518462
0.181262518462
0.180288520532
0.180288520532
0.180288520532
0.180288520532
0.180288520532
0.180288520532
0.180288520532
0.180288520532
0.180288520532
0.180288520532
0.180288520532
0.180288520532
0.180288520532
0.180288520532
0.180288520532
0.180288520532
0.180288520532
0.180288520532
0.180288520532
0.180288520532
0.180288520532
0.180288520532
0.180288520532
0.180288520532
0.180288520532
0.180288520532
0.180288520532
0.180288520532
0.180288520532
0.180288520532
0.180288520532
0.180288520532
0.180288520532
0.180288520532
0.180288520532
0.180288520532
0.180288520532
0.180288520532
0.180288520532
0.180288520532
0.180288520532
0.180288520532
0.180288520532
0.180288520532
0.180288520532
0.180288520532
0.180288520532
0.180288520532
0.180288520532
0.180288520532
0.180288520532
0.180288520532
0.180288520532
0.180288520532
0.180288520532
0.180288520532
0.180288520532
0.180288520532
0.180288520532
0.180288520532
0.180288520532
0.180288520532
0.180288520532
0.180288520532
0.180288520532
0.180288520532
0.180288520532
0.180288520532
0.179107387095
0.179107387095
0.179107387095
0.179107387095
0.179107387095
0.179107387095
0.179107387095
0.179107387095
0.179107387095
0.179107387095
0.179107387095
0.179107387095
0.179107387095
0.179107387095
0.179107387095
0.179107387095
0.179107387095
0.179107387095
0.179107387095
0.179107387095
0.179107387095
0.179107387095
0.179107387095
0.179107387095
0.179107387095
0.179107387095
0.179107387095
0.179107387095
0.179107387095
0.179107387095
0.179107387095
0.179107387095
0.179107387095
0.179107387095
0.179107387095
0.179107387095
0.179107387095
0.179107387095
0.179107387095
0.179107387095
0.179107387095
0.179107387095
0.179107387095
0.179107387095
0.179107387095
0.179107387095
0.179107387095
0.179107387095
0.179107387095
0.179107387095
0.179107387095
0.179107387095
0.179107387095
0.179107387095
0.179107387095
0.179107387095
0.179107387095
0.179107387095
0.179107387095
0.179107387095
0.179107387095
0.179107387095
0.179107387095
0.179107387095
0.179107387095
0.179107387095
0.179107387095
0.179107387095
0.179107387095
0.179107387095
0.179107387095
0.179107387095
0.179107387095
0.179107387095
0.179107387095
0.179107387095
0.179107387095
0.179107387095
0.179107387095
0.179107387095
0.179107387095
0.179107387095
0.179107387095
0.179107387095
0.179107387095
0.179107387095
0.179107387095
0.179107387095
0.179107387095
0.179107387095
0.179107387095
0.179107387095
0.179107387095
0.179107387095
0.179107387095
0.179107387095
0.179107387095
0.179107387095
0.179107387095
0.179107387095
0.179107387095
0.179107387095
0.179107387095
0.179107387095
0.176900530858
0.176900530858
0.176900530858
0.176900530858
0.176900530858
0.176900530858
0.176900530858
0.176900530858
0.176900530858
0.176900530858
0.176900530858
0.176900530858
0.176900530858
0.176900530858
0.176900530858
0.176900530858
0.176900530858
0.176900530858
0.176900530858
0.176900530858
0.176900530858
0.176900530858
0.176900530858
0.176900530858
0.176900530858
0.176900530858
0.176900530858
0.176900530858
0.176900530858
0.176900530858
0.176900530858
0.175700842732
0.175700842732
0.175700842732
0.175700842732
0.175700842732
0.175700842732
0.175700842732
0.175700842732
0.175700842732
0.175700842732
0.175700842732
0.175700842732
0.175700842732
0.175700842732
0.175700842732
0.175700842732
0.175700842732
0.175700842732
0.175700842732
0.175700842732
0.175700842732
0.175700842732
0.175700842732
0.175700842732
0.175700842732
0.175700842732
0.175700842732
0.175700842732
0.175700842732
0.175700842732
0.175700842732
0.175700842732
0.175700842732
0.175700842732
0.175700842732
0.175700842732
0.175700842732
0.175700842732
0.175700842732
0.175700842732
0.175700842732
0.175700842732
0.175700842732
0.175700842732
0.175700842732
0.175700842732
0.175700842732
0.175700842732
0.175700842732
0.175700842732
0.175700842732
0.175700842732
0.175700842732
0.175700842732
0.175700842732
0.175700842732
0.175700842732
0.175700842732
0.175700842732
0.175700842732
0.175700842732
0.175700842732
0.175700842732
0.175700842732
0.175700842732
0.175700842732
0.175700842732
0.175700842732
0.175700842732
0.175700842732
0.175700842732
0.175700842732
0.175700842732
0.175700842732
0.175700842732
