0.239308361415
0.188385362535
0.187426580589
0.186058410746
0.186058410746
0.18385658407
0.18385658407
0.18385658407
0.18385658407
0.18385658407
0.18385658407
0.18385658407
0.18385658407
0.18385658407
0.176009180585
0.176009180585
0.176009180585
0.176009180585
0.176009180585
0.176009180585
0.176009180585
0.176009180585
0.176009180585
0.176009180585
0.176009180585
0.176009180585
0.176009180585
0.176009180585
0.176009180585
0.176009180585
0.176009180585
0.176009180585
0.176009180585
0.176009180585
0.176009180585
0.176009180585
0.176009180585
0.176009180585
0.176009180585
0.176009180585
0.176009180585
0.175040139917
0.175040139917
0.175040139917
0.175040139917
0.175040139917
0.175040139917
0.175040139917
0.175040139917
0.175040139917
0.175040139917
0.175040139917
0.175040139917
0.175040139917
0.175040139917
0.175040139917
0.175040139917
0.175040139917
0.175040139917
0.175040139917
0.175040139917
0.175040139917
0.175040139917
0.175040139917
0.175040139917
0.175040139917
0.175040139917
0.175040139917
0.175040139917
0.175040139917
0.175040139917
0.175040139917
0.175040139917
0.175040139917
0.175040139917
0.175040139917
0.175040139917
0.175040139917
0.175040139917
0.175040139917
0.175040139917
0.175040139917
0.175040139917
0.175040139917
0.175040139917
0.175040139917
0.175040139917
0.175040139917
0.175040139917
0.175040139917
0.175040139917
0.175040139917
0.175040139917
0.175040139917
0.175040139917
0.175040139917
0.175040139917
0.175040139917
0.175040139917
0.175040139917
0.175040139917
0.175040139917
0.175040139917
0.175040139917
0.175040139917
0.175040139917
0.175040139917
0.175040139917
0.175040139917
0.175040139917
0.175040139917
0.175040139917
0.175040139917
0.175040139917
0.175040139917
0.175040139917
0.175040139917
0.175040139917
0.175040139917
0.175040139917
0.175040139917
0.175040139917
0.175040139917
0.175040139917
0.175040139917
0.175040139917
0.175040139917
0.175040139917
0.175040139917
0.175040139917
0.175040139917
0.175040139917
0.175040139917
0.175040139917
0.175040139917
0.175040139917
0.175040139917
0.175040139917
0.175040139917
0.175040139917
0.175040139917
0.175040139917
0.175040139917
0.175040139917
0.175040139917
0.175040139917
0.175040139917
0.175040139917
0.175040139917
0.175040139917
0.175040139917
0.175040139917
0.175040139917
0.175040139917
0.175040139917
0.175040139917
0.175040139917
0.175040139917
0.175040139917
0.175040139917
0.175040139917
0.175040139917
0.175040139917
0.175040139917
0.175040139917
0.175040139917
0.175040139917
0.175040139917
0.175040139917
0.175040139917
0.175040139917
0.175040139917
0.175040139917
0.175040139917
0.175040139917
0.175040139917
0.175040139917
0.175040139917
0.175040139917
0.175040139917
0.175040139917
0.175040139917
0.175040139917
0.175040139917
0.175040139917
0.175040139917
0.175040139917
0.175040139917
0.175040139917
0.175040139917
0.175040139917
0.175040139917
0.175040139917
0.175040139917
0.175040139917
0.175040139917
0.175040139917
0.175040139917
0.175040139917
0.175040139917
0.175040139917
0.175040139917
0.175040139917
0.175040139917
0.175040139917
0.175040139917
0.175040139917
0.175040139917
0.175040139917
0.175040139917
0.175040139917
0.175040139917
0.175040139917
0.175040139917
0.175040139917
0.175040139917
0.175040139917
0.175040139917
0.175040139917
0.175040139917
0.175040139917
0.175040139917
0.175040139917
0.175040139917
0.175040139917
0.175040139917
0.175040139917
0.175040139917
0.175040139917
0.175040139917
0.175040139917
0.175040139917
0.175040139917
0.175040139917
0.175040139917
0.175040139917
0.174379744075
0.174379744075
0.174379744075
0.174379744075
0.174379744075
0.174379744075
0.174379744075
0.174379744075
0.174379744075
0.174379744075
0.174379744075
0.174379744075
0.174379744075
0.174379744075
0.174379744075
0.174379744075
0.174379744075
0.174379744075
0.174379744075
0.174379744075
0.174379744075
0.174379744075
0.174379744075
0.174379744075
0.174379744075
0.174379744075
0.174379744075
0.174379744075
0.174379744075
0.174379744075
0.174379744075
0.174379744075
0.174379744075
0.174379744075
0.174379744075
0.174379744075
0.174379744075
0.174379744075
0.174379744075
0.174379744075
0.174379744075
0.174379744075
0.174379744075
0.174379744075
0.174379744075
0.174379744075
0.174379744075
0.174379744075
0.174379744075
0.174379744075
0.174379744075
0.174379744075
0.174379744075
0.174379744075
0.174379744075
0.174379744075
0.174379744075
0.174379744075
0.174379744075
0.174379744075
0.174379744075
0.174379744075
0.174379744075
0.174379744075
0.174379744075
0.174379744075
0.174379744075
0.174379744075
0.174379744075
0.174379744075
0.174379744075
0.174379744075
0.174379744075
0.174379744075
0.174379744075
0.174379744075
0.174379744075
0.174379744075
0.174379744075
0.174379744075
0.174379744075
0.174379744075
0.174379744075
0.174379744075
0.174379744075
0.174379744075
0.174379744075
0.174379744075
0.174379744075
0.174379744075
0.174379744075
0.174379744075
0.174379744075
0.174379744075
0.174379744075
0.174379744075
0.174379744075
0.174379744075
0.174379744075
0.174379744075
0.174379744075
0.174379744075
0.174379744075
0.174379744075
0.174379744075
0.174379744075
0.174379744075
0.174379744075
0.174379744075
0.174379744075
0.174379744075
0.174379744075
0.174379744075
0.174379744075
0.174379744075
0.174379744075
0.174379744075
0.174379744075
0.174379744075
0.174379744075
0.174379744075
0.174379744075
0.174379744075
0.174379744075
0.174379744075
0.174379744075
0.174379744075
0.174379744075
0.174379744075
0.174379744075
0.174379744075
0.174379744075
0.174379744075
0.174379744075
0.174379744075
0.174379744075
0.174379744075
0.174379744075
0.174379744075
0.174379744075
0.174379744075
0.174379744075
0.174379744075
0.174379744075
0.174379744075
0.174379744075
0.174379744075
0.174379744075
0.174379744075
0.174379744075
0.174379744075
0.174379744075
0.174379744075
0.174379744075
0.174379744075
0.174379744075
0.174379744075
0.174379744075
0.174379744075
0.174379744075
0.174379744075
0.174379744075
0.174379744075
0.174379744075
