0.20675766012
0.193164058203
0.187563683269
0.186661511942
0.186661511942
0.18450314229
0.179311617458
0.179311617458
0.179311617458
0.178613102695
0.178613102695
0.178613102695
0.178613102695
0.178613102695
0.178613102695
0.178613102695
0.178613102695
0.178613102695
0.178613102695
0.178613102695
0.178613102695
0.178613102695
0.178613102695
0.178613102695
0.178613102695
0.178613102695
0.178613102695
0.178613102695
0.178613102695
0.178613102695
0.178613102695
0.178613102695
0.178613102695
0.178613102695
0.178613102695
0.178613102695
0.174250943329
0.174250943329
0.174250943329
0.174250943329
0.174250943329
0.174250943329
0.174250943329
0.174250943329
0.174250943329
0.174250943329
0.174250943329
0.174250943329
0.174250943329
0.174250943329
0.174250943329
0.174250943329
0.174250943329
0.174250943329
0.174250943329
0.174250943329
0.174250943329
0.174250943329
0.174250943329
0.174250943329
0.174250943329
0.174250943329
0.174250943329
0.174250943329
0.174250943329
0.174250943329
0.174250943329
0.174250943329
0.174250943329
0.174250943329
0.174250943329
0.174250943329
0.174250943329
0.174250943329
0.174250943329
0.174250943329
0.174250943329
0.174250943329
0.174250943329
0.174250943329
0.174250943329
0.174250943329
0.174250943329
0.174250943329
0.174250943329
0.174250943329
0.174250943329
0.174250943329
0.174250943329
0.174250943329
0.174250943329
0.174250943329
0.174250943329
0.174250943329
0.174250943329
0.174250943329
0.174250943329
0.174250943329
0.174250943329
0.174250943329
0.174250943329
0.174250943329
0.174250943329
0.174250943329
0.174250943329
0.174250943329
0.174250943329
0.174250943329
0.174250943329
0.174250943329
0.174250943329
0.174250943329
0.174250943329
0.174250943329
0.174250943329
0.174250943329
0.174250943329
0.174250943329
0.174250943329
0.174250943329
0.174250943329
0.174250943329
0.174250943329
0.174250943329
0.174250943329
0.174250943329
0.174250943329
0.174250943329
0.174250943329
0.174250943329
0.174250943329
0.174250943329
0.174250943329
0.174250943329
0.174250943329
0.174250943329
0.174250943329
0.174250943329
0.174250943329
0.174250943329
0.174250943329
0.174250943329
0.174250943329
0.174250943329
0.174250943329
0.174250943329
0.174250943329
0.174250943329
0.174250943329
0.174250943329
0.174250943329
0.174250943329
0.174250943329
0.174250943329
0.174250943329
0.174250943329
0.174250943329
0.174250943329
0.174250943329
0.174250943329
0.174250943329
0.174250943329
0.174250943329
0.174250943329
0.174250943329
0.174250943329
0.174250943329
0.174250943329
0.174250943329
0.174250943329
0.174250943329
0.174250943329
0.174250943329
0.174250943329
0.174250943329
0.174250943329
0.174250943329
0.174250943329
0.174250943329
0.174250943329
0.174250943329
0.174250943329
0.174250943329
0.174250943329
0.174250943329
0.174250943329
0.174250943329
0.174250943329
0.174250943329
0.174250943329
0.174250943329
0.174250943329
0.174250943329
0.174250943329
0.174250943329
0.174250943329
0.174250943329
0.174250943329
0.174250943329
0.174250943329
0.174250943329
0.174250943329
0.174250943329
0.174250943329
0.174250943329
0.174250943329
0.174250943329
0.174250943329
0.174250943329
0.174250943329
0.174250943329
0.174250943329
0.174250943329
0.174250943329
0.174250943329
0.174250943329
0.174250943329
0.174250943329
0.174250943329
0.174250943329
0.174250943329
0.174250943329
0.174250943329
0.174250943329
0.174250943329
0.174250943329
0.174250943329
0.174250943329
0.174250943329
0.174250943329
0.174250943329
0.174250943329
0.174250943329
0.174250943329
0.174250943329
0.174250943329
0.174250943329
0.174250943329
0.174250943329
0.174250943329
0.174250943329
0.174250943329
0.174250943329
0.174250943329
0.174250943329
0.174250943329
0.174250943329
0.174250943329
0.174250943329
0.174250943329
0.174250943329
0.174250943329
0.174250943329
0.174250943329
0.174250943329
0.174250943329
0.174250943329
0.174250943329
0.174250943329
0.174250943329
0.174250943329
0.174250943329
0.174250943329
0.174250943329
0.174250943329
0.174250943329
0.174250943329
0.174250943329
0.174250943329
0.174250943329
0.174250943329
0.174250943329
0.174250943329
0.174250943329
0.174250943329
0.174250943329
0.174250943329
0.174250943329
0.174250943329
0.174250943329
0.174250943329
0.174250943329
0.174250943329
0.174250943329
0.174250943329
0.174250943329
0.174250943329
0.174250943329
0.174250943329
0.174250943329
0.174250943329
0.174250943329
0.174250943329
0.174250943329
0.174250943329
0.174250943329
0.174250943329
0.174250943329
0.174250943329
0.174250943329
0.174250943329
0.174250943329
0.174250943329
0.174250943329
0.174250943329
0.174250943329
0.174250943329
0.174250943329
0.174250943329
0.174250943329
0.174250943329
0.174250943329
0.174250943329
0.174250943329
0.174250943329
0.174250943329
0.174250943329
0.174250943329
0.174250943329
0.174250943329
0.174250943329
0.174250943329
0.174250943329
0.174250943329
0.174250943329
0.174250943329
0.174250943329
0.174250943329
0.174250943329
0.174250943329
0.174250943329
0.174250943329
0.174250943329
0.174250943329
0.174250943329
0.174250943329
0.174250943329
0.174250943329
0.174250943329
0.174250943329
0.174250943329
0.174250943329
0.174250943329
0.174250943329
0.174250943329
0.174250943329
0.174250943329
0.174250943329
0.174250943329
0.174250943329
0.174250943329
0.174250943329
0.174250943329
0.174250943329
0.174250943329
0.174250943329
0.174250943329
0.174250943329
0.174250943329
0.174250943329
0.174250943329
0.174250943329
0.174250943329
0.174250943329
0.174250943329
0.174250943329
0.174250943329
0.174250943329
0.174250943329
0.174250943329
0.174250943329
0.174250943329
0.174250943329
0.174250943329
0.174250943329
0.174250943329
0.174250943329
0.174250943329
0.174250943329
0.174250943329
0.174250943329
0.174250943329
0.174250943329
0.174250943329
0.174250943329
0.174250943329
0.174250943329
0.174250943329
0.174250943329
0.174250943329
0.174250943329
0.174250943329
0.174250943329
0.174250943329
0.174250943329
0.174250943329
0.174250943329
0.174250943329
0.174250943329
0.174250943329
