0.216903708971
0.191516588892
0.188827779754
0.185303041946
0.185303041946
0.185303041946
0.185303041946
0.185303041946
0.183698453291
0.183698453291
0.183698453291
0.183698453291
0.182487895547
0.182487895547
0.182487895547
0.182487895547
0.182487895547
0.182487895547
0.182487895547
0.182487895547
0.182487895547
0.182487895547
0.181898900542
0.181898900542
0.180296520356
0.180296520356
0.180296520356
0.180296520356
0.180296520356
0.180296520356
0.1798182474
0.1798182474
0.1798182474
0.1798182474
0.1798182474
0.1798182474
0.1798182474
0.1798182474
0.1798182474
0.1798182474
0.1798182474
0.1798182474
0.1798182474
0.1798182474
0.1798182474
0.1798182474
0.1798182474
0.1798182474
0.1798182474
0.1798182474
0.1798182474
0.1798182474
0.1798182474
0.1798182474
0.1798182474
0.1798182474
0.1798182474
0.1798182474
0.1798182474
0.1798182474
0.1798182474
0.1798182474
0.1798182474
0.1798182474
0.177876419829
0.177876419829
0.177876419829
0.177876419829
0.177876419829
0.177876419829
0.177876419829
0.177876419829
0.177876419829
0.177876419829
0.177876419829
0.177876419829
0.177876419829
0.177876419829
0.177876419829
0.177876419829
0.177876419829
0.177876419829
0.177876419829
0.177876419829
0.177876419829
0.177876419829
0.177876419829
0.177876419829
0.177876419829
0.177876419829
0.177876419829
0.177876419829
0.177876419829
0.177876419829
0.177876419829
0.177876419829
0.177876419829
0.177876419829
0.177876419829
0.177876419829
0.177876419829
0.177876419829
0.177876419829
0.177876419829
0.177876419829
0.177876419829
0.177876419829
0.177876419829
0.177876419829
0.177876419829
0.177876419829
0.177876419829
0.177876419829
0.177876419829
0.177876419829
0.177876419829
0.177876419829
0.177876419829
0.177876419829
0.177876419829
0.177876419829
0.177876419829
0.177876419829
0.177876419829
0.177876419829
0.177876419829
0.177876419829
0.177876419829
0.177876419829
0.177876419829
0.177876419829
0.177876419829
0.177876419829
0.177876419829
0.177876419829
0.177876419829
0.177876419829
0.177876419829
0.177876419829
0.177876419829
0.177876419829
0.177876419829
0.177876419829
0.177876419829
0.177876419829
0.177876419829
0.177876419829
0.177876419829
0.177876419829
0.177876419829
0.177876419829
0.177876419829
0.177876419829
0.177876419829
0.177876419829
0.177876419829
0.177876419829
0.177876419829
0.177876419829
0.177876419829
0.177876419829
0.175229908208
0.175229908208
0.175229908208
0.175229908208
0.175229908208
0.175229908208
0.175229908208
0.175229908208
0.175229908208
0.175229908208
0.175229908208
0.175229908208
0.175229908208
0.175229908208
0.175229908208
0.175229908208
0.175229908208
0.175229908208
0.175229908208
0.175229908208
0.175229908208
0.175229908208
0.175229908208
0.175229908208
0.175229908208
0.175229908208
0.175229908208
0.175229908208
0.175229908208
0.175229908208
0.175229908208
0.175229908208
0.175229908208
0.175229908208
0.175229908208
0.175229908208
0.175229908208
0.175229908208
0.175229908208
0.175229908208
0.175229908208
0.175229908208
0.175229908208
0.175229908208
0.175229908208
0.175229908208
0.175229908208
0.175229908208
0.175229908208
0.175229908208
0.175229908208
0.175229908208
0.175229908208
0.175229908208
0.175229908208
0.175229908208
0.175229908208
0.175229908208
0.175229908208
0.175229908208
0.175229908208
0.175229908208
0.175229908208
0.175229908208
0.175229908208
0.175229908208
0.175229908208
0.175229908208
0.175229908208
0.175229908208
0.175229908208
0.175229908208
0.175229908208
0.175229908208
0.175229908208
0.175229908208
0.175229908208
0.175229908208
0.175229908208
0.175229908208
0.175229908208
0.175229908208
0.173229579437
0.173229579437
0.173229579437
0.173229579437
0.173229579437
0.173229579437
0.173229579437
0.173229579437
0.173229579437
0.173229579437
0.173229579437
0.173229579437
0.173229579437
0.173229579437
0.173229579437
0.173229579437
0.173229579437
0.173229579437
0.173229579437
0.173229579437
0.173229579437
0.173229579437
0.173229579437
0.173229579437
0.173229579437
0.173229579437
0.173229579437
0.173229579437
0.173229579437
0.173229579437
0.173229579437
0.173229579437
0.173229579437
0.173229579437
0.173229579437
0.173229579437
0.173229579437
0.173229579437
0.173229579437
0.173229579437
0.173229579437
0.173229579437
0.173229579437
0.173229579437
0.173229579437
0.173229579437
0.173229579437
0.173229579437
0.173229579437
0.173229579437
0.173229579437
0.173229579437
0.173229579437
0.173229579437
0.173229579437
0.173229579437
0.173229579437
0.173229579437
0.173229579437
0.173229579437
0.173229579437
0.173229579437
0.173229579437
0.173229579437
0.173229579437
0.173229579437
0.173229579437
0.173229579437
0.173229579437
0.173229579437
0.173229579437
0.173229579437
0.173229579437
0.173229579437
0.173229579437
0.173229579437
0.173229579437
0.173229579437
0.173229579437
0.173229579437
0.173229579437
0.173229579437
0.173229579437
0.173229579437
0.173229579437
0.173229579437
0.173229579437
0.173229579437
0.173229579437
0.173229579437
0.173229579437
0.173229579437
0.173229579437
0.173229579437
0.173229579437
0.173229579437
0.173229579437
0.173229579437
0.173229579437
0.173229579437
0.173229579437
0.173229579437
0.173229579437
0.173229579437
0.173229579437
0.173229579437
0.173229579437
0.173229579437
0.173229579437
0.173229579437
0.173229579437
0.173229579437
0.173229579437
0.173229579437
0.173229579437
0.173229579437
0.173229579437
0.173229579437
0.173229579437
0.173229579437
0.173229579437
0.173229579437
0.173229579437
0.173229579437
0.173229579437
0.173229579437
0.173229579437
0.173229579437
0.173229579437
0.173229579437
0.173229579437
0.173229579437
0.173229579437
0.173229579437
0.173229579437
0.173229579437
0.173229579437
0.173229579437
0.173229579437
0.173229579437
0.173229579437
0.173229579437
0.173229579437
0.173229579437
0.173229579437
0.173229579437
0.173229579437
0.173229579437
0.173229579437
0.173229579437
0.173229579437
0.173229579437
0.173229579437
0.173229579437
0.173229579437
0.173229579437
0.173229579437
