0.255689332271
0.190424621914
0.187234438548
0.182854463527
0.182854463527
0.182854463527
0.182854463527
0.182854463527
0.182854463527
0.182854463527
0.182854463527
0.180574397072
0.180574397072
0.179415678122
0.179415678122
0.179415678122
0.178270452285
0.178270452285
0.178270452285
0.178270452285
0.178270452285
0.178270452285
0.178270452285
0.178270452285
0.178270452285
0.178270452285
0.178270452285
0.178270452285
0.178270452285
0.178270452285
0.178270452285
0.178270452285
0.178270452285
0.178270452285
0.178270452285
0.178270452285
0.178270452285
0.178270452285
0.173876471647
0.173876471647
0.173876471647
0.173876471647
0.173876471647
0.173876471647
0.173876471647
0.173876471647
0.173876471647
0.173876471647
0.173876471647
0.173876471647
0.173876471647
0.173876471647
0.173876471647
0.173876471647
0.173876471647
0.173876471647
0.173876471647
0.173876471647
0.173876471647
0.173876471647
0.173876471647
0.173876471647
0.173876471647
0.173876471647
0.173876471647
0.173876471647
0.173876471647
0.173876471647
0.173876471647
0.173876471647
0.173876471647
0.173876471647
0.173876471647
0.173876471647
0.173876471647
0.173876471647
0.173876471647
0.173876471647
0.173876471647
0.173876471647
0.173876471647
0.173876471647
0.173876471647
0.173876471647
0.173876471647
0.173876471647
0.173876471647
0.173876471647
0.173876471647
0.173876471647
0.173876471647
0.173876471647
0.173876471647
0.173876471647
0.173876471647
0.173876471647
0.173876471647
0.173876471647
0.173876471647
0.173876471647
0.173876471647
0.173876471647
0.173876471647
0.173876471647
0.173876471647
0.173876471647
0.173876471647
0.173876471647
0.173876471647
0.173876471647
0.173876471647
0.173876471647
0.173876471647
0.173876471647
0.173876471647
0.173876471647
0.173876471647
0.173876471647
0.173876471647
0.173876471647
0.173876471647
0.173876471647
0.173876471647
0.173876471647
0.173876471647
0.173876471647
0.173876471647
0.173876471647
0.173876471647
0.173876471647
0.173876471647
0.173876471647
0.173876471647
0.173876471647
0.173876471647
0.173876471647
0.173876471647
0.173876471647
0.173876471647
0.173876471647
0.173876471647
0.173876471647
0.173876471647
0.173876471647
0.173876471647
0.173876471647
0.173876471647
0.173876471647
0.173876471647
0.173876471647
0.173876471647
0.173876471647
0.173876471647
0.173876471647
0.173876471647
0.173876471647
0.173876471647
0.173876471647
0.173876471647
0.173876471647
0.173876471647
0.173876471647
0.173876471647
0.173876471647
0.173876471647
0.173876471647
0.173876471647
0.173876471647
0.173876471647
0.173876471647
0.173876471647
0.173876471647
0.173876471647
0.173876471647
0.173876471647
0.173876471647
0.173876471647
0.173876471647
0.173751402396
0.173751402396
0.173751402396
0.173751402396
0.173751402396
0.173751402396
0.173751402396
0.173751402396
0.173751402396
0.173751402396
0.173751402396
0.173751402396
0.173751402396
0.173751402396
0.173751402396
0.173751402396
0.173751402396
0.173751402396
0.173751402396
0.173751402396
0.173751402396
0.173751402396
0.173751402396
0.173751402396
0.173751402396
0.173751402396
0.173751402396
0.173751402396
0.173751402396
0.173751402396
0.173751402396
0.173751402396
0.173751402396
0.173751402396
0.173751402396
0.173751402396
0.173751402396
0.173751402396
0.173751402396
0.173751402396
0.173751402396
0.173751402396
0.173751402396
0.173751402396
0.173751402396
0.173751402396
0.173751402396
0.173751402396
0.173751402396
0.173751402396
0.173751402396
0.173751402396
0.173751402396
0.173751402396
0.173751402396
0.173751402396
0.173751402396
0.173751402396
0.173751402396
0.173751402396
0.173751402396
0.173751402396
0.173751402396
0.173751402396
0.173751402396
0.173751402396
0.173751402396
0.173751402396
0.173751402396
0.173751402396
0.173751402396
0.173751402396
0.173751402396
0.173751402396
0.173751402396
0.173751402396
0.173751402396
0.173751402396
0.173751402396
0.173751402396
0.173751402396
0.173751402396
0.173751402396
0.173751402396
0.173751402396
0.173751402396
0.173751402396
0.173751402396
0.173751402396
0.173751402396
0.173751402396
0.173751402396
0.173751402396
0.173751402396
0.173751402396
0.173751402396
0.173751402396
0.173751402396
0.173751402396
0.173751402396
0.173751402396
0.173751402396
0.173751402396
0.173751402396
0.173751402396
0.173751402396
0.173751402396
0.173751402396
0.173751402396
0.173751402396
0.173751402396
0.173751402396
0.173751402396
0.173751402396
0.173751402396
0.173751402396
0.173751402396
0.173751402396
0.173751402396
0.173751402396
0.173751402396
0.173751402396
0.173751402396
0.173751402396
0.173751402396
0.173751402396
0.173751402396
0.173751402396
0.173751402396
0.173751402396
0.173751402396
0.173751402396
0.173751402396
0.173751402396
0.173751402396
0.173751402396
0.173751402396
0.173751402396
0.173751402396
0.173751402396
0.173751402396
0.173751402396
0.173751402396
0.173751402396
0.173751402396
0.173751402396
0.173751402396
0.173751402396
0.173751402396
0.173751402396
0.173751402396
0.173751402396
0.173751402396
0.173751402396
0.173751402396
0.173751402396
0.173751402396
0.173751402396
0.173751402396
0.173751402396
0.173751402396
0.173751402396
0.173751402396
0.173751402396
0.173751402396
0.173751402396
0.173751402396
0.173751402396
0.173751402396
0.173751402396
0.173751402396
0.173751402396
0.173751402396
0.173751402396
0.173751402396
0.173751402396
0.173751402396
0.173751402396
0.173751402396
0.173751402396
0.173751402396
0.173751402396
0.173751402396
0.173751402396
0.173751402396
0.173751402396
0.173751402396
0.173751402396
0.173751402396
0.173751402396
0.173751402396
0.173751402396
0.173751402396
0.173751402396
0.173751402396
0.173751402396
0.173751402396
0.173751402396
0.173751402396
0.173751402396
0.173751402396
0.173751402396
0.173751402396
0.173751402396
0.173751402396
0.173751402396
0.173751402396
0.173751402396
0.173751402396
0.170535381394
0.170535381394
0.170535381394
0.170535381394
0.170535381394
0.170535381394
0.170535381394
0.170535381394
0.170535381394
0.170535381394
0.170535381394
0.170535381394
0.170535381394
