0.277974748928
0.19178529926
0.187249127949
0.187249127949
0.185527740184
0.181687942681
0.181687942681
0.181687942681
0.181687942681
0.181687942681
0.181687942681
0.181687942681
0.181687942681
0.181687942681
0.181687942681
0.181687942681
0.181687942681
0.181687942681
0.181687942681
0.181162763417
0.181162763417
0.181162763417
0.181162763417
0.181162763417
0.181162763417
0.181162763417
0.181162763417
0.181162763417
0.181162763417
0.181162763417
0.178440074438
0.178440074438
0.175741589758
0.175741589758
0.175741589758
0.175741589758
0.175741589758
0.175741589758
0.175741589758
0.175741589758
0.175741589758
0.175741589758
0.175741589758
0.175741589758
0.175741589758
0.175741589758
0.175741589758
0.175741589758
0.175741589758
0.175741589758
0.175741589758
0.175741589758
0.175741589758
0.175741589758
0.175741589758
0.175741589758
0.175741589758
0.175741589758
0.175741589758
0.175741589758
0.175741589758
0.175741589758
0.175741589758
0.175741589758
0.175741589758
0.175741589758
0.175741589758
0.175741589758
0.175741589758
0.175741589758
0.175741589758
0.175741589758
0.175741589758
0.175741589758
0.175741589758
0.175741589758
0.175741589758
0.175741589758
0.175741589758
0.175741589758
0.175741589758
0.175741589758
0.175741589758
0.175741589758
0.175741589758
0.175741589758
0.175741589758
0.175741589758
0.175741589758
0.175741589758
0.175741589758
0.175741589758
0.175741589758
0.175741589758
0.175741589758
0.175741589758
0.175741589758
0.175741589758
0.175741589758
0.175741589758
0.175741589758
0.175741589758
0.175741589758
0.175741589758
0.175741589758
0.175741589758
0.175741589758
0.175741589758
0.175741589758
0.175741589758
0.175741589758
0.175741589758
0.175741589758
0.175741589758
0.175741589758
0.175741589758
0.175741589758
0.175741589758
0.175741589758
0.175741589758
0.175741589758
0.175741589758
0.175741589758
0.175741589758
0.175741589758
0.175741589758
0.175741589758
0.175741589758
0.175741589758
0.175741589758
0.175741589758
0.175741589758
0.175741589758
0.175741589758
0.175741589758
0.175741589758
0.175741589758
0.175741589758
0.175741589758
0.175741589758
0.175741589758
0.175741589758
0.175741589758
0.17547156753
0.17547156753
0.17547156753
0.17547156753
0.17547156753
0.17547156753
0.17547156753
0.17547156753
0.17547156753
0.17547156753
0.17547156753
0.17547156753
0.17547156753
0.17547156753
0.17547156753
0.17547156753
0.17547156753
0.17547156753
0.17547156753
0.17547156753
0.17547156753
0.17547156753
0.17547156753
0.17547156753
0.17547156753
0.17547156753
0.17547156753
0.17547156753
0.17547156753
0.17547156753
0.17547156753
0.17547156753
0.17547156753
0.17547156753
0.17547156753
0.17547156753
0.17547156753
0.17547156753
0.17547156753
0.17547156753
0.17547156753
0.17547156753
0.17547156753
0.17547156753
0.17547156753
0.17547156753
0.17547156753
0.17547156753
0.17547156753
0.17547156753
0.17547156753
0.17547156753
0.17547156753
0.17547156753
0.17547156753
0.17547156753
0.17547156753
0.17547156753
0.17547156753
0.17547156753
0.17547156753
0.17547156753
0.17547156753
0.17547156753
0.17547156753
0.17547156753
0.17547156753
0.17547156753
0.17547156753
0.17547156753
0.17547156753
0.17547156753
0.17547156753
0.17547156753
0.17547156753
0.17547156753
0.17547156753
0.17547156753
0.17547156753
0.17547156753
0.17547156753
0.17547156753
0.17547156753
0.167550714562
0.167550714562
0.167550714562
0.167550714562
0.167550714562
0.167550714562
0.167550714562
0.167550714562
0.167550714562
0.167550714562
0.167550714562
0.167550714562
0.167550714562
0.167550714562
0.167550714562
0.167550714562
0.167550714562
0.167550714562
0.167550714562
0.167550714562
0.167550714562
0.167550714562
0.167550714562
0.167550714562
0.167550714562
0.167550714562
0.167550714562
0.167550714562
0.167550714562
0.167550714562
0.167550714562
0.167550714562
0.167550714562
0.167550714562
0.167550714562
0.167550714562
0.167550714562
0.167550714562
0.167550714562
0.167550714562
0.167550714562
0.167550714562
0.167550714562
0.167550714562
0.167550714562
0.167550714562
0.167550714562
0.167550714562
0.167550714562
0.167550714562
0.167550714562
0.167550714562
0.167550714562
0.167550714562
0.167550714562
0.167550714562
0.167550714562
0.167550714562
0.167550714562
0.167550714562
0.167550714562
0.167550714562
0.167550714562
0.167550714562
0.167550714562
0.167550714562
0.167550714562
0.167550714562
0.167550714562
0.167550714562
0.167550714562
0.167550714562
0.167550714562
0.167550714562
0.167550714562
0.167550714562
0.167550714562
0.167550714562
0.167550714562
0.167550714562
0.167550714562
0.167550714562
0.167550714562
0.167550714562
0.167550714562
0.167550714562
0.167550714562
0.167550714562
0.167550714562
0.167550714562
0.167550714562
0.167550714562
0.167550714562
0.167550714562
0.167550714562
0.167550714562
0.167550714562
0.167550714562
0.167550714562
0.167550714562
0.167550714562
0.167550714562
0.167550714562
0.167550714562
0.167550714562
0.167550714562
0.167550714562
0.167550714562
0.167550714562
0.167550714562
0.167550714562
0.167550714562
0.167550714562
0.167550714562
0.167550714562
0.167550714562
0.167550714562
0.167550714562
0.167550714562
0.167550714562
0.167550714562
0.167550714562
0.167550714562
0.167550714562
0.167550714562
0.167550714562
0.167550714562
0.167550714562
0.167550714562
0.167550714562
0.167550714562
0.167550714562
0.167550714562
0.167550714562
0.167550714562
0.167550714562
0.167550714562
0.167550714562
0.167550714562
0.167550714562
0.167550714562
0.167550714562
0.167550714562
0.167550714562
0.167550714562
0.167550714562
0.167550714562
0.167550714562
0.167550714562
0.167550714562
0.167550714562
0.167550714562
0.167550714562
0.167550714562
0.167550714562
0.167550714562
0.167550714562
0.167550714562
0.167550714562
0.167550714562
0.167550714562
0.167550714562
0.167550714562
0.167550714562
0.167550714562
0.167550714562
0.167550714562
0.167550714562
0.167550714562
0.167550714562
0.167550714562
0.167550714562
0.167550714562
0.167550714562
