0.261573699864
0.189128683842
0.188729622087
0.18744665826
0.18744665826
0.187378319531
0.187378319531
0.187378319531
0.186115836027
0.186115836027
0.186115836027
0.186115836027
0.176095325812
0.176095325812
0.176095325812
0.176095325812
0.176095325812
0.176095325812
0.176095325812
0.176095325812
0.176095325812
0.176095325812
0.176095325812
0.176095325812
0.176095325812
0.176095325812
0.176095325812
0.176095325812
0.176095325812
0.176095325812
0.176095325812
0.176095325812
0.176095325812
0.176095325812
0.176095325812
0.176095325812
0.176095325812
0.176095325812
0.176095325812
0.176095325812
0.176095325812
0.176095325812
0.176095325812
0.176095325812
0.176095325812
0.175160643557
0.175160643557
0.175160643557
0.175160643557
0.175160643557
0.175160643557
0.175160643557
0.175160643557
0.175160643557
0.175160643557
0.175160643557
0.175160643557
0.175160643557
0.175160643557
0.175160643557
0.175160643557
0.175160643557
0.175160643557
0.175160643557
0.175160643557
0.175160643557
0.175160643557
0.175160643557
0.175160643557
0.175160643557
0.175160643557
0.175160643557
0.175160643557
0.175160643557
0.175160643557
0.175160643557
0.175160643557
0.175160643557
0.175160643557
0.175160643557
0.175160643557
0.175160643557
0.175160643557
0.175160643557
0.175160643557
0.175160643557
0.175160643557
0.175160643557
0.175160643557
0.175160643557
0.175160643557
0.175160643557
0.175160643557
0.175160643557
0.175160643557
0.175160643557
0.175160643557
0.175160643557
0.175160643557
0.175160643557
0.175160643557
0.175160643557
0.175160643557
0.175160643557
0.175160643557
0.175160643557
0.175160643557
0.175160643557
0.175160643557
0.175160643557
0.175160643557
0.175160643557
0.171944742363
0.171944742363
0.171944742363
0.171944742363
0.171944742363
0.171944742363
0.171944742363
0.171944742363
0.171944742363
0.171944742363
0.171944742363
0.171944742363
0.171944742363
0.171944742363
0.171944742363
0.171944742363
0.171944742363
0.171944742363
0.171944742363
0.171944742363
0.171944742363
0.171944742363
0.171944742363
0.171944742363
0.171944742363
0.171944742363
0.171944742363
0.171944742363
0.171944742363
0.171944742363
0.171944742363
0.171944742363
0.171944742363
0.171944742363
0.171944742363
0.171944742363
0.171944742363
0.171944742363
0.171944742363
0.171944742363
0.171944742363
0.171944742363
0.171944742363
0.171944742363
0.171944742363
0.171944742363
0.171944742363
0.171944742363
0.171944742363
0.171944742363
0.171944742363
0.171944742363
0.171944742363
0.171944742363
0.171944742363
0.171944742363
0.171944742363
0.171944742363
0.171944742363
0.171944742363
0.171944742363
0.171944742363
0.171944742363
0.171944742363
0.171944742363
0.171944742363
0.171944742363
0.171944742363
0.171944742363
0.171944742363
0.171944742363
0.171944742363
0.171944742363
0.171944742363
0.171944742363
0.171944742363
0.171944742363
0.171944742363
0.171944742363
0.171944742363
0.171944742363
0.171944742363
0.171944742363
0.171944742363
0.171944742363
0.171944742363
0.171944742363
0.171944742363
0.171944742363
0.171944742363
0.171944742363
0.171944742363
0.171944742363
0.171944742363
0.171944742363
0.171944742363
0.171944742363
0.171944742363
0.171944742363
0.171944742363
0.171944742363
0.171944742363
0.171944742363
0.171944742363
0.171944742363
0.171944742363
0.171944742363
0.171944742363
0.171944742363
0.171944742363
0.171944742363
0.171944742363
0.171944742363
0.171944742363
0.171944742363
0.171944742363
0.171944742363
0.171944742363
0.171944742363
0.171944742363
0.171944742363
0.171944742363
0.171944742363
0.171944742363
0.171944742363
0.171944742363
0.171944742363
0.171944742363
0.171944742363
0.171944742363
0.171944742363
0.171944742363
0.171944742363
0.171944742363
0.171944742363
0.171944742363
0.171944742363
0.171944742363
0.171944742363
0.171944742363
0.171944742363
0.171944742363
0.171944742363
0.171944742363
0.171944742363
0.171944742363
0.171944742363
0.171944742363
0.171944742363
0.171944742363
0.171944742363
0.171944742363
0.171944742363
0.171944742363
0.171944742363
0.171944742363
0.171944742363
0.171944742363
0.171944742363
0.171944742363
0.171944742363
0.171944742363
0.171944742363
0.171944742363
0.171944742363
0.171944742363
0.171944742363
0.171944742363
0.171944742363
0.171944742363
0.171944742363
0.171944742363
0.171944742363
0.171944742363
0.171944742363
0.171944742363
0.171944742363
0.171944742363
0.171944742363
0.171944742363
0.171944742363
0.171944742363
0.171944742363
0.171944742363
0.171944742363
0.171944742363
0.171944742363
0.171944742363
0.171944742363
0.171944742363
0.171944742363
0.171944742363
0.171944742363
0.171944742363
0.171944742363
0.171944742363
0.171944742363
0.171944742363
0.171944742363
0.171944742363
0.171944742363
0.171944742363
0.171944742363
0.171944742363
0.171944742363
0.171944742363
0.171944742363
0.171944742363
0.171944742363
0.171944742363
0.171944742363
0.171944742363
0.171944742363
0.171944742363
0.171944742363
0.171944742363
0.171944742363
0.171944742363
0.171944742363
0.171944742363
0.171944742363
0.171944742363
0.171944742363
0.171944742363
0.171944742363
0.171944742363
0.171944742363
0.171944742363
0.171944742363
0.171944742363
0.171944742363
0.171944742363
0.171944742363
0.171944742363
0.171944742363
0.171944742363
0.171944742363
0.171944742363
0.171944742363
0.171944742363
0.171944742363
0.171944742363
0.171944742363
0.171944742363
0.171944742363
0.171944742363
0.171944742363
0.171944742363
0.171944742363
0.171944742363
0.171944742363
0.171944742363
0.171944742363
0.171944742363
0.171944742363
0.171944742363
0.171944742363
0.171944742363
0.171944742363
0.171944742363
0.171944742363
0.171944742363
0.171944742363
0.171944742363
0.171944742363
0.171944742363
0.171944742363
0.171944742363
0.171944742363
0.171944742363
0.171944742363
0.171944742363
0.171944742363
0.171944742363
0.171944742363
0.171944742363
0.171944742363
0.171944742363
0.171944742363
0.171944742363
0.171944742363
0.171944742363
0.171944742363
0.171944742363
0.171944742363
0.171944742363
0.171944742363
0.171944742363
