0.241720537031
0.190584163861
0.185961207854
0.182580957743
0.182580957743
0.182580957743
0.182580957743
0.182580957743
0.182580957743
0.182580957743
0.182580957743
0.182580957743
0.182580957743
0.181524219227
0.181524219227
0.180658033349
0.176841339843
0.176841339843
0.176841339843
0.176841339843
0.176841339843
0.176841339843
0.176841339843
0.176841339843
0.176841339843
0.176841339843
0.176841339843
0.176841339843
0.176841339843
0.176841339843
0.176841339843
0.176841339843
0.176841339843
0.176841339843
0.176841339843
0.176841339843
0.176841339843
0.176841339843
0.176841339843
0.176841339843
0.176841339843
0.176841339843
0.176841339843
0.176841339843
0.176841339843
0.176841339843
0.176841339843
0.176841339843
0.176841339843
0.176841339843
0.176841339843
0.176841339843
0.176841339843
0.176841339843
0.176841339843
0.176841339843
0.176841339843
0.176841339843
0.176841339843
0.176841339843
0.176841339843
0.176841339843
0.176841339843
0.176841339843
0.176841339843
0.176841339843
0.176841339843
0.176841339843
0.176841339843
0.176841339843
0.176841339843
0.176841339843
0.176841339843
0.176841339843
0.176841339843
0.176841339843
0.176841339843
0.176841339843
0.176841339843
0.176841339843
0.176841339843
0.176841339843
0.176841339843
0.176841339843
0.176841339843
0.176841339843
0.176841339843
0.176841339843
0.176841339843
0.176841339843
0.176841339843
0.176841339843
0.176841339843
0.176841339843
0.176841339843
0.176841339843
0.176841339843
0.176841339843
0.176841339843
0.176841339843
0.176841339843
0.176841339843
0.176841339843
0.176841339843
0.176841339843
0.176841339843
0.176841339843
0.176841339843
0.176841339843
0.176841339843
0.176841339843
0.176841339843
0.176841339843
0.176841339843
0.176841339843
0.167471192005
0.167471192005
0.167471192005
0.167471192005
0.167471192005
0.167471192005
0.167471192005
0.167471192005
0.167471192005
0.167471192005
0.167471192005
0.167471192005
0.167471192005
0.167471192005
0.167471192005
0.167471192005
0.167471192005
0.167471192005
0.167471192005
0.167471192005
0.167471192005
0.167471192005
0.167471192005
0.167471192005
0.167471192005
0.167471192005
0.167471192005
0.167471192005
0.167471192005
0.167471192005
0.167471192005
0.167471192005
0.167471192005
0.167471192005
0.167471192005
0.167471192005
0.167471192005
0.167471192005
0.167471192005
0.167471192005
0.167471192005
0.167471192005
0.167471192005
0.167471192005
0.167471192005
0.167471192005
0.167471192005
0.167471192005
0.167471192005
0.167471192005
0.167471192005
0.167471192005
0.167471192005
0.167471192005
0.167471192005
0.167471192005
0.167471192005
0.167471192005
0.167471192005
0.167471192005
0.167471192005
0.167471192005
0.167471192005
0.167471192005
0.167471192005
0.167471192005
0.167471192005
0.167471192005
0.167471192005
0.167471192005
0.167471192005
0.167471192005
0.167471192005
0.167471192005
0.167471192005
0.167471192005
0.167471192005
0.167471192005
0.167471192005
0.167471192005
0.167471192005
0.167471192005
0.167471192005
0.167471192005
0.167471192005
0.167471192005
0.167471192005
0.167471192005
0.167471192005
0.167471192005
0.167471192005
0.167471192005
0.167471192005
0.167471192005
0.167471192005
0.167471192005
0.167471192005
0.167471192005
0.167471192005
0.167471192005
0.167471192005
0.167471192005
0.167471192005
0.167471192005
0.167471192005
0.167471192005
0.167471192005
0.167471192005
0.167471192005
0.167471192005
0.167471192005
0.167471192005
0.167471192005
0.167471192005
0.167471192005
0.167471192005
0.167471192005
0.167471192005
0.167471192005
0.167471192005
0.167471192005
0.167471192005
0.167471192005
0.167471192005
0.167471192005
0.167471192005
0.167471192005
0.167471192005
0.167471192005
0.167471192005
0.167471192005
0.167471192005
0.167471192005
0.167471192005
0.167471192005
0.167471192005
0.167471192005
0.167471192005
0.167471192005
0.167471192005
0.167471192005
0.167471192005
0.167471192005
0.167471192005
0.167471192005
0.167471192005
0.167471192005
0.167471192005
0.167471192005
0.167471192005
0.167471192005
0.167471192005
0.167471192005
0.167471192005
0.167471192005
0.167471192005
0.167471192005
0.167471192005
0.167471192005
0.167471192005
0.167471192005
0.167471192005
0.167471192005
0.167471192005
0.167471192005
0.167471192005
0.167471192005
0.167471192005
0.167471192005
0.167471192005
0.167471192005
0.167471192005
0.167471192005
0.167471192005
0.167471192005
0.167471192005
0.167471192005
0.167471192005
0.167471192005
0.167471192005
0.167471192005
0.167471192005
0.167471192005
0.167471192005
0.167471192005
0.167471192005
0.167471192005
0.167471192005
0.167471192005
0.167471192005
0.167471192005
0.167471192005
0.167471192005
0.167471192005
0.167471192005
0.167471192005
0.167471192005
0.167471192005
0.167471192005
0.167471192005
0.167471192005
0.167471192005
0.167471192005
0.167471192005
0.167471192005
0.167471192005
0.167471192005
0.167471192005
0.167471192005
0.167471192005
0.167471192005
0.167471192005
0.167471192005
0.167471192005
0.167471192005
0.167471192005
0.167471192005
0.167471192005
0.167471192005
0.167471192005
0.167471192005
0.167471192005
0.167471192005
0.167471192005
0.167471192005
0.167471192005
0.167471192005
0.167471192005
0.167471192005
0.167471192005
0.167471192005
0.167471192005
0.167471192005
0.167471192005
0.167471192005
0.167471192005
0.167471192005
0.167471192005
0.167471192005
0.167471192005
0.167471192005
0.167471192005
0.167471192005
0.167471192005
0.167471192005
0.167471192005
0.167471192005
0.167471192005
0.167471192005
0.167471192005
0.167471192005
0.167471192005
0.167471192005
0.167471192005
0.167471192005
0.167471192005
0.167471192005
0.167471192005
0.167471192005
0.167471192005
0.167471192005
0.167471192005
0.167471192005
0.167471192005
0.167471192005
0.167471192005
0.167471192005
0.167471192005
0.167471192005
0.167471192005
0.167471192005
0.167471192005
0.167471192005
0.167471192005
0.167471192005
0.167471192005
0.167471192005
0.167471192005
0.167471192005
0.167471192005
0.167471192005
0.167471192005
0.167471192005
0.167471192005
0.167471192005
