0.244546424948
0.185554554739
0.185305263187
0.185305263187
0.185305263187
0.181821788875
0.181821788875
0.181723915299
0.181723915299
0.178629560183
0.178629560183
0.178629560183
0.178629560183
0.178629560183
0.178629560183
0.178629560183
0.178629560183
0.177652611214
0.177652611214
0.177652611214
0.177652611214
0.177652611214
0.177652611214
0.177652611214
0.177652611214
0.177652611214
0.177652611214
0.177652611214
0.177652611214
0.177652611214
0.177652611214
0.177652611214
0.177652611214
0.177652611214
0.177652611214
0.177652611214
0.177652611214
0.177652611214
0.177652611214
0.177652611214
0.177652611214
0.177652611214
0.177652611214
0.177652611214
0.177652611214
0.177652611214
0.177652611214
0.177652611214
0.177652611214
0.177652611214
0.177652611214
0.177652611214
0.177652611214
0.177652611214
0.177652611214
0.177652611214
0.177652611214
0.177652611214
0.177652611214
0.177652611214
0.177652611214
0.177652611214
0.177652611214
0.177652611214
0.177652611214
0.177652611214
0.177652611214
0.177652611214
0.177652611214
0.177652611214
0.177652611214
0.177652611214
0.177652611214
0.177652611214
0.177652611214
0.177652611214
0.177652611214
0.177652611214
0.177652611214
0.177652611214
0.177652611214
0.177652611214
0.177652611214
0.177652611214
0.177652611214
0.177652611214
0.177652611214
0.177652611214
0.177652611214
0.177652611214
0.177652611214
0.177652611214
0.177652611214
0.177652611214
0.177652611214
0.177652611214
0.177652611214
0.177652611214
0.177652611214
0.177652611214
0.177652611214
0.177652611214
0.177652611214
0.177652611214
0.177652611214
0.177652611214
0.177652611214
0.177652611214
0.177652611214
0.177652611214
0.177652611214
0.177652611214
0.177652611214
0.177652611214
0.177652611214
0.177652611214
0.177652611214
0.177652611214
0.177652611214
0.177652611214
0.177652611214
0.177652611214
0.177652611214
0.177652611214
0.177652611214
0.177652611214
0.177652611214
0.177652611214
0.177652611214
0.177652611214
0.177652611214
0.177652611214
0.177652611214
0.177652611214
0.177652611214
0.177652611214
0.177652611214
0.177652611214
0.177652611214
0.177652611214
0.177652611214
0.177652611214
0.177652611214
0.177652611214
0.177652611214
0.177652611214
0.177652611214
0.177652611214
0.177125010572
0.177125010572
0.177125010572
0.177125010572
0.177125010572
0.177125010572
0.177125010572
0.177125010572
0.177125010572
0.177125010572
0.177125010572
0.177125010572
0.177125010572
0.177125010572
0.177125010572
0.177125010572
0.177125010572
0.177125010572
0.177125010572
0.177125010572
0.177125010572
0.177125010572
0.177125010572
0.177125010572
0.177125010572
0.177125010572
0.177125010572
0.177125010572
0.177125010572
0.177125010572
0.177125010572
0.177125010572
0.177125010572
0.177125010572
0.177125010572
0.177125010572
0.177125010572
0.177125010572
0.177125010572
0.177125010572
0.170880881939
0.170880881939
0.170880881939
0.170880881939
0.170880881939
0.170880881939
0.170880881939
0.170880881939
0.170880881939
0.170880881939
0.170880881939
0.170880881939
0.170880881939
0.170880881939
0.170880881939
0.170880881939
0.170880881939
0.170880881939
0.170880881939
0.170880881939
0.170880881939
0.170880881939
0.170880881939
0.170880881939
0.170880881939
0.170880881939
0.170880881939
0.170880881939
0.170880881939
0.170880881939
0.170880881939
0.170880881939
0.170880881939
0.170880881939
0.170880881939
0.170880881939
0.170880881939
0.170880881939
0.170880881939
0.170880881939
0.170880881939
0.170880881939
0.170880881939
0.170880881939
0.170880881939
0.170880881939
0.170880881939
0.170880881939
0.170880881939
0.170880881939
0.170880881939
0.170880881939
0.170880881939
0.170880881939
0.170880881939
0.170880881939
0.170880881939
0.170880881939
0.170880881939
0.170880881939
0.170880881939
0.170880881939
0.170880881939
0.170880881939
0.170880881939
0.170880881939
0.170880881939
0.170880881939
0.170880881939
0.170880881939
0.170880881939
0.170880881939
0.170880881939
0.170880881939
0.170880881939
0.170880881939
0.170880881939
0.170880881939
0.170880881939
0.170880881939
0.170880881939
0.170880881939
0.170880881939
0.170880881939
0.170880881939
0.170880881939
0.170880881939
0.170880881939
0.170880881939
0.170880881939
0.170880881939
0.170880881939
0.170880881939
0.170880881939
0.170880881939
0.170880881939
0.170880881939
0.170880881939
0.170880881939
0.170880881939
0.170880881939
0.170880881939
0.170880881939
0.170880881939
0.170880881939
0.170880881939
0.170880881939
0.170880881939
0.170880881939
0.170880881939
0.170880881939
0.170880881939
0.170880881939
0.170880881939
0.170880881939
0.170880881939
0.170880881939
0.170880881939
0.170880881939
0.170880881939
0.170880881939
0.170880881939
0.170880881939
0.170880881939
0.170880881939
0.170880881939
0.170880881939
0.170880881939
0.170880881939
0.170880881939
0.170880881939
0.170880881939
0.170880881939
0.170880881939
0.170880881939
0.170880881939
0.170880881939
0.170880881939
0.170880881939
0.170880881939
0.170880881939
0.170880881939
0.170880881939
0.170880881939
0.170880881939
0.170880881939
0.170880881939
0.170880881939
0.170880881939
0.170880881939
0.170880881939
0.170880881939
0.170880881939
0.170880881939
0.170880881939
0.170880881939
0.170880881939
0.170880881939
0.170880881939
0.170880881939
0.170880881939
0.170880881939
0.170880881939
0.170880881939
0.170880881939
0.170880881939
0.170880881939
0.170880881939
0.170880881939
0.170880881939
0.170880881939
0.170880881939
0.170880881939
0.170880881939
0.170880881939
0.170880881939
0.170880881939
0.170880881939
0.170880881939
0.170880881939
0.170880881939
0.170880881939
0.170880881939
0.170880881939
0.170880881939
0.170880881939
0.170880881939
0.170880881939
0.170880881939
0.170880881939
0.170880881939
0.170880881939
0.170880881939
0.170880881939
0.170880881939
0.170880881939
0.170880881939
0.170880881939
0.170880881939
0.170880881939
0.170880881939
0.170880881939
0.170880881939
0.170880881939
0.170880881939
0.170880881939
0.170880881939
0.170880881939
0.170880881939
0.170880881939
0.170880881939
0.170880881939
