0.233931554806
0.184820760571
0.183754576092
0.179917125095
0.179917125095
0.179917125095
0.179917125095
0.179917125095
0.179917125095
0.179917125095
0.179917125095
0.179917125095
0.179917125095
0.179917125095
0.179917125095
0.179917125095
0.179917125095
0.179917125095
0.179917125095
0.179917125095
0.179917125095
0.179917125095
0.179917125095
0.179917125095
0.179917125095
0.179917125095
0.179917125095
0.178428255642
0.178428255642
0.178428255642
0.178428255642
0.178428255642
0.178428255642
0.178428255642
0.178428255642
0.178428255642
0.178428255642
0.178428255642
0.178428255642
0.178428255642
0.178428255642
0.178428255642
0.178428255642
0.178428255642
0.178428255642
0.178428255642
0.178428255642
0.178428255642
0.178428255642
0.178428255642
0.177425994175
0.177425994175
0.177425994175
0.177425994175
0.177425994175
0.177425994175
0.177425994175
0.177425994175
0.177425994175
0.177425994175
0.177425994175
0.177425994175
0.177425994175
0.177425994175
0.177425994175
0.177425994175
0.177425994175
0.177425994175
0.177425994175
0.177425994175
0.177425994175
0.177425994175
0.177425994175
0.177425994175
0.177425994175
0.177425994175
0.177425994175
0.177425994175
0.177425994175
0.177425994175
0.177425994175
0.177425994175
0.177425994175
0.177425994175
0.177425994175
0.177425994175
0.177425994175
0.177425994175
0.177425994175
0.177425994175
0.177425994175
0.177425994175
0.177425994175
0.177425994175
0.177425994175
0.177425994175
0.177425994175
0.177425994175
0.177425994175
0.177425994175
0.177425994175
0.177425994175
0.177425994175
0.177425994175
0.177425994175
0.177425994175
0.177425994175
0.177425994175
0.177425994175
0.177425994175
0.177425994175
0.177425994175
0.177425994175
0.177425994175
0.177425994175
0.177425994175
0.177425994175
0.177425994175
0.177425994175
0.177425994175
0.177425994175
0.177425994175
0.177425994175
0.177425994175
0.17718401372
0.17718401372
0.17718401372
0.17718401372
0.17718401372
0.17718401372
0.17718401372
0.17718401372
0.17718401372
0.17718401372
0.17718401372
0.17718401372
0.17718401372
0.17718401372
0.17718401372
0.17718401372
0.17718401372
0.17718401372
0.17718401372
0.17718401372
0.17718401372
0.17718401372
0.17718401372
0.17718401372
0.17718401372
0.17718401372
0.17718401372
0.17718401372
0.17718401372
0.17718401372
0.17718401372
0.17718401372
0.17718401372
0.17718401372
0.17718401372
0.17718401372
0.17718401372
0.17718401372
0.17718401372
0.17718401372
0.17718401372
0.17718401372
0.17718401372
0.176046773156
0.176046773156
0.176046773156
0.176046773156
0.176046773156
0.176046773156
0.176046773156
0.176046773156
0.176046773156
0.176046773156
0.176046773156
0.176046773156
0.176046773156
0.176046773156
0.176046773156
0.176046773156
0.176046773156
0.176046773156
0.176046773156
0.176046773156
0.176046773156
0.176046773156
0.176046773156
0.176046773156
0.176046773156
0.176046773156
0.176046773156
0.176046773156
0.176046773156
0.176046773156
0.176046773156
0.176046773156
0.176046773156
0.176046773156
0.176021570996
0.176021570996
0.176021570996
0.176021570996
0.176021570996
0.176021570996
0.176021570996
0.176021570996
0.176021570996
0.176021570996
0.176021570996
0.176021570996
0.176021570996
0.176021570996
0.176021570996
0.176021570996
0.176021570996
0.176021570996
0.176021570996
0.176021570996
0.176021570996
0.176021570996
0.176021570996
0.176021570996
0.176021570996
0.176021570996
0.176021570996
0.176021570996
0.176021570996
0.176021570996
0.176021570996
0.176021570996
0.176021570996
0.176021570996
0.176021570996
0.176021570996
0.176021570996
0.176021570996
0.176021570996
0.176021570996
0.176021570996
0.176021570996
0.176021570996
0.176021570996
0.176021570996
0.176021570996
0.176021570996
0.176021570996
0.176021570996
0.176021570996
0.176021570996
0.176021570996
0.176021570996
0.176021570996
0.176021570996
0.176021570996
0.176021570996
0.176021570996
0.176021570996
0.176021570996
0.176021570996
0.176021570996
0.176021570996
0.176021570996
0.176021570996
0.176021570996
0.176021570996
0.176021570996
0.176021570996
0.176021570996
0.176021570996
0.176021570996
0.176021570996
0.176021570996
0.176021570996
0.176021570996
0.176021570996
0.176021570996
0.176021570996
0.176021570996
0.176021570996
0.176021570996
0.176021570996
0.176021570996
0.176021570996
0.176021570996
0.176021570996
0.176021570996
0.176021570996
0.176021570996
0.176021570996
0.176021570996
0.176021570996
0.176021570996
0.176021570996
0.176021570996
0.176021570996
0.176021570996
0.176021570996
0.176021570996
0.176021570996
0.176021570996
0.176021570996
0.176021570996
0.176021570996
0.176021570996
0.176021570996
0.176021570996
0.176021570996
0.176021570996
0.17149612692
0.17149612692
0.17149612692
0.17149612692
0.17149612692
0.17149612692
0.17149612692
0.17149612692
0.17149612692
0.17149612692
0.17149612692
0.17149612692
0.17149612692
0.17149612692
0.17149612692
0.17149612692
0.17149612692
0.17149612692
0.17149612692
0.17149612692
0.17149612692
0.17149612692
0.17149612692
0.17149612692
0.17149612692
0.17149612692
0.17149612692
0.17149612692
0.17149612692
0.17149612692
0.17149612692
0.17149612692
0.17149612692
0.17149612692
0.17149612692
0.17149612692
0.17149612692
0.17149612692
0.17149612692
0.17149612692
0.17149612692
0.17149612692
0.17149612692
0.17149612692
0.17149612692
0.17149612692
0.17149612692
0.17149612692
0.17149612692
0.17149612692
0.17149612692
0.17149612692
0.17149612692
0.17149612692
0.17149612692
0.17149612692
0.17149612692
0.17149612692
0.17149612692
0.17149612692
0.17149612692
0.17149612692
0.17149612692
0.17149612692
0.17149612692
0.17149612692
0.17149612692
0.17149612692
0.17149612692
0.17149612692
0.17149612692
0.17149612692
0.17149612692
0.17149612692
0.17149612692
0.17149612692
0.17149612692
0.17149612692
0.17149612692
0.17149612692
0.17149612692
0.17149612692
0.17149612692
0.17149612692
0.17149612692
0.17149612692
0.17149612692
0.17149612692
0.17149612692
