0.262482499608
0.182222456384
0.182222456384
0.182222456384
0.1812960352
0.1812960352
0.1812960352
0.1812960352
0.1812960352
0.1812960352
0.1812960352
0.1812960352
0.1812960352
0.18081292461
0.18081292461
0.18081292461
0.18081292461
0.18081292461
0.18081292461
0.18081292461
0.18081292461
0.18081292461
0.18081292461
0.18081292461
0.18081292461
0.18081292461
0.18081292461
0.18081292461
0.18081292461
0.18081292461
0.18081292461
0.18081292461
0.18081292461
0.18081292461
0.18081292461
0.18081292461
0.18081292461
0.18081292461
0.18081292461
0.18081292461
0.18081292461
0.18081292461
0.18081292461
0.18081292461
0.18081292461
0.18081292461
0.18081292461
0.18081292461
0.18081292461
0.180678854801
0.180678854801
0.180678854801
0.180678854801
0.180678854801
0.180678854801
0.180678854801
0.180678854801
0.180678854801
0.180678854801
0.180678854801
0.180678854801
0.180678854801
0.180678854801
0.177760412391
0.177760412391
0.177760412391
0.177760412391
0.177760412391
0.177760412391
0.177760412391
0.177760412391
0.177760412391
0.177760412391
0.177760412391
0.177760412391
0.177760412391
0.177760412391
0.177760412391
0.177760412391
0.177760412391
0.177760412391
0.177760412391
0.177760412391
0.177760412391
0.177760412391
0.177760412391
0.177760412391
0.177760412391
0.177760412391
0.177760412391
0.177760412391
0.177760412391
0.177760412391
0.177760412391
0.177760412391
0.177760412391
0.177760412391
0.177760412391
0.177760412391
0.177760412391
0.177760412391
0.177760412391
0.177760412391
0.177760412391
0.177760412391
0.177760412391
0.177760412391
0.177760412391
0.177760412391
0.177760412391
0.177760412391
0.177760412391
0.177760412391
0.177760412391
0.177760412391
0.177760412391
0.177760412391
0.177760412391
0.175719777923
0.175719777923
0.175719777923
0.175719777923
0.175719777923
0.175719777923
0.175719777923
0.175719777923
0.175719777923
0.175719777923
0.175719777923
0.175719777923
0.175719777923
0.175719777923
0.175719777923
0.175719777923
0.175719777923
0.175719777923
0.175719777923
0.175719777923
0.175719777923
0.175719777923
0.175719777923
0.175719777923
0.175719777923
0.175719777923
0.175719777923
0.175719777923
0.175719777923
0.175719777923
0.175719777923
0.175719777923
0.175719777923
0.175719777923
0.175719777923
0.175719777923
0.175719777923
0.175719777923
0.175719777923
0.175719777923
0.175719777923
0.175719777923
0.175719777923
0.175719777923
0.175719777923
0.175719777923
0.175719777923
0.175719777923
0.175719777923
0.175719777923
0.175719777923
0.175719777923
0.175719777923
0.175719777923
0.175719777923
0.175719777923
0.175719777923
0.175719777923
0.175719777923
0.175719777923
0.175719777923
0.175719777923
0.175719777923
0.175719777923
0.175719777923
0.175719777923
0.175719777923
0.175719777923
0.175719777923
0.175719777923
0.175719777923
0.175719777923
0.175719777923
0.175719777923
0.175719777923
0.175719777923
0.175719777923
0.175719777923
0.175719777923
0.175719777923
0.175719777923
0.175719777923
0.175719777923
0.175719777923
0.175719777923
0.175719777923
0.175719777923
0.175719777923
0.175719777923
0.175719777923
0.175719777923
0.175719777923
0.175719777923
0.175719777923
0.175719777923
0.175719777923
0.175719777923
0.175719777923
0.175719777923
0.175719777923
0.175719777923
0.175719777923
0.175719777923
0.175719777923
0.175719777923
0.175719777923
0.175719777923
0.175719777923
0.175719777923
0.175719777923
0.175719777923
0.175719777923
0.175719777923
0.175719777923
0.175719777923
0.175719777923
0.175719777923
0.175719777923
0.175719777923
0.175719777923
0.175719777923
0.175719777923
0.175719777923
0.175719777923
0.175719777923
0.175719777923
0.175719777923
0.175719777923
0.175719777923
0.175719777923
0.175719777923
0.175719777923
0.175719777923
0.175719777923
0.175719777923
0.175719777923
0.175719777923
0.175719777923
0.175719777923
0.175719777923
0.175719777923
0.175719777923
0.175719777923
0.175719777923
0.175719777923
0.175719777923
0.175719777923
0.175719777923
0.175719777923
0.175719777923
0.175719777923
0.175719777923
0.175719777923
0.175719777923
0.175719777923
0.175719777923
0.175719777923
0.175719777923
0.175719777923
0.175719777923
0.175719777923
0.175719777923
0.175719777923
0.175719777923
0.175719777923
0.175719777923
0.175719777923
0.175719777923
0.175719777923
0.175719777923
0.175719777923
0.175719777923
0.175719777923
0.175719777923
0.175719777923
0.175719777923
0.175719777923
0.175719777923
0.175719777923
0.175719777923
0.175719777923
0.175719777923
0.175719777923
0.175719777923
0.175719777923
0.175719777923
0.175719777923
0.174573288744
0.174573288744
0.174573288744
0.174573288744
0.174573288744
0.174573288744
0.174573288744
0.174573288744
0.174573288744
0.174573288744
0.174573288744
0.174573288744
0.174573288744
0.174573288744
0.174573288744
0.174573288744
0.174573288744
0.174573288744
0.174573288744
0.174573288744
0.174573288744
0.174573288744
0.174573288744
0.174573288744
0.174573288744
0.174573288744
0.174573288744
0.174573288744
0.174573288744
0.174573288744
0.174573288744
0.174573288744
0.174573288744
0.174573288744
0.174573288744
0.174573288744
0.174573288744
0.174573288744
0.174573288744
0.174573288744
0.174573288744
0.174573288744
0.174573288744
0.174573288744
0.174573288744
0.174573288744
0.174573288744
0.174573288744
0.174573288744
0.174573288744
0.174573288744
0.174573288744
0.174573288744
0.174573288744
0.174573288744
0.174573288744
0.174573288744
0.174573288744
0.174573288744
0.174573288744
0.174573288744
0.174573288744
0.174573288744
0.174573288744
0.174573288744
0.174573288744
0.174573288744
0.174573288744
0.174573288744
0.174573288744
0.174573288744
0.174573288744
0.174573288744
0.174573288744
0.174573288744
0.174573288744
0.174573288744
0.174573288744
0.174573288744
0.174573288744
0.174573288744
0.174573288744
0.174573288744
0.174573288744
0.174573288744
0.174573288744
0.174573288744
0.174573288744
0.174573288744
0.174573288744
0.174573288744
0.174573288744
0.174573288744
0.174573288744
0.174573288744
