0.23010671733
0.188296082911
0.188296082911
0.188296082911
0.188296082911
0.188296082911
0.188296082911
0.186704174947
0.186704174947
0.186704174947
0.186704174947
0.186704174947
0.186704174947
0.186704174947
0.186704174947
0.186704174947
0.186704174947
0.185885111663
0.185885111663
0.185885111663
0.183628063099
0.183628063099
0.183628063099
0.183628063099
0.183628063099
0.183628063099
0.183628063099
0.176446410528
0.176446410528
0.176446410528
0.176446410528
0.176446410528
0.176446410528
0.176446410528
0.176446410528
0.176446410528
0.176446410528
0.176446410528
0.176446410528
0.176446410528
0.176446410528
0.176446410528
0.176446410528
0.176446410528
0.176446410528
0.176446410528
0.176446410528
0.176446410528
0.176446410528
0.176446410528
0.176446410528
0.176446410528
0.176446410528
0.176446410528
0.176446410528
0.176446410528
0.176446410528
0.176446410528
0.176446410528
0.176446410528
0.176446410528
0.176446410528
0.176446410528
0.176446410528
0.176446410528
0.176446410528
0.176446410528
0.176446410528
0.176446410528
0.176446410528
0.176446410528
0.176446410528
0.176446410528
0.176446410528
0.176446410528
0.176446410528
0.176446410528
0.176446410528
0.176446410528
0.176446410528
0.176446410528
0.176446410528
0.176446410528
0.176446410528
0.176446410528
0.176446410528
0.176446410528
0.176446410528
0.176446410528
0.176446410528
0.176446410528
0.176446410528
0.176446410528
0.176446410528
0.176446410528
0.176446410528
0.176446410528
0.176446410528
0.176446410528
0.176446410528
0.176446410528
0.176446410528
0.176446410528
0.176446410528
0.176446410528
0.176446410528
0.176446410528
0.176446410528
0.176446410528
0.176446410528
0.176446410528
0.176446410528
0.176446410528
0.176446410528
0.176446410528
0.176446410528
0.176446410528
0.176446410528
0.176446410528
0.176446410528
0.176446410528
0.176446410528
0.176446410528
0.176446410528
0.176446410528
0.176446410528
0.176446410528
0.176446410528
0.176446410528
0.176446410528
0.176446410528
0.176446410528
0.176446410528
0.176446410528
0.176446410528
0.176446410528
0.176446410528
0.176446410528
0.176446410528
0.176446410528
0.176446410528
0.176446410528
0.176446410528
0.176446410528
0.176446410528
0.176446410528
0.176446410528
0.176446410528
0.176446410528
0.176446410528
0.176446410528
0.176446410528
0.176446410528
0.176446410528
0.176446410528
0.176446410528
0.176446410528
0.176446410528
0.176446410528
0.176446410528
0.176446410528
0.176446410528
0.176446410528
0.176446410528
0.176446410528
0.176446410528
0.176446410528
0.176446410528
0.176446410528
0.176446410528
0.176446410528
0.176446410528
0.176446410528
0.176446410528
0.176446410528
0.176446410528
0.176446410528
0.176446410528
0.176446410528
0.176446410528
0.176446410528
0.176446410528
0.176446410528
0.176446410528
0.176446410528
0.176446410528
0.176446410528
0.176446410528
0.176446410528
0.176446410528
0.176446410528
0.176446410528
0.176446410528
0.176446410528
0.176446410528
0.176446410528
0.176446410528
0.176446410528
0.176446410528
0.176446410528
0.176446410528
0.176446410528
0.176446410528
0.176446410528
0.176446410528
0.176446410528
0.176446410528
0.176446410528
0.176446410528
0.176446410528
0.176446410528
0.176446410528
0.176446410528
0.176446410528
0.176446410528
0.176446410528
0.176446410528
0.176446410528
0.176446410528
0.176446410528
0.176446410528
0.176446410528
0.176446410528
0.176446410528
0.176446410528
0.176446410528
0.176446410528
0.176446410528
0.176446410528
0.176446410528
0.176446410528
0.176446410528
0.176446410528
0.176446410528
0.176446410528
0.176446410528
0.176446410528
0.176446410528
0.176446410528
0.176446410528
0.176446410528
0.176446410528
0.176446410528
0.176446410528
0.176446410528
0.176446410528
0.176446410528
0.176446410528
0.176446410528
0.176446410528
0.176446410528
0.176446410528
0.176446410528
0.176446410528
0.176446410528
0.176446410528
0.176446410528
0.176446410528
0.176446410528
0.176446410528
0.176446410528
0.176446410528
0.176446410528
0.176446410528
0.176446410528
0.176446410528
0.176446410528
0.176446410528
0.176446410528
0.176446410528
0.176446410528
0.176446410528
0.176446410528
0.176446410528
0.176446410528
0.176446410528
0.176446410528
0.176446410528
0.176446410528
0.176446410528
0.176446410528
0.176446410528
0.176446410528
0.176446410528
0.176446410528
0.176446410528
0.176446410528
0.176446410528
0.176446410528
0.176446410528
0.176446410528
0.176446410528
0.176446410528
0.176446410528
0.176446410528
0.176446410528
0.176446410528
0.176446410528
0.176446410528
0.176446410528
