0.234426861556
0.193624005484
0.179977527206
0.179977527206
0.179977527206
0.179977527206
0.179977527206
0.179977527206
0.179977527206
0.179977527206
0.179977527206
0.179380079368
0.179380079368
0.179380079368
0.179380079368
0.179380079368
0.179380079368
0.179380079368
0.1779380506
0.1779380506
0.1779380506
0.1779380506
0.1779380506
0.1779380506
0.1779380506
0.1779380506
0.1779380506
0.1779380506
0.1779380506
0.1779380506
0.1779380506
0.1779380506
0.1779380506
0.1779380506
0.1779380506
0.1779380506
0.176886626088
0.176886626088
0.176886626088
0.176886626088
0.176886626088
0.176886626088
0.176886626088
0.176886626088
0.176886626088
0.176886626088
0.176886626088
0.176886626088
0.176886626088
0.176886626088
0.176886626088
0.176886626088
0.176886626088
0.176886626088
0.176886626088
0.176886626088
0.176886626088
0.176886626088
0.176886626088
0.176886626088
0.176886626088
0.176886626088
0.176886626088
0.176886626088
0.176886626088
0.176886626088
0.176886626088
0.176886626088
0.176886626088
0.176886626088
0.176886626088
0.176886626088
0.176886626088
0.176886626088
0.176886626088
0.176886626088
0.176886626088
0.176886626088
0.176886626088
0.176886626088
0.176886626088
0.176886626088
0.176886626088
0.176886626088
0.176886626088
0.176886626088
0.176886626088
0.176886626088
0.176886626088
0.176886626088
0.176886626088
0.176886626088
0.176886626088
0.176886626088
0.176886626088
0.176886626088
0.176886626088
0.176886626088
0.176886626088
0.176886626088
0.176886626088
0.176405307098
0.176405307098
0.176405307098
0.176405307098
0.176405307098
0.176405307098
0.176405307098
0.176405307098
0.176405307098
0.176405307098
0.176405307098
0.176405307098
0.176405307098
0.176405307098
0.176405307098
0.176405307098
0.176405307098
0.176405307098
0.176405307098
0.176405307098
0.176405307098
0.176405307098
0.176405307098
0.176405307098
0.176405307098
0.176405307098
0.176405307098
0.176405307098
0.176405307098
0.176405307098
0.176405307098
0.176405307098
0.176405307098
0.176405307098
0.176405307098
0.176405307098
0.176405307098
0.176405307098
0.176405307098
0.176405307098
0.176405307098
0.176405307098
0.176405307098
0.176405307098
0.176405307098
0.176405307098
0.176405307098
0.176405307098
0.176405307098
0.176405307098
0.176405307098
0.176405307098
0.176405307098
0.176405307098
0.176405307098
0.176405307098
0.176405307098
0.176405307098
0.176405307098
0.176405307098
0.176405307098
0.176405307098
0.176405307098
0.176405307098
0.176405307098
0.176405307098
0.176405307098
0.176405307098
0.176405307098
0.176405307098
0.176405307098
0.176405307098
0.176405307098
0.176405307098
0.176405307098
0.176405307098
0.176405307098
0.176405307098
0.176405307098
0.176405307098
0.176405307098
0.176405307098
0.176405307098
0.176405307098
0.176405307098
0.176405307098
0.176405307098
0.176405307098
0.176405307098
0.176405307098
0.176405307098
0.176405307098
0.176405307098
0.176405307098
0.176405307098
0.176405307098
0.176405307098
0.176405307098
0.176405307098
0.176405307098
0.176405307098
0.176405307098
0.176405307098
0.176405307098
0.176405307098
0.176405307098
0.176405307098
0.176405307098
0.176405307098
0.176405307098
0.176405307098
0.176405307098
0.176405307098
0.176405307098
0.176405307098
0.176405307098
0.176405307098
0.176405307098
0.176405307098
0.176405307098
0.176405307098
0.176405307098
0.176405307098
0.176405307098
0.176405307098
0.176405307098
0.176405307098
0.176405307098
0.176405307098
0.176405307098
0.176405307098
0.176405307098
0.176405307098
0.176405307098
0.176405307098
0.176405307098
0.176405307098
0.176405307098
0.176405307098
0.176405307098
0.176405307098
0.176405307098
0.176405307098
0.176405307098
0.176405307098
0.176405307098
0.176405307098
0.176405307098
0.176405307098
0.176405307098
0.176405307098
0.176405307098
0.176405307098
0.176405307098
0.176405307098
0.176405307098
0.176405307098
0.176405307098
0.176405307098
0.176405307098
0.176405307098
0.176405307098
0.176405307098
0.176405307098
0.176405307098
0.176405307098
0.176405307098
0.176405307098
0.176405307098
0.176405307098
0.176405307098
0.176405307098
0.176405307098
0.176405307098
0.176405307098
0.176405307098
0.176405307098
0.176405307098
0.176405307098
0.176405307098
0.176405307098
0.176405307098
0.176405307098
0.176405307098
0.176405307098
0.176405307098
0.176405307098
0.176405307098
0.176405307098
0.176405307098
0.176405307098
0.176405307098
0.176405307098
0.176405307098
0.176405307098
0.176405307098
0.176405307098
0.176405307098
0.176405307098
0.176405307098
0.176405307098
0.176405307098
0.176405307098
0.176405307098
0.176405307098
0.176405307098
0.176405307098
0.176405307098
0.176405307098
0.176405307098
0.176405307098
0.176405307098
0.176405307098
0.176405307098
0.176405307098
0.176405307098
0.176405307098
0.176405307098
0.176405307098
0.176405307098
0.176405307098
0.176405307098
0.176405307098
0.176405307098
0.176405307098
0.176405307098
0.176405307098
0.176405307098
0.176405307098
0.176405307098
0.176405307098
0.1761258574
0.1761258574
0.1761258574
0.1761258574
0.1761258574
0.1761258574
0.1761258574
0.1761258574
0.1761258574
0.1761258574
0.1761258574
0.1761258574
0.1761258574
0.1761258574
0.1761258574
0.1761258574
0.1761258574
0.1761258574
0.1761258574
0.1761258574
0.1761258574
0.1761258574
0.1761258574
0.1761258574
0.1761258574
0.1761258574
0.1761258574
0.1761258574
0.1761258574
0.1761258574
0.1761258574
0.1761258574
0.1761258574
0.1761258574
0.1761258574
0.1761258574
0.1761258574
0.1761258574
0.1761258574
0.1761258574
0.1761258574
0.1761258574
0.1761258574
0.1761258574
0.1761258574
0.1761258574
0.1761258574
0.1761258574
0.1761258574
0.1761258574
0.1761258574
0.1761258574
0.1761258574
0.1761258574
0.1761258574
0.1761258574
0.1761258574
0.1761258574
0.1761258574
0.1761258574
0.1761258574
0.1761258574
0.1761258574
0.1761258574
0.1761258574
0.1761258574
0.1761258574
0.1761258574
