0.238247137485
0.18730807453
0.186486174757
0.186486174757
0.186486174757
0.186486174757
0.18614188228
0.182382491578
0.182382491578
0.182382491578
0.182382491578
0.182382491578
0.182382491578
0.182382491578
0.182382491578
0.182382491578
0.182382491578
0.182382491578
0.182382491578
0.182382491578
0.182382491578
0.182382491578
0.182382491578
0.182382491578
0.182382491578
0.182382491578
0.182382491578
0.182382491578
0.182382491578
0.182382491578
0.182278353594
0.182278353594
0.182278353594
0.182278353594
0.182278353594
0.182278353594
0.182278353594
0.182278353594
0.182278353594
0.182278353594
0.182278353594
0.182278353594
0.182278353594
0.182278353594
0.182278353594
0.182278353594
0.178656257859
0.178656257859
0.178656257859
0.178656257859
0.178656257859
0.178656257859
0.178656257859
0.178656257859
0.178656257859
0.178656257859
0.178656257859
0.178656257859
0.178656257859
0.178656257859
0.178656257859
0.178656257859
0.178656257859
0.178656257859
0.178656257859
0.178656257859
0.178656257859
0.178656257859
0.178656257859
0.178656257859
0.178656257859
0.178656257859
0.178656257859
0.178656257859
0.178656257859
0.178656257859
0.178656257859
0.178656257859
0.178656257859
0.178656257859
0.178656257859
0.178656257859
0.178656257859
0.178656257859
0.178656257859
0.178656257859
0.178656257859
0.178656257859
0.178656257859
0.178656257859
0.178656257859
0.178656257859
0.178656257859
0.178656257859
0.178656257859
0.178656257859
0.178656257859
0.178656257859
0.178656257859
0.178656257859
0.178656257859
0.178656257859
0.178656257859
0.178656257859
0.178656257859
0.178656257859
0.178656257859
0.178656257859
0.178656257859
0.178656257859
0.178656257859
0.178656257859
0.178656257859
0.178656257859
0.178656257859
0.178656257859
0.178656257859
0.178656257859
0.178656257859
0.178656257859
0.178656257859
0.178656257859
0.178656257859
0.178656257859
0.178656257859
0.178656257859
0.178656257859
0.178656257859
0.178656257859
0.178656257859
0.178656257859
0.178656257859
0.178656257859
0.178656257859
0.178656257859
0.178656257859
0.178656257859
0.178656257859
0.178656257859
0.178656257859
0.178656257859
0.178656257859
0.178656257859
0.178656257859
0.178656257859
0.178656257859
0.178656257859
0.178656257859
0.178656257859
0.178656257859
0.178656257859
0.178656257859
0.178656257859
0.178656257859
0.178656257859
0.178656257859
0.178656257859
0.178156519327
0.178156519327
0.178156519327
0.178156519327
0.178156519327
0.178156519327
0.178156519327
0.178156519327
0.178156519327
0.178156519327
0.178156519327
0.178156519327
0.178156519327
0.178156519327
0.178156519327
0.178156519327
0.178156519327
0.178156519327
0.178156519327
0.178156519327
0.178156519327
0.178156519327
0.178156519327
0.178156519327
0.178156519327
0.178156519327
0.178156519327
0.178156519327
0.178156519327
0.178156519327
0.178156519327
0.178156519327
0.178156519327
0.178156519327
0.178156519327
0.178156519327
0.178156519327
0.178156519327
0.178156519327
0.178156519327
0.178156519327
0.178156519327
0.178156519327
0.178156519327
0.178156519327
0.178156519327
0.178156519327
0.178156519327
0.178156519327
0.178156519327
0.178156519327
0.178156519327
0.178156519327
0.178156519327
0.178156519327
0.178156519327
0.178156519327
0.178156519327
0.178156519327
0.178156519327
0.178156519327
0.178156519327
0.178156519327
0.178156519327
0.178156519327
0.178156519327
0.178156519327
0.178156519327
0.178156519327
0.178156519327
0.178156519327
0.178156519327
0.178156519327
0.178156519327
0.178156519327
0.178156519327
0.178156519327
0.178156519327
0.178156519327
0.178156519327
0.178156519327
0.178156519327
0.178156519327
0.178156519327
0.178156519327
0.178156519327
0.178156519327
0.178156519327
0.178156519327
0.178156519327
0.178156519327
0.178156519327
0.178156519327
0.178156519327
0.178156519327
0.178156519327
0.178156519327
0.178156519327
0.178156519327
0.178156519327
0.178156519327
0.178156519327
0.178156519327
0.178156519327
0.178156519327
0.178156519327
0.178156519327
0.178156519327
0.178156519327
0.178156519327
0.178156519327
0.178156519327
0.178156519327
0.178156519327
0.178156519327
0.178156519327
0.178156519327
0.178156519327
0.178156519327
0.178156519327
0.178156519327
0.178156519327
0.178156519327
0.178156519327
0.178156519327
0.178156519327
0.178156519327
0.178156519327
0.178156519327
0.178156519327
0.178156519327
0.178156519327
0.178156519327
0.178156519327
0.178156519327
0.178156519327
0.178156519327
0.178156519327
0.178156519327
0.178156519327
0.178156519327
0.178156519327
0.178156519327
