0.261215886233
0.187061328401
0.184303242139
0.181447840648
0.181447840648
0.181447840648
0.181447840648
0.181447840648
0.181447840648
0.181447840648
0.181447840648
0.181447840648
0.181447840648
0.181447840648
0.181447840648
0.181447840648
0.181447840648
0.181447840648
0.181447840648
0.181447840648
0.181447840648
0.181447840648
0.181447840648
0.181447840648
0.181447840648
0.181447840648
0.181447840648
0.177743310234
0.177743310234
0.177743310234
0.177743310234
0.177743310234
0.177743310234
0.177743310234
0.177743310234
0.177743310234
0.177743310234
0.177743310234
0.177743310234
0.177743310234
0.177743310234
0.177743310234
0.177743310234
0.177743310234
0.177743310234
0.177743310234
0.177743310234
0.177743310234
0.177743310234
0.177743310234
0.177743310234
0.177743310234
0.177743310234
0.177743310234
0.177743310234
0.177743310234
0.177743310234
0.177743310234
0.177743310234
0.177743310234
0.177743310234
0.177743310234
0.177743310234
0.177743310234
0.177743310234
0.177743310234
0.177743310234
0.177743310234
0.177743310234
0.177743310234
0.177743310234
0.177743310234
0.177743310234
0.177743310234
0.177743310234
0.177743310234
0.177743310234
0.177743310234
0.177743310234
0.177743310234
0.177743310234
0.177743310234
0.177743310234
0.177743310234
0.177743310234
0.177743310234
0.177743310234
0.177743310234
0.177743310234
0.177743310234
0.177743310234
0.177743310234
0.177743310234
0.177743310234
0.177743310234
0.177743310234
0.177743310234
0.177743310234
0.177743310234
0.177743310234
0.177743310234
0.177743310234
0.177743310234
0.177743310234
0.177743310234
0.177743310234
0.177743310234
0.177743310234
0.177743310234
0.177743310234
0.177743310234
0.177743310234
0.177743310234
0.177743310234
0.177743310234
0.177743310234
0.177743310234
0.177743310234
0.177743310234
0.177743310234
0.177743310234
0.177743310234
0.177743310234
0.177743310234
0.177743310234
0.177743310234
0.177743310234
0.177743310234
0.177743310234
0.177743310234
0.177743310234
0.177743310234
0.177743310234
0.177743310234
0.173987715734
0.173987715734
0.173987715734
0.173987715734
0.173987715734
0.173987715734
0.173987715734
0.173987715734
0.173987715734
0.173987715734
0.173987715734
0.173987715734
0.173987715734
0.173987715734
0.173987715734
0.173987715734
0.173987715734
0.173987715734
0.173987715734
0.173987715734
0.173987715734
0.173987715734
0.173987715734
0.173987715734
0.173987715734
0.173987715734
0.173987715734
0.173987715734
0.173987715734
0.173987715734
0.173987715734
0.173987715734
0.173987715734
0.173987715734
0.173987715734
0.173987715734
0.173987715734
0.173987715734
0.173987715734
0.173987715734
0.173987715734
0.173987715734
0.173987715734
0.173987715734
0.173987715734
0.173987715734
0.173987715734
0.173987715734
0.173987715734
0.173987715734
0.173987715734
0.173987715734
0.173987715734
0.173987715734
0.173987715734
0.173987715734
0.173987715734
0.173987715734
0.173987715734
0.173987715734
0.173987715734
0.173987715734
0.173987715734
0.173987715734
0.173987715734
0.173987715734
0.173987715734
0.173987715734
0.173987715734
0.173987715734
0.173987715734
0.173987715734
0.173987715734
0.173987715734
0.173987715734
0.173987715734
0.173987715734
0.173987715734
0.173987715734
0.173987715734
0.173987715734
0.173987715734
0.173987715734
0.173987715734
0.173987715734
0.173987715734
0.173987715734
0.173987715734
0.173987715734
0.173987715734
0.173987715734
0.173987715734
0.173987715734
0.173987715734
0.173987715734
0.173987715734
0.173987715734
0.173987715734
0.173987715734
0.173987715734
0.173987715734
0.173987715734
0.173987715734
0.173987715734
0.173987715734
0.173987715734
0.173987715734
0.173987715734
0.173987715734
0.173987715734
0.173987715734
0.173987715734
0.173987715734
0.173987715734
0.173987715734
0.173987715734
0.173987715734
0.173987715734
0.173987715734
0.173987715734
0.173987715734
0.173987715734
0.173987715734
0.173987715734
0.173987715734
0.173987715734
0.173987715734
0.173987715734
0.173987715734
0.173987715734
0.173987715734
0.173987715734
0.173987715734
0.173987715734
0.173987715734
0.173987715734
0.173987715734
0.173987715734
0.173987715734
0.173987715734
0.173987715734
0.173987715734
0.173987715734
0.173987715734
0.173987715734
0.173987715734
0.173987715734
0.173987715734
0.173987715734
0.173987715734
0.173987715734
0.173987715734
0.173987715734
0.173987715734
0.173987715734
0.173987715734
0.173987715734
0.173987715734
0.173987715734
0.173987715734
0.173987715734
0.173987715734
0.173987715734
0.173987715734
0.173987715734
0.173987715734
