0.24038127803
0.18974202557
0.189668091588
0.189668091588
0.189668091588
0.189668091588
0.187173901747
0.180225883869
0.180225883869
0.180225883869
0.180225883869
0.180225883869
0.180225883869
0.180225883869
0.180225883869
0.179840835245
0.179840835245
0.179840835245
0.179840835245
0.179840835245
0.179840835245
0.179840835245
0.179840835245
0.179840835245
0.179840835245
0.179840835245
0.179840835245
0.179840835245
0.179840835245
0.179840835245
0.179840835245
0.179840835245
0.179840835245
0.179840835245
0.179840835245
0.179840835245
0.179840835245
0.179840835245
0.179840835245
0.179840835245
0.179840835245
0.179840835245
0.179840835245
0.179840835245
0.179840835245
0.179840835245
0.179840835245
0.179840835245
0.179840835245
0.179840835245
0.179840835245
0.179840835245
0.179840835245
0.179840835245
0.179840835245
0.179840835245
0.179840835245
0.179840835245
0.179840835245
0.179840835245
0.179840835245
0.179840835245
0.179840835245
0.179840835245
0.179840835245
0.179840835245
0.179840835245
0.179840835245
0.179840835245
0.179840835245
0.179840835245
0.177213207797
0.177213207797
0.177213207797
0.177213207797
0.177213207797
0.177213207797
0.177213207797
0.177213207797
0.177213207797
0.177213207797
0.177213207797
0.177213207797
0.177213207797
0.177213207797
0.177213207797
0.177213207797
0.177213207797
0.177213207797
0.177213207797
0.177213207797
0.177213207797
0.177213207797
0.177213207797
0.177213207797
0.177213207797
0.177213207797
0.177213207797
0.177213207797
0.177213207797
0.177213207797
0.177213207797
0.177213207797
0.177213207797
0.177213207797
0.177213207797
0.177213207797
0.177213207797
0.177213207797
0.177213207797
0.177213207797
0.177213207797
0.177213207797
0.177213207797
0.177213207797
0.177213207797
0.177213207797
0.177213207797
0.177213207797
0.177213207797
0.177213207797
0.177213207797
0.177213207797
0.177213207797
0.177213207797
0.177213207797
0.177213207797
0.177213207797
0.177213207797
0.177213207797
0.177213207797
0.177213207797
0.177213207797
0.177213207797
0.177213207797
0.177213207797
0.177213207797
0.177213207797
0.177213207797
0.177213207797
0.177213207797
0.177213207797
0.177213207797
0.177213207797
0.177213207797
0.177213207797
0.177213207797
0.177213207797
0.177213207797
0.177213207797
0.177213207797
0.177213207797
0.177213207797
0.177213207797
0.177213207797
0.177213207797
0.177213207797
0.177213207797
0.177213207797
0.177213207797
0.177213207797
0.177213207797
0.177213207797
0.177213207797
0.177213207797
0.177213207797
0.177213207797
0.177213207797
0.177213207797
0.177213207797
0.177213207797
0.177213207797
0.177213207797
0.177213207797
0.177213207797
0.177213207797
0.177213207797
0.177213207797
0.177213207797
0.177213207797
0.177213207797
0.177213207797
0.177213207797
0.177213207797
0.177213207797
0.177213207797
0.177213207797
0.177213207797
0.177213207797
0.177213207797
0.177213207797
0.177213207797
0.177213207797
0.177213207797
0.177213207797
0.177213207797
0.177213207797
0.177213207797
0.177213207797
0.177213207797
0.177213207797
0.177213207797
0.177213207797
0.177213207797
0.177213207797
0.177213207797
0.177213207797
0.177213207797
0.177213207797
0.177213207797
0.177213207797
0.177213207797
0.177213207797
0.177213207797
0.177213207797
0.177213207797
0.177213207797
0.177213207797
0.177213207797
0.177213207797
0.177213207797
0.177213207797
0.177213207797
0.177213207797
0.177213207797
0.177213207797
0.177213207797
0.177213207797
0.177213207797
0.177213207797
0.177213207797
0.177213207797
0.177213207797
0.177213207797
0.177213207797
0.177213207797
0.177213207797
0.177213207797
0.177213207797
0.177213207797
0.177213207797
0.177213207797
0.177213207797
0.177213207797
0.177213207797
0.177213207797
0.177213207797
0.177213207797
0.177213207797
0.177213207797
0.177213207797
0.177213207797
0.177213207797
0.177213207797
0.177213207797
0.177213207797
0.177213207797
0.177213207797
0.177213207797
0.177213207797
0.177213207797
0.177213207797
0.177213207797
0.177213207797
0.177213207797
0.177213207797
0.177213207797
0.177213207797
0.177213207797
0.177213207797
0.177213207797
0.177213207797
0.177213207797
0.177213207797
0.177213207797
0.177213207797
0.176143729281
0.176143729281
0.176143729281
0.176143729281
0.176143729281
0.176143729281
0.176143729281
0.176143729281
0.176143729281
0.176143729281
0.176143729281
0.176143729281
0.176143729281
0.176143729281
0.176143729281
0.176143729281
0.176143729281
0.176143729281
0.176143729281
0.176143729281
0.176143729281
0.176143729281
0.176143729281
0.176143729281
