-274630.554148
-312455.065035
-267566.600756
-319059.772495
-287056.444641
-290682.485777
-295423.350415
-284864.109196
-261300.719894
-216740.824124
-243813.560899
-298031.133172
-274195.922773
-279369.886238
-301266.729783
-317616.285739
-267906.482352
-314654.982585
-271804.413654
-302159.772937
-317531.905971
-358084.735004
-317468.63434
-337014.307151
-348888.392924
-321761.474855
-361525.28428
-330743.07932
-302020.759385
-330111.27568
-323059.884965
-345457.442426
-339631.702765
-350659.526555
-334721.522001
-331545.991249
-337797.16418
-340003.918315
-316803.073062
-353033.97445
-345909.080844
-361120.837593
-340703.606462
-324799.830164
-334914.187257
-357233.37665
-339875.405823
-358611.821035
-334734.289102
-306006.703618
-352760.203426
-356517.505387
-345180.923031
-355800.11238
-354161.150019
-363480.739395
-328389.202836
-342654.225323
-356150.760135
-335959.424998
-363518.666332
-366389.895775
-370339.835763
-348856.136096
-341538.260034
-371702.944364
-363651.58723
-352788.270494
-349899.820732
-355020.258489
-358316.116401
-359974.663187
-340398.326976
-359541.52525
-351769.394138
-354667.173982
-344576.393834
-348587.159974
-363411.542241
-341894.771522
-348623.659631
-342112.550087
-368106.608702
-348771.350362
-345787.445733
-367936.585331
-349381.689985
-367402.915043
-358852.178893
-358295.604416
-359471.815438
-360269.555562
-344535.485915
-354660.85369
-360094.671116
-368161.721829
-343445.21549
-364534.860858
-365828.82356
-353872.565971
-365030.899994
-358180.701768
-363188.9248
-344283.19276
-342693.275322
-344069.763536
-335635.147397
-368704.22574
-351369.335317
-359453.826633
-354896.722722
-351741.107999
-356606.546633
-357210.218565
-339103.240175
-357088.346835
-355664.096867
-363631.434125
-355451.514928
-367913.306562
-353794.134452
-358344.601335
-356424.136925
-375669.589055
-335553.362225
-379399.043003
-347832.8102
-356961.320184
-352568.664406
-355574.652291
-367548.953459
-350840.63343
-366960.702654
-348325.311887
-359957.86747
-361787.00027
-341035.339578
-375083.122493
-343272.552177
-362316.882481
-339060.145209
-372557.541198
-377888.420294
-363986.546356
-344043.039711
-354187.456913
-345134.117269
-346645.064575
-351779.326621
-350330.511805
-346860.002428
-359228.214553
-356997.976761
-359326.624167
-364706.445761
-359747.881541
-352900.302819
-354480.560239
-347336.472265
-360511.068821
-353523.854746
-352662.654264
-368717.603328
-364883.173997
-356456.556734
-347231.720809
-340599.227306
-363018.882496
-356421.461946
-350593.596857
-352775.529596
-368616.257239
-368092.130791
-354786.460932
-351485.635949
-367100.546406
-350482.487266
-355530.689693
-365474.469303
-353456.961458
-359328.191557
-350861.963392
-353578.233555
-351058.72083
-344116.871576
-346363.415808
-347749.800043
-342473.941965
-339805.860982
-336147.979103
-356080.746521
-367822.445078
-372725.260228
-356943.98443
-355038.17293
-363338.552519
-347549.663143
-377444.218578
-352991.809688
-349781.996695
-363467.102485
-367412.070815
-360948.672772
-368856.980479
-356492.703528
-355471.116508
-353476.671049
-338632.685798
-367482.3905
-349238.939929
-351799.974109
-357798.632032
-357417.888962
-346568.405365
-356914.678266
-353389.22258
-356762.143992
-371903.078585
-360852.854804
-345011.845173
-344388.532784
-363819.163525
-357467.739949
-366217.575276
-355259.923469
-360061.949251
-347472.897983
-363322.144554
-365788.706704
-354182.787417
-350301.819233
-356328.942192
-372355.945278
-326143.186016
-362407.087337
-365978.651335
-363141.195548
-366392.05117
-363553.938874
-375005.405231
-369569.411135
-363655.965407
-358471.204689
-371314.905864
-365879.585726
-365326.090746
-358385.98963
-355929.33164
-360536.991508
-353688.964627
-352933.406372
-366671.001201
-355686.690474
-374343.833031
-350632.007406
-354686.09581
-366504.214858
-339108.279319
-358296.20622
-365073.999177
-369268.126909
-348290.032955
-353291.187297
-357991.848445
-362718.749363
-352380.787526
-347764.724476
-349368.570686
-367862.192408
-353397.096242
-360686.633482
-371882.34228
-346187.980984
-365250.693604
-353748.457616
-358968.449433
-375373.913203
-371067.89057
-354958.849804
-355749.016721
-359028.593736
-347814.281677
-355357.091676
-357321.611274
-349330.691727
-357648.287709
-344351.30672
-362539.872165
-364423.718134
-354399.726625
-355507.125642
-347486.492931
-364856.308502
-360574.772768
-357785.515405
-359111.887422
-360005.941561
-371066.201925
-355038.03246
-347916.249241
-358161.603657
-359495.631144
-368106.034535
-358983.329894
-352539.059745
-348555.158787
-349574.220318
-343178.938705
-360848.098613
-374269.424274
-363796.334456
-362325.317934
-369661.467804
-353714.74272
-342399.052348
-348936.696309
-366409.793938
-341689.961352
-361759.50548
-373006.09807
-347154.241471
-335810.195013
-356926.654076
-359909.351866
-363120.970744
-355992.860585
-351356.700676
-348296.541697
-350405.281799
-358473.849039
-336512.253078
-358721.687209
-346927.03827
-362774.704946
-351299.859451
-352396.141679
-366053.61528
-344314.749704
-363657.024915
-358332.698657
-366129.724229
-355852.729869
-359408.944987
-360121.092972
-348461.318072
-341444.626567
-352743.249965
-348108.617449
-362177.330246
-354142.564415
-356659.332521
-359822.549895
-372430.969351
-365994.202196
-354607.511931
-348450.609385
-361832.883039
-362537.183251
-356030.615214
-355561.215629
-352547.293626
-357432.593868
-357571.303032
-356241.100369
-364942.928632
-349182.240435
-358556.725284
-359099.319991
-348855.752666
-371544.734554
-342931.988841
-345305.812758
-360175.607193
-357760.179752
-358325.308995
-366657.084251
-352919.243887
-364257.047984
-358610.282584
-355063.277963
-355157.399136
-358719.087356
-357154.916109
-351613.834792
-358178.797113
-340998.919104
-349546.51344
-372759.57325
-353259.143445
-346673.272817
-353784.809851
-371602.06384
-354369.52229
-352859.989438
-367488.498169
-361814.170345
-363915.818367
-357057.377668
-360335.055142
-357880.504379
-352378.11489
-351762.53801
-361977.334081
-351461.571496
-344451.373842
-354750.84497
-358910.509802
-357117.247323
-373639.828777
-357529.697942
-348649.288634
-355110.06613
-367454.525456
-352001.291478
-357970.940918
-360273.293504
-357733.199186
-351104.48195
-363160.740146
-364858.21935
-363174.693104
-357541.491651
-364866.506934
-354623.7084
-361402.914018
-359985.760205
-345771.246287
-365467.376501
-350486.4627
-349832.614825
-361524.85378
-354476.457669
-370946.982186
-371849.21267
-352559.080683
-371217.989897
-364999.907754
-341913.89916
-352355.012286
-358109.587676
-353572.255294
-357390.988998
-360171.459433
-344051.168837
-348605.233378
-354745.439102
-340531.283723
-361244.951312
-352255.266731
-354141.835987
-350560.649712
-355061.931736
-358991.826867
-351659.310118
-344399.276273
-347451.724385
-363065.362182
-359016.719057
-363921.780748
-350571.998266
-351882.475597
-361011.166035
-358587.598067
-362885.985501
-350925.358706
-355162.464929
-357302.301312
-344268.411302
-360138.321203
-366307.829129
-332652.310919
-360660.832519
-353720.623644
-345141.913931
-353107.040608
-349884.384784
-359305.792376
-366706.621762
-363254.697329
-363852.000468
-346647.353233
-352869.096688
-375128.171373
-364464.726122
-363226.048163
-361210.661263
-357885.019767
-348232.671315
-357888.030791
-347850.269872
-351352.999003
-338976.935636
-359017.272282
-356751.28331
-350415.727537
-358090.488318
-358185.946065
-359254.81412
-364129.387662
-345808.077469
-349390.306943
-361081.307377
-351429.86141
-355046.76579
-359248.221832
-363632.29039
-364572.636161
-356176.918877
-344814.824532
-365403.79363
-352016.196064
-359569.563145
-356276.135923
-365510.877738
-357041.444246
-362190.493855
-353396.321607
-350374.488628
-372284.251602
-361166.310428
-357811.671188
-361310.476111
-345665.618293
-358948.980075
-360831.963374
-347901.683455
-356528.724325
-351106.577905
-353786.375343
-346899.427337
-337797.392067
-355894.889699
-351414.400795
-367128.110521
-351590.940408
-343659.202672
-358221.585193
-331980.501733
-343981.407125
-361263.646863
-367726.613595
-344473.530908
-367052.832746
-355254.236694
-355935.874527
-357417.865162
-342060.739681
-355059.387555
-357613.964188
-356795.360676
-331017.234756
-360963.376258
-367569.238484
-366713.400949
-362337.539254
-365656.379326
-352177.390228
-357194.713079
-366156.551354
-367998.163893
-359367.950693
-362713.769305
-361716.99481
-361472.636889
-355728.955218
-350027.754766
-343302.751734
-355002.881501
-353562.479268
-358908.136975
-348141.929373
-364352.554462
-374107.377935
-351358.832109
-349420.026174
-342604.811548
-364842.569707
-369450.735534
-351916.428091
-357711.296881
-364593.418902
-354551.670929
-362555.251158
-373161.930222
-343130.284359
-358851.578804
-346410.381986
-355902.403217
-353581.743172
-345527.854426
-352392.397119
-340957.696991
-351032.349797
-360626.567672
-363913.269364
-358672.351671
-352751.59823
-362329.560279
-350210.337123
-362607.923108
-367201.212322
-347612.894723
-363945.567145
-347296.271772
-354940.524338
-350569.437859
-354145.564108
-356722.235027
-353846.920089
-365401.294574
-349570.348368
-359926.263234
-356879.322756
-348793.538912
-360173.534333
-367488.688771
-363520.485454
-350410.671597
-374494.719952
-359489.117133
-353279.424636
-349562.701182
-367992.212797
-371231.803564
-355473.132201
-366185.39056
-343012.191382
-335355.667571
-358797.024427
-353647.078945
-360095.515537
-356954.650644
-367236.473233
-361113.939839
-366285.01876
-368612.546377
-361296.582045
-357409.628122
-359704.105253
-360528.164669
-353814.785495
-359953.714461
-377841.901158
-354236.454001
-355205.06608
-377803.770696
-354792.275857
-357572.700883
-358266.903504
-350258.064135
-365047.723564
-354948.367349
-366386.216575
-362276.414214
-348385.55292
-369243.861
-361048.188808
-364611.448609
-354845.422099
-358782.050042
-363103.688845
-360039.013311
-375440.774896
-360225.072243
-361991.781887
-353568.48652
-360647.826182
-353394.773607
-337645.439441
-348706.933009
-352758.940045
-342814.455228
-349667.252731
-339928.049596
-350737.207421
-338223.682517
-358290.812918
-355523.77423
-356414.62197
-358161.722099
-356916.249881
-360868.963559
-358623.303311
-358394.872232
-366634.34791
-349248.889762
-347126.31972
-350590.945699
-348272.756948
-351161.82467
-352267.638488
-348551.942235
-357213.874761
-366931.837155
-363072.968031
-353722.871673
-367281.614471
-377628.820881
-366278.483274
-367841.07535
-359849.329776
-363936.96005
-358816.25118
-360697.797447
-363688.834943
-364528.733405
-344071.459939
-348314.057289
-358372.600509
-357084.472458
-370191.54697
-359009.994326
-344780.263561
-352219.905308
-367107.791274
-360935.247622
-350384.844634
-365429.763147
-361690.48756
-370551.809687
-354538.113785
-361482.555794
-360739.011966
-352550.03555
-335310.234893
-367199.465209
-360595.94482
-366650.390376
-370948.969634
-370075.597842
-356176.934281
-361421.203379
-351088.61058
-357696.898715
-353116.439818
-358470.683895
-361965.897852
-359036.298911
-350615.336205
-350197.380419
-358685.886734
-353360.520149
-351275.131403
-358586.0071
-356992.197005
-361600.967636
-357031.509594
-339283.268548
-370233.377557
-349975.969192
-372661.823356
-359992.621882
-349895.959099
-364915.71472
-342768.222268
-353663.107201
-359569.98428
-362600.004117
-363186.086363
-366750.867935
-360897.397678
-355152.75505
-355445.46871
-358981.558215
-352219.760942
-355694.1282
-339235.373659
-360433.137999
-374791.122789
-343380.30978
-359439.486434
-358472.833146
-361529.91453
-349439.921113
-351444.198687
-356669.193307
-357669.193221
-357494.810319
-337309.778666
-364690.603912
-368164.872239
-366676.715827
-358459.382292
-371385.379346
-355064.07872
-348934.456196
-351008.708786
-359609.973945
-356802.055512
-356043.659401
-355265.595036
-352665.635994
-362271.130504
-345190.282457
-350898.985238
-362582.766254
-366148.132635
-342405.330882
-362432.825186
-351311.285016
-346555.373197
-356869.955438
-373904.881524
-368004.631583
-359007.411967
-358555.139973
-347959.366703
-363844.995019
-357585.872436
-354230.380559
-365717.985836
-363423.366768
-357833.719324
-369220.565447
-351332.819557
-349466.333775
-352881.133519
-359662.375499
-359140.278485
-352604.854897
-350146.048375
-352731.228367
-358607.216962
-359512.79863
-340526.380146
-337493.34075
-337439.515538
-366798.617109
-361159.79453
-366118.509176
-365703.801326
-363971.355084
-365697.608724
-354552.507357
-361658.149492
-353828.609069
-381107.688896
-368539.092416
-356073.432389
-354408.520551
-346954.331487
-327753.511241
-340221.289987
-358554.448437
-355288.750166
-345449.774755
-359023.176962
-365210.889895
-351369.43861
-349825.619707
-340456.418882
-359970.868611
-348037.299872
-341949.006145
-364191.966852
-366685.779986
-363312.039958
-339640.318517
-359053.287099
-356713.799026
-357588.596819
-369204.392358
-364195.455261
-370098.25664
-363192.822445
-365672.377152
-352831.930282
-376205.881385
-357982.385614
-341180.105198
-366497.235364
-357487.222748
-357517.155278
-356870.388177
-360312.330336
-368226.615456
-347264.230821
-358384.740064
-358233.371796
-368487.431995
-361891.989503
-346090.574769
-353246.972513
-368494.948696
-361958.616378
-361476.796463
-346245.301656
-349021.319841
-349412.713405
-357651.989603
-348765.856324
-354291.605895
-376768.535861
-359037.329691
-358833.607008
-360436.26661
-362040.135316
-343286.25104
-365247.076128
-380114.19034
-358308.913953
-354390.688326
-353016.86204
-372397.282293
-356657.052112
-351769.537313
-352625.696014
-357560.528686
-354256.187767
-350190.800044
-358013.253369
-364088.173858
-368001.193471
-366872.36443
-356602.695196
-342832.221667
-361917.629898
-364212.110543
-352792.588295
-355401.895582
-353049.268415
-370100.542947
-365493.061571
-363071.833252
-358046.271508
-345216.319325
-364055.400635
-355713.678608
-356336.444487
-350940.988541
-353401.569672
-347721.832894
-345685.895521
-361713.069167
-354494.062225
-360136.958215
-353724.957423
-343535.747307
-356002.459019
-364393.87244
-344402.009811
-369858.857512
-346459.203327
-362235.588946
-358650.929388
-351612.105364
-355537.790251
-360237.00379
-343870.645307
-354750.049666
-366519.789713
-350568.510135
-370670.378263
-356989.562577
-346156.880022
-349044.89665
-361027.001183
-367307.854811
-328941.265796
-364621.166211
-351265.703209
-364609.742704
-359750.410721
-370293.619003
-353791.083225
-350725.253411
-348174.168437
-350576.149173
-348189.374206
-357205.321214
-362382.48468
-358403.792485
-356109.931219
-349127.011052
-348655.923796
-370828.665831
-363677.085908
-353456.149619
-363569.825486
-356466.521537
-355552.339947
-361819.902152
-364435.892399
-354765.023712
-347775.004579
-340051.764376
-355920.48648
-363404.292895
-352218.181268
-367859.760834
-352640.988937
-358287.027556
-363085.623512
-354801.100742
-351273.119934
-371192.283601
-357083.914685
-347530.587892
-353871.819656
-355900.252555
-354811.394569
-347947.883249
-360250.443935
-365057.495649
-336014.296411
-360192.272486
-359582.737734
-349363.17239
-361414.292137
-367414.255272
-367760.820387
-358344.597317
-356008.792467
-353662.81594
-355439.842422
-353639.10253
-358347.385907
-354321.700089
-354727.855507
-363198.888906
-367900.964311
-362861.994022
-351709.556398
-350668.168369
-348621.943423
-352313.164492
-363115.755978
-349579.408863
-354883.286813
-351094.287865
-377890.757244
-361703.782422
-351732.706362
-371676.168825
-354999.407382
-360550.188407
-366440.133454
-349088.74814
-352706.117331
-364179.321985
-360187.139148
-344653.652096
-358592.182577
-347250.457145
-364135.392224
-360980.911828
-370258.691377
-362915.547477
-359334.223898
-344853.233224
-364544.378465
-363301.010008
-362593.383319
-352175.685805
-355418.018042
-373759.598622
-349977.330263
-351189.835635
-368093.294595
-356341.173654
-365869.834791
-362766.023412
-358340.635133
-348422.261476
-363465.034932
-346273.077729
-352581.497335
-368957.774719
-357331.419857
-353435.227043
-350892.908689
-345135.609651
-373945.711487
-335766.368419
-349237.007456
-361019.300218
-362714.775957
-355549.78607
-372142.381734
-361002.103422
-353760.780897
-361649.86442
-353627.855205
-357700.091595
-350017.492087
-358057.580255
-365054.564049
-362690.521846
-349769.829762
-355186.223662
-357139.299071
-356069.235463
-366495.645532
-352513.145344
-360225.285486
-363767.529494
-375020.6838
-364409.625046
-359467.964668
-358360.825708
-358857.170541
-359817.680984
-362326.564531
-346674.233835
-351504.286796
-351796.467603
-348548.936351
-362816.876472
-359386.568857
-358234.413581
-339735.009959
-350799.081297
-352668.634077
-348324.164544
-354513.744399
-360024.342512
-364468.971148
-357201.701656
-357591.668214
-378927.600755
-361782.331393
-363849.737882
-361033.433959
-360739.092927
-341364.323289
-360294.175379
-351020.246937
-367961.906769
-359067.713856
-356851.119695
-339507.399579
-356280.912195
-349811.18235
-350803.909569
-347642.975641
-345741.682284
-354073.167594
-356115.883708
-364425.69193
-366548.198474
-344070.94041
-363327.72384
-359763.189412
-357313.961983
-364489.202564
-345759.094355
-358219.72072
-358052.959494
-357485.813824
-343588.184038
-368149.436746
-355174.378467
-357202.332992
-361623.626613
-349605.477787
-353133.611261
-359812.071884
-355828.941466
-370315.680667
-353680.307829
-352399.377081
-352321.925279
-367606.05804
-361430.435211
-367286.64429
-361026.191856
-350560.563468
-362104.770172
-361507.509209
-355131.328914
-359429.181451
-352767.152139
-359540.803266
-365915.002921
-352754.293413
-364024.172786
-357950.256448
-349618.337948
-353719.659697
-372511.231603
-356854.693687
-350909.084526
-373806.282938
-359275.16015
-336367.458532
-353506.677619
-363126.563346
-349701.177021
-358376.861881
-365625.227778
-346184.287492
-350126.636404
-357080.63992
-361145.034114
-361910.794514
-351886.89357
-349172.995445
-358701.870769
-363993.490256
-370449.872563
-343367.145405
-346869.283091
-359216.513292
-355018.734469
-375584.900916
-358950.423173
-348304.067001
-357574.107281
-353169.612155
-355687.992843
-351963.381037
-351606.264548
-352512.77123
-351899.954614
-363223.192619
-345970.355049
-362372.940963
-352167.85531
-354297.647326
-359034.302667
-354229.543945
-346772.556808
-352294.14602
-361015.28131
-371059.695972
-352156.485964
-358085.636735
-348552.565461
-344094.056778
-361248.719639
-361494.314761
-340769.20821
-369308.892584
-362885.707821
-340805.565215
-347991.448517
-356499.653988
-349361.512548
-360361.879411
-357614.120948
-348761.804679
-338959.364573
-360189.953854
-357720.570546
-358594.488218
-338198.658589
-354288.883502
-347698.409049
-354487.181129
-347733.599687
-369502.72924
-365607.484008
-354292.714866
-359844.638749
-352971.245951
-364502.528148
-362492.778714
-341100.490677
-358568.645395
-344075.942135
-356546.556866
-352789.491255
-360637.476897
-366039.737093
-358642.022238
-355285.410767
-357504.474231
-352274.020403
-369509.549874
-341294.149054
-348827.245388
-351182.158971
-356739.921384
-351598.662131
-354694.588965
-365924.42789
-361752.302938
-352944.742276
-354331.011178
-364520.904986
-349714.185247
-359978.171438
-360817.685109
-362376.863503
-354595.83472
-361699.108375
-354264.966755
-370398.308634
-357384.266857
-353997.854138
-363474.516561
-351614.107964
-360774.501974
-358257.899488
-374522.562095
-354364.894579
-367759.580852
-360346.993072
-351071.16367
-361388.473413
-369858.768264
-356597.824134
-370312.401885
-366760.890196
-351767.797672
-340524.381149
-341545.031018
-352724.211042
-363757.543403
-353773.421587
-354655.441702
-356226.262624
-353678.000736
-329561.986123
-339070.32867
-360981.050855
-357844.811609
-352807.047134
-358142.79019
-355677.325177
-365724.931141
-354940.884966
-361010.210172
-341309.490622
-372299.608871
-349265.502787
-367543.835919
-363422.661024
-367215.75145
-350458.722057
-340002.473935
-352919.864137
-367571.333708
-363115.849447
-357459.171848
-366673.639449
-358526.296743
-350603.908278
-350351.378056
-361401.220904
-345009.645615
-340457.257861
-358527.049738
-359861.195599
-359450.875398
-340878.950542
-366799.788466
-349261.060242
-360836.166811
-364322.67302
-331883.774543
-354125.769828
-368807.916062
-368779.018242
-355658.204942
-362810.452122
-368391.109504
-335062.205066
-361726.652445
-357404.0365
-359216.807118
-348860.345359
-353882.482672
-352169.678281
-345639.899757
-374662.954686
-367465.974022
-373455.075755
-368735.199602
-373966.167452
-360155.294426
-357602.177972
-372311.86322
-357224.737921
-348565.371706
-355890.150133
-358981.496964
-361067.215158
-361785.483882
-352648.909496
-346543.677576
-344154.316923
-352090.202067
-353607.951347
-354808.140609
-348846.45713
-350628.952167
-364808.013935
-358018.39521
-355553.265523
-347195.392707
-349118.999876
-348727.036043
-329983.309373
-349828.794652
-364735.33292
-360448.314189
-355055.26919
-360704.086996
-366012.982637
-353827.018063
-365853.735425
-358801.521036
-348267.998135
-348848.762616
-358584.789353
-359281.898588
-360289.644519
-350740.359103
-357606.736678
-359217.276273
-358117.872679
-354057.91004
-355303.783618
-349064.706517
-362250.741323
-368404.671177
-346871.276732
-366271.629381
-368293.288822
-380273.008668
-365017.6938
-360324.899393
-342314.335057
-347502.300408
-369784.964523
-368831.314611
-359245.479163
-364159.611277
-356297.573244
-346204.482286
-359107.007278
-376874.713205
-363981.252917
-354063.166856
-362645.642294
-361545.876591
-358867.198577
-364464.485807
-377544.734865
-361982.539376
-355955.259115
-350439.289572
-360922.585701
-345901.022729
-349284.161228
-369107.208877
-353810.285698
-362009.363246
-353804.597337
-365337.294894
-342152.398871
-353886.160005
-350434.26218
-358904.785445
-355191.547622
-357389.652559
-346728.033818
-363417.317642
-366525.92822
-347032.334007
-355611.611395
-362257.874577
-361721.900438
-356802.684489
-356270.786198
-345684.527975
-369132.446451
-349445.490412
-358328.701654
-359880.742553
-360199.66719
-371731.066832
-339274.308306
-359233.652897
-368623.306826
-353678.009074
-357871.183953
-348423.849431
-368740.020403
-345900.716883
-346241.185034
-355418.397584
-369406.170195
-360931.520058
-350037.106089
-349622.98071
-341696.458676
-369032.667026
-368147.858217
-357187.046213
-348625.046031
-368489.815952
-341486.687945
-362642.736281
-341974.469103
-374611.232175
-356805.283267
-359144.941993
-370470.660977
-352841.07552
-363629.351135
-357827.939432
-362330.991942
-343187.147615
-355826.16978
-347962.153322
-351278.864048
-347826.454408
-353668.90399
-360850.530993
-347462.778978
-351982.832247
-369440.361316
-350948.145407
-338691.757323
-357100.643777
-355296.698439
-358941.420676
-366067.024846
-357542.805626
-364736.482167
-357430.551965
-349550.186673
-359522.341805
-358346.057436
-362677.048362
-355742.594137
-361003.699603
-361736.355736
-351954.203778
-353489.915736
-359109.665924
-350449.978101
-372250.018678
-366642.082979
-370806.752683
-358508.462849
-343877.421456
-351028.882223
-350608.081248
-357193.694506
-364855.84621
-368798.310084
-365022.871903
-365289.508185
-339717.115137
-354774.09149
-345591.765724
-365340.820981
-363422.607999
-337819.485181
-377806.801262
-336898.639444
-351290.736689
-356752.413274
-371632.85852
-366091.966334
-365449.472538
-366505.115424
-337815.916551
-356767.067816
-365058.332696
-348593.717425
-353402.237276
-361477.573982
-353094.339534
-350647.715506
-335374.961197
-357217.166617
-356436.258284
-357797.407613
-358411.602311
-360541.784046
-360532.664697
-368018.126076
-352219.467727
-364568.606989
-361739.827017
-348490.568718
-354913.623998
-361827.17292
-367758.672011
-364240.017479
-356092.88274
-343021.723965
-350318.919263
-358334.845408
-376399.713928
-353117.391388
-362290.403114
-355864.782218
-365435.819179
-368282.637641
-357786.96004
-373057.388923
-357718.920874
-356589.828033
-370481.562245
-359422.88018
-372471.47779
-374597.863024
-365232.592959
-359635.256368
-363403.324593
-359567.456364
-361580.506378
-361465.545804
-347843.515863
-342007.821312
-340704.132135
-353948.929571
-350157.430094
-351007.635576
-364421.425687
-351985.856116
-367387.071908
-350319.123833
-365691.773507
-375295.500057
-356056.50269
-370202.228374
-351607.214522
-352219.047141
-350494.13355
-370170.622083
-352520.846487
-356878.163612
-372944.299124
-346825.135424
-354414.96865
-350884.173329
-350109.665726
-369959.67108
-351747.849603
-362432.051279
-371328.790119
-360362.0723
-374847.369718
-366205.333781
-361794.567135
-360716.244984
-366867.445567
-355523.500076
-371822.976546
-359139.471358
-363572.40587
-356296.716142
-349759.338683
-361606.706884
-359478.507988
-361341.043671
-362588.190716
-340144.045277
-342366.594873
-341748.075802
-367048.440958
-357603.026594
-356950.548253
-366866.222506
-344965.359185
-364038.758441
-354482.872574
-354590.701438
-359188.640843
-372771.43443
-348945.226078
-370007.669864
-372044.075263
-364057.629485
-362339.741071
-364513.69234
-367871.713195
-349686.637256
-364608.580008
-355911.25978
-360291.657901
-366336.135031
-351413.024439
-365645.520843
-369019.272409
-359282.116548
-355188.146641
-357281.536251
-369206.370012
-358813.470477
-348014.570608
-361611.167281
-367231.110041
-358117.043642
-347094.321299
-357285.339236
-366340.930203
-341496.043675
-354130.286684
-352825.792246
-365528.224939
-352029.123009
-356737.671209
-358283.181574
-359784.036904
-344736.951042
-364744.883291
-354489.31063
-362670.08945
-364264.670749
-348097.268775
-370265.677734
-368961.092558
-374675.718437
-341689.62149
-368803.238764
-373319.85958
-342969.820289
-365154.169324
-357568.232953
-357657.015788
-341908.077762
-365485.262285
-346205.291257
-357908.187172
-363555.537595
-351850.506351
-361149.37514
-357128.161092
-351925.382081
-371672.581445
-358089.221593
-356653.834663
-366608.980814
-351499.824079
-358338.370283
-357019.113177
-366595.766593
-357360.042282
-357404.420188
-341297.169182
-351490.828579
-362620.918224
-367518.740381
-365328.310618
-350449.63526
-363606.043169
-352973.295979
-368038.608877
-340062.590857
-362904.196644
-359735.713004
-353075.411907
-368997.222017
-357005.413656
-345282.899704
-349070.863729
-360219.636071
-335757.550533
-356923.707705
-371019.655364
-366381.546287
-355129.80276
-370485.317865
-357927.938831
-348935.449813
-351267.265961
-373767.335651
-367417.141816
-355908.870816
-364150.405018
-367689.880561
-361569.386692
-342812.757784
-336224.260879
-347694.112915
-351501.631448
-356403.23999
-357694.28382
-372999.887685
-367256.712281
-350404.49043
-365220.519172
-375360.688116
-355313.00635
-339574.528532
-351777.320294
-363261.340317
-351969.031941
-363417.21812
-369315.429971
-363461.776816
-360484.409908
-368720.290797
-351255.930603
-366440.136698
-360596.432336
-348957.819816
-358440.469905
-358347.410589
-369665.30134
-339816.139587
-368021.71478
-357774.399433
-355840.610022
-351278.009756
-365150.31223
-359647.486246
-366653.277346
-368952.315125
-361227.956326
-357655.029469
-353944.569079
-365598.907174
-344570.169695
-373447.12571
-364794.435183
-368637.297249
-363020.563482
-355313.547992
-347296.866823
-342447.334939
-358919.208697
-363916.774841
-360175.25425
-355710.005699
-370115.767218
-363099.58204
-369531.39352
-361423.002489
-359581.573003
-336466.693691
-363424.81963
-328066.164016
-363205.655068
-368087.168742
-363336.008029
-348492.585429
-357963.756675
-358646.431503
-355163.309526
-359230.541132
-351502.073432
-349392.012529
-358420.230637
-359775.206535
-362925.445423
-364595.138042
-364920.886217
-360514.315525
-364303.974154
-362906.008566
-338260.750576
-344447.717875
-360709.98212
-351367.274674
-375473.398198
-359985.969256
-344759.111336
-366287.14679
-369678.019317
-348156.720241
-357079.13232
-367581.336421
-357281.714836
-364138.529143
-358821.156629
-368127.888631
-357948.144824
-352030.057143
-364366.221116
-367309.9801
-355407.438145
-362809.512304
-367007.328951
-353157.202595
-357141.553414
-360836.894595
-347036.429734
-371697.861911
-356864.54415
-341175.899288
-356912.859267
-355637.881997
-349251.86416
-362428.470157
-362451.98132
-363142.252007
-367482.333037
-353192.152486
-360897.824833
-364260.863876
-368459.385559
-353447.704965
-368369.486234
-343349.5127
-356212.698654
-366289.852922
-342323.96077
-365332.706903
-361745.654545
-361139.223106
-350496.295656
-356821.994572
-338473.897073
-356544.937765
-356683.502666
-357771.114112
-357933.700251
-360767.780536
-355768.876982
-347798.494616
-345635.453261
-356796.340209
-348587.478897
-349013.534156
-351879.829161
-338821.999624
-377544.280709
-353658.576906
-355974.125466
-365800.493014
-377076.622522
-353549.699097
-330042.917525
-366019.247402
-369972.5622
-351880.110735
-346272.552221
-362617.878399
-376457.441433
-358492.599688
-362078.240472
-348937.4682
-365523.890781
-352882.604069
-355931.896616
-349164.19299
-348662.941077
-353451.891384
-359614.382756
-360626.2431
-372198.319926
-352506.930038
-366684.796569
-354254.385353
-347310.797953
-364214.278757
-357748.778502
-357291.609293
-359133.621886
-371447.19153
-365461.890087
-357589.584081
-362369.111554
-352552.429065
-370096.536157
-371150.889729
-353168.711102
-364978.116284
-373665.305795
-345580.843409
-356485.612948
-375435.711706
-352141.479016
-361465.198841
-350786.407019
-354282.623765
-375524.323255
-367582.535451
-353157.80285
-357435.003529
-355864.190933
-357424.227872
-344788.797244
-352511.922949
-365828.660318
-372421.274724
-359283.018964
-366437.569141
-365932.098173
-348914.972355
-359702.334858
-367128.089055
-347119.816456
-350532.767134
-351570.031549
-361961.980177
-344544.967865
-365173.662162
-346837.118383
-351349.663139
-363002.298632
-366818.704999
-344134.129687
-344981.510887
-350713.019337
-346808.731749
-354281.675824
-365817.196197
-365203.027841
-333538.75381
-361431.763015
-373038.419937
-338986.161914
-362577.426334
-359366.318154
-372520.342944
-364034.180496
-359454.025546
-348508.525915
-352368.604629
-355778.578198
-371645.165948
-367880.885075
-365475.550106
-360299.263308
-368552.249006
-355983.03236
-355775.818593
-345014.254015
-355884.686451
-351834.797251
-356917.364378
-354499.988227
-363919.818472
-370296.788953
-359231.663351
-350613.819339
-354944.664708
-353275.054906
-351689.378232
-355391.097505
-336967.100939
-366254.207538
-366396.026688
-358610.549557
-350913.623466
-349477.680178
-368612.670099
-347285.120175
-362827.375208
-353470.70168
-363282.228932
-346841.077882
-360287.591293
-360429.534208
-350481.187969
-359355.256252
-347165.361454
-352302.719294
-351863.297127
-357462.405631
-365606.003759
-361535.905733
-357574.974403
-349389.703478
-352823.784889
-365012.725573
-352412.772413
-354236.243743
-349615.951468
-358419.143347
-346791.534769
-355502.307634
-355219.08091
-355014.49933
-359567.488285
-344117.789694
-368429.317044
-372211.882024
-358315.95643
-357715.74533
-354087.167828
-349683.787676
-346478.895136
-368221.413027
-359124.879687
-345018.966065
-358979.771026
-350665.260736
-369580.973407
-360993.493029
-362767.935671
-347359.983252
-352366.240686
-351056.317492
-346065.418074
-366576.804245
-362214.342725
-351176.097298
-351796.28127
-349440.283389
-360715.31075
-368912.483765
-362000.325479
-342358.568432
-338853.541733
-343705.468008
-342177.874281
-374592.903314
-357100.857435
-364259.377234
-360161.042891
-356003.995305
-357312.07435
-372438.535566
-337438.468505
-358181.343202
-350906.66416
-353050.777351
-350661.668324
-371836.433561
-370801.28484
-353162.935272
-361813.082636
-358282.201842
-345338.826443
-364871.555155
-367029.284187
-366621.209114
-353583.311595
-368410.222579
-369132.13559
-368322.742056
-358756.884934
-356964.55838
-359326.077499
-355484.676619
-360556.520392
-342517.72511
-368056.504064
-349214.003083
-359888.444463
-345072.202069
-372251.414518
-358075.199578
-356270.491396
-347911.604154
-363192.98024
-379232.448163
-359524.391553
-344070.052644
-363359.284716
-371531.955706
-345539.574345
-357145.175891
-359504.272758
-356966.161098
-364057.129004
-381223.884128
-344103.871921
-353429.819332
-353162.972081
-357397.643638
-358529.454152
-358066.68191
-364818.311679
-350438.495947
-370657.222046
-372651.95776
-364470.040083
-357810.861342
-347916.432245
-359748.289451
-344864.162181
-361750.219435
-379158.539846
-348187.88837
-361143.205045
-363979.811299
-342329.264327
-347797.948892
-350718.64376
-350651.738308
-354523.90529
-367507.071976
-353675.686775
-369842.193242
-376476.996418
-364306.721055
-350094.349558
-356140.366052
-354037.630988
-356738.592002
-356976.265101
-346035.13016
-353085.058289
-355752.683848
-371375.146271
-360262.63087
-347628.518226
-365506.520999
-352779.168435
-361190.526834
-358716.869996
-356188.09078
-348289.874188
-353816.676801
-363865.05769
-372255.302764
-361826.765854
-355412.128079
-353399.174367
-351125.676994
-361924.773472
-353456.631448
-375434.332136
-367071.976625
-348871.877532
-362963.614518
-366791.850124
-349183.721243
-371344.291245
-346616.039198
-367832.491587
-353163.462055
-361911.260204
-356794.793436
-357572.865158
-356063.406256
-359272.483091
-343351.182518
-353923.122051
-345505.75167
-353203.194143
-357080.616349
-358090.980546
-360114.713854
-359018.919354
-363331.23679
-355963.4981
-352788.360412
-354035.879523
-349837.935884
-341452.335208
-360692.800756
-363853.804766
-368826.922406
-346929.462627
-360363.553887
-356040.761521
-350363.153945
-360433.995062
-358082.737849
-344870.550857
-351020.591543
-355308.037691
-362310.36099
-353906.629893
-361873.201804
-360953.165373
-352648.551075
-345533.527896
-365874.852299
-361914.498633
-358418.024496
-367566.055914
-350209.626336
-363633.158063
-363910.192601
-369686.148064
-358991.148392
-363542.763705
-354110.299259
-353297.809741
-361950.133107
-367182.677098
-354515.868462
-348728.367486
-351882.966529
-372078.634352
-352879.439175
-346256.815561
-363030.683563
-366850.148579
-362050.365109
-359353.538714
-357188.690951
-360124.327099
-363401.585606
-347982.447159
-355687.135865
-354437.225198
-342993.44118
-347523.915694
-349185.934986
-366572.277121
-353844.961229
-352321.71154
-362808.313826
-348933.232451
-370716.195765
-344629.707435
-371001.967584
-356454.948536
-364010.545013
-357881.494598
-369288.824729
-367385.388606
-362734.624493
-347458.750655
-344646.313889
-366400.446888
-357925.53741
-362485.632002
-365017.371711
-349715.861678
-375335.65348
-362641.991909
-363262.454911
-354660.575835
-350051.330172
-372697.454289
-351092.459858
-361833.919697
-354574.452615
-355805.517327
-353903.829878
-355582.597664
-340062.357299
-358608.937312
-337363.605716
-351855.693213
-354927.8431
-374368.069742
-343734.228321
-361285.003621
-363437.842457
-360481.897845
-355876.313726
-362116.251278
-350491.424834
-352743.550811
-366333.882533
-336413.142217
-349545.382706
-347108.115266
-354803.495326
-351027.242362
-342496.665791
-344225.153648
-342170.72513
-368080.330381
-358015.300942
-361012.535767
-358312.134029
-378652.250604
-348680.37154
-352889.23512
-367513.073953
-356294.81781
-362569.718494
-342851.028605
-338237.831415
-361707.954289
-361330.107232
-350330.098001
-361268.540079
-369552.172474
-367181.525263
-360412.711225
-353155.505035
-355615.999766
-349682.681706
-362121.432934
-347250.342605
-349537.973711
-358296.754288
-354370.100585
-362998.381213
-356948.533166
-350984.313145
-355700.344101
-352760.106201
-353122.123193
-368883.012833
-353297.544648
-349001.850755
-341828.771577
-372891.193401
-352899.276295
-363851.69538
-357197.258218
-362509.439123
-365859.041695
-343148.943878
-355414.815579
-349530.768154
-351962.262683
-365370.641868
-319029.907827
-332335.449968
-359256.564446
-361757.385438
-355094.909374
-352864.859941
-354041.100018
-362455.573798
-367088.97062
-337414.457733
-354729.188471
-354949.531686
-352935.111482
-346506.83896
-366040.117456
-359342.733511
-352725.358559
-371823.201015
-354287.193701
-360285.756274
-366774.861377
-366158.231562
-366070.797272
-358194.265333
-356742.305641
-358201.853309
-352235.721457
-359969.601616
-356136.662508
-357800.736721
-351849.234098
-350902.168981
-363666.484063
-359283.475828
-348219.651131
-371387.332288
-366969.429562
-365653.272488
-358006.981413
-357572.52208
-341172.341204
-360335.587178
-355690.874453
-344715.065023
-340001.786516
-356693.366867
-363541.385716
-356992.916746
-358715.534609
-344113.986754
-363864.351587
-354662.698851
-354227.175511
-344688.248788
-356170.432871
-366899.840092
-365675.981286
-358649.994871
-342061.68173
-367167.611337
-350347.776833
-358562.598417
-368766.995083
-354466.516144
-367741.301637
-361020.048171
-357191.815189
-345212.162325
-352822.313618
-367800.575468
-352960.201251
-338084.431057
-353395.09068
-335574.944022
-355970.647303
-356368.302128
-365108.846795
-341911.049971
-363084.881973
-346955.766396
-355252.142643
-356163.435477
-356659.381859
-337773.240631
-356773.068573
-356889.019358
-356272.441205
-360203.138608
-349421.402626
-359575.294776
-358967.172463
-363878.413708
-347562.735678
-350421.187707
-348406.403957
-360681.970235
-368632.680768
-345469.567671
-346468.676285
-365267.196138
-353971.121639
-354919.09851
-365353.527406
-348584.810443
-357373.909672
-355983.129593
-366968.349561
-350537.787338
-344839.593881
-373948.308423
-345876.687139
-356798.470766
-345869.267457
-348273.817904
-353694.163062
-364664.834208
-362661.872901
-354911.193324
-361428.199044
-357085.346318
-360592.724492
-349300.709586
-348593.705834
-354062.873196
-353789.188922
-354728.005298
-365663.736273
-364617.117412
-356124.825587
-370234.026907
-371413.869126
-364061.317243
-366441.263754
-350648.77705
-357141.290074
-361169.796602
-364647.671964
-353618.665473
-355159.433005
-355234.28625
-352546.558363
-366534.991736
-364793.412591
-338201.465543
-356242.59729
-363701.319913
-349427.436194
-368279.334036
-356806.863189
-355044.947064
-343928.692524
-346138.004273
-359809.487232
-344692.470298
-364601.998512
-365629.314558
-337640.785761
-350779.541767
-343953.494007
-364777.295692
-360156.566786
-357311.577391
-350657.211213
-355466.345685
-353001.156805
-363921.395824
-352557.595877
-365034.308469
-355608.98989
-352809.583328
-353964.080349
-351852.941811
-375627.83963
-363562.295606
-365874.147936
-353322.753722
-357838.099021
-344095.454379
-365018.996201
-361968.602432
-353841.651811
-362311.463979
-362769.948025
-350058.740957
-366369.301116
-365612.086604
-350890.050484
-368514.649675
-360925.307591
-357875.83062
-353998.517878
-346012.678648
-366900.143139
-362653.456914
-357651.059106
-376660.18162
-350609.341455
-336926.824501
-358376.155012
-361444.086108
-373836.628244
-347030.734163
-362803.661339
-362939.201324
-363794.734525
-363581.082447
-366148.388362
-350001.277707
-366965.100344
-350862.750838
-354488.239749
-327398.014176
-344219.350016
-359731.779124
-358016.124125
-348831.029441
-354515.087788
-357070.891267
-352920.40406
-351599.858511
-346973.052752
-346384.701988
-352276.069393
-374442.502655
-358981.019263
-360844.138206
-350589.461412
-362095.206466
-363962.841484
-360134.353171
-373365.803607
-347803.516447
-346775.903036
-364071.9421
-367031.664425
-338945.590724
-371910.917967
-336618.276115
-360921.827439
-339424.886825
-350150.58521
-363021.385841
-343625.745889
-363855.430347
-351442.218406
-359105.456644
-358756.624145
-340552.313059
-345584.765984
-356939.053592
-356861.921959
-326539.349583
-360126.276552
-352704.093849
-355079.731039
-348052.993617
-372422.780505
-355587.9257
-354821.76693
-351970.898899
-351636.287298
-377807.204498
-357565.158828
-355575.038704
-344377.367857
-370479.294399
-343511.985051
-354111.124564
-367818.605087
-361036.461667
-355026.106937
-346112.395502
-358017.290811
-352634.881823
-374801.196949
-365527.114574
-363175.944555
-344744.117622
-356702.821832
-362105.87961
-365685.49286
-370692.196109
-347634.812487
-350700.654234
-346862.423792
-350608.751614
-351196.130392
-355505.165388
-366056.522687
-357336.359121
-353056.003872
-341844.156908
-370375.617819
-361686.464397
-353544.567664
-363842.865344
-354352.36038
-354379.412959
-359304.653538
-355420.874621
-351169.816573
-356701.24491
-360636.249487
-358744.119658
-349377.519997
-359374.276928
-368670.519515
-348703.655722
-361369.286973
-347130.347893
-352382.141863
-358158.40314
-354275.074846
-348552.299669
-358397.214675
-351773.087784
-351981.688149
-344797.790931
-375737.124686
-341398.899181
-356343.179581
-347131.568371
-344016.722024
-355156.691716
-359384.881821
-357569.517613
-367196.074712
-370385.202041
-354716.226372
-360037.801638
-356872.414087
-367028.348747
-354517.172918
-352047.990229
-367884.768889
-349022.223977
-354986.1697
-341293.275501
-343559.069049
-366272.629562
-352309.419649
-345727.920979
-352108.084041
-321576.272972
-364156.519877
-361919.396507
-363991.254864
-366505.040394
-350775.153629
-357072.26076
-339644.401659
-349543.14264
-349826.628135
-360870.313914
-369593.034985
-358982.879458
-361189.561054
-362648.641146
-369082.537712
-367522.035519
-364605.277879
-345290.668904
-352085.743615
-352032.993275
-342828.83104
-373499.744106
-358159.286455
-370255.703233
-364653.382886
-368855.751403
-347327.819644
-341412.083223
-376946.911424
-342144.654507
-362392.983399
-351649.793046
-353684.833377
-362653.846313
-345430.815204
-370771.036115
-364807.431499
-341839.895773
-348121.643852
-336079.835353
-347457.175538
-365039.631697
-348532.432365
-370521.803308
-350132.939302
-354183.573377
-356738.080109
-349319.985467
-371658.73982
-350427.920496
-339843.599091
-360018.690262
-354199.804842
-368515.755671
-351548.213925
-350359.19628
-368361.188962
-361005.600356
-352049.500417
-352351.578383
-370084.87892
-363780.580109
-338189.342816
-358798.1185
-362922.809196
-356974.896026
-347586.842484
-356181.315232
-357404.866271
-368076.674455
-352036.598482
-360289.668311
-354288.782582
-366993.178515
-357104.077112
-345642.594845
-350020.251822
-356519.922639
-357243.808984
-349541.486582
-365192.580726
-366063.889283
-352301.893304
-349712.077362
-347746.748179
-342430.816059
-355610.090969
-342032.386129
-353746.0438
-367666.917823
-348660.673719
-350279.0201
-359971.089416
-359690.325791
-347745.496977
-344193.462318
-358150.682624
-359562.032539
-355813.043939
-355039.576333
-362276.877631
-362723.320031
-332956.830909
-360147.874743
-351541.560724
-357194.015368
-367769.379337
-332904.836264
-349560.715182
-358261.706426
-353597.082077
-366625.871411
-347299.396542
-345762.944354
-372477.681512
-352550.714307
-358537.428753
-372703.274021
-359952.135604
-351601.025319
-361383.319045
-369573.366184
-354083.743906
-359307.267778
-349012.471936
-350023.791774
-356500.047466
-351804.231436
-353113.747452
-347523.604506
-348535.297865
-368208.745911
-350586.18301
-349422.511683
-359564.543941
-355615.932899
-356516.732241
-359332.558235
-359871.486892
-369201.657309
-352672.29501
-365766.346121
-339747.284278
-360020.633239
-351034.653858
-360011.976481
-344406.845822
-364355.107074
-374604.17318
-357250.839208
-372089.647497
-346803.994714
-351615.789288
-338583.339083
-357820.004282
-354179.0934
-352923.831045
-368486.27281
-356225.56685
-351022.60516
-351861.593199
-365186.197193
-343798.812951
-378069.303514
-354543.951077
-354281.352475
-362674.194627
-364373.842863
-358357.435471
-361465.959898
-359842.266199
-347910.372466
-353397.756523
-362368.748836
-347767.402671
-352368.52363
-365322.495246
-360171.483369
-364721.401137
-349871.92754
-353731.599293
-349034.979503
-343215.674967
-360567.58898
-353758.779794
-360758.515608
-357182.858704
-373707.775501
-358845.214025
-362145.644279
-351464.270988
-368762.508977
-351689.262789
-362480.815608
-358245.402912
-360347.313753
-362130.11102
-354384.139478
-355131.730518
-356977.054718
-355206.731117
-356443.606316
-337889.210598
-350307.115948
-369462.997908
-353919.661715
-359748.777966
-350326.515858
-359354.321472
-367075.717667
-363525.961903
-355941.863963
-359973.29163
-359603.942142
-356594.86895
-353986.436626
-342859.048999
-356191.822006
-361762.412916
-362190.80127
-350237.074687
-355161.855386
-345757.464766
-368957.465659
-358867.092544
-363005.240395
-350558.666065
-364608.902625
-365356.275927
-368547.701216
-359391.481805
-360021.890254
-351810.584197
-356774.423839
-353637.489212
-350356.687348
-348134.321439
-341339.60085
-350491.244321
-350778.352601
-357106.818555
-356558.317086
-340906.841338
-350214.322473
-355122.736607
-350905.023249
-359587.343018
-355010.909369
-342291.834341
-359591.791867
-363953.736781
-349566.448278
-342725.645483
-354595.800859
-355153.986648
-361652.580656
-347950.623811
-368622.620756
-356746.884165
-350205.454729
-355549.530717
-353939.677782
-357926.726467
-362225.215826
-364520.616105
-362837.141385
-346226.713993
-355160.556364
-361865.162951
-354293.186622
-354430.790906
-367096.16684
-361608.879087
-344026.955076
-365754.598722
-372969.286236
-342457.635462
-358285.261065
-351652.843863
-362310.243547
-355166.678081
-371185.501303
-356453.230696
-362732.791638
-355147.517178
-362614.389816
-353429.484322
-366837.409588
-361344.474378
-356312.797639
-365702.322606
-358336.818258
-354430.074156
-357715.916434
-355731.348595
-359635.418589
-350694.228852
-358521.328159
-359576.765908
-340838.455098
-354299.427475
-363499.272393
-368372.039158
-353698.539983
-349357.235518
-358940.748199
-364401.630471
-358851.257697
-364784.590641
-362372.728487
-347373.280803
-350232.867906
-360115.402545
-353463.592867
-361776.370275
-363159.37624
-351465.343289
-350347.536355
-355960.574554
-372528.97686
-361767.30681
-367929.611775
-334437.582189
-359745.382414
-349272.630873
-360019.933796
-354399.933653
-348810.44583
-355931.564667
-356696.47282
-347348.723124
-336966.857745
-360967.184384
-358311.633409
-358920.566292
-363201.367734
-361583.58358
-357681.47334
-357377.491817
-348995.289973
-362319.745767
-354450.222071
-335025.995426
-351698.939177
-360969.044849
-361621.258002
-370024.368046
-359718.373854
-359640.110623
-359013.74188
-376813.49821
-362543.732912
-356700.946667
-344098.643777
-367166.121668
-330830.456034
-372678.436114
-362530.413326
-359434.462966
-342771.002767
-365633.358451
-352568.734084
-360993.107703
-340092.340288
-354962.361248
-362585.632088
-346827.373729
-358663.382897
-360637.259586
-355520.388973
-366080.585737
-364119.997194
-369512.580594
-365313.76703
-368549.121323
-361881.56768
-348784.155652
-357673.132354
-370325.51785
-350658.076976
-349526.290273
-347065.566895
-363579.511753
-350137.103175
-341777.762459
-343864.749018
-351123.258424
-352496.59415
-352827.539255
-354068.612825
-358377.47066
-372585.448198
-367168.831248
-357667.365281
-367021.702576
-352590.964227
-351811.753367
-367489.308755
-348565.455127
-357670.326223
-342946.000526
-336139.877477
-353912.8078
-352912.619303
-354498.014074
-360955.941707
-352302.617618
-348941.144458
-346072.006009
-356598.833499
-369231.384772
-364702.545345
-355198.997815
-362528.028092
-350620.860718
-366898.941942
-368044.335225
-349873.248388
-358600.529727
-374191.230629
-353255.339973
-361965.843813
-367622.128214
-354960.860668
-369729.636292
-370995.884431
-366393.053264
-350526.927655
-361154.470291
-361155.376483
-344746.804572
-343815.419735
-353582.226619
-359965.263831
-367504.10772
-349193.399416
-359672.272367
-344255.41
-345419.189783
-341611.667931
-369577.958292
-354925.397856
-361152.598777
-349271.048483
-360075.265882
-356634.917411
-365081.778615
-358001.708771
-345495.386966
-356377.661351
-357336.231322
-349244.575478
-360961.360831
-356122.207816
-356326.600979
-352783.95024
-361237.457421
-347265.887756
-351156.117257
-355249.268096
-352937.423958
-346694.792074
-367593.004383
-344787.519606
-354447.347653
-357905.228345
-360410.415696
-355378.580603
-368771.062345
-363055.944886
-357218.007613
-350911.190193
-358878.071966
-358250.124557
-363820.242041
-361599.855523
-351628.839125
-357285.152799
-352566.676924
-338538.656927
-370145.326703
-340805.428165
-353385.209439
-361067.678592
-349112.536623
-358055.524616
-347441.74661
-349882.676267
-345405.676211
-363236.595057
-355260.627537
-359670.645089
-355871.859339
-359619.424009
-354852.891838
-357774.93707
-363278.12477
-345975.410811
-346960.374416
-350835.240085
-356650.161072
-361122.967872
-343481.575096
-351237.917835
-341290.11828
-343440.466927
-368215.589836
-343060.968801
-356484.765249
-354852.703529
-360689.077974
-365688.394677
-364922.00524
-352158.289294
-364104.66263
-351119.223909
-355546.989651
-354853.560813
-339808.350897
-347136.494235
-360740.082642
-357476.972914
-348505.537014
-359723.105642
-370335.388799
-367193.605791
-346315.244419
-345105.099485
-360523.038377
-345999.101487
-364209.620323
-360048.296068
-345569.317108
-350056.950757
-365182.927569
-350334.337366
-351096.000582
-353494.375588
-364851.159649
-357801.092309
-347094.094671
-364900.09722
-355722.912527
-358983.143323
-351094.50669
-349455.955147
-360142.703508
-360917.609958
-345377.693152
-351900.180886
-360072.44649
-359548.337158
-378855.838195
-358030.067661
-362216.957185
-358621.758114
-355847.362337
-364181.869326
-361717.792471
-357417.583136
-350675.602878
-349355.997621
-359798.626915
-352066.742332
-356595.276985
-371966.543291
-346918.308572
-348287.290422
-359774.322872
-358536.482712
-353778.975954
-358289.869341
-369449.054511
-364996.100003
-342084.84254
-368215.909804
-366193.369888
-352237.548377
-354611.958134
-362244.261875
-367595.85227
-355926.760157
-370470.100037
-365670.072534
-363097.53143
-345252.578461
-357742.691584
-343531.619031
-356256.083275
-366764.431557
-359777.583516
-330476.999094
-371218.644525
-366462.586796
-367830.408761
-353738.703302
-331564.466182
-354919.768507
-372624.040861
-341455.309463
-355438.43208
-368299.411454
-349968.202327
-346172.724334
-351572.518798
-360584.463176
-357181.316699
-344302.788862
-354534.38662
-362612.789908
-357726.508673
-358361.820147
-353228.385681
-361678.019634
-361131.179318
-352127.365108
-350537.500069
-360062.155098
-355601.313797
-346635.297944
-355970.990538
-359619.501137
-355494.128132
-353022.627785
-369100.481349
-368753.656107
-349668.904258
-347837.844558
-345642.988297
-366866.822772
-359860.302902
-361367.553416
-341962.804157
-358908.098238
-360347.427503
-360348.1111
-364302.802024
-317398.481535
-367933.288028
-369589.886775
-356630.577847
-368044.562942
-362331.72829
-349665.570119
-349000.166395
-358298.918892
-342764.973361
-336926.147304
-362173.568925
-361328.665314
-356936.442771
-372592.306816
-350620.025553
-333026.693977
-347192.167082
-362133.631115
-365113.556979
-361414.869699
-366057.622189
-353365.107822
-346803.326367
-359925.425772
-359269.133592
-356559.141993
-363987.232449
-370518.66108
-366666.362914
-354980.383949
-359771.015872
-348752.904988
-368496.104834
-350681.033532
-356766.30102
-375995.951331
-353657.581358
-369014.721947
-355658.826155
-339096.085223
-360542.372134
-348863.156965
-358399.723425
-360498.272456
-356374.069186
-350081.561902
-354461.721601
-351823.833358
-350956.484232
-345076.530907
-356863.623675
-359715.315644
-358025.904855
-361952.997554
-344888.022993
-352849.089858
-367237.195393
-346531.309364
-336073.855087
-342983.596534
-348732.354707
-337069.861303
-361723.112093
-350498.753055
-358246.048451
-363400.313727
-365419.967565
-352961.948411
-366312.304267
-360683.151686
-348825.187735
-336718.908422
-360387.460627
-373473.582587
-358211.701415
-367126.750517
-369587.806873
-370074.700762
-363965.363697
-366257.968667
-354425.103825
-359055.095219
-365071.595877
-359455.827728
-343869.062162
-334428.578107
-358971.141333
-353188.105654
-357129.826565
-358094.275395
-369235.322184
-353098.664332
-359240.835413
-361047.206894
-373770.692744
-342983.533016
-342842.991005
-371059.560704
-362061.131999
-359922.076018
-352726.226217
-360061.255352
-346544.98708
-376751.903683
-341314.843466
-363093.86688
-371635.898304
-357670.326942
-318435.088208
-340735.14231
-369268.501102
-348194.239069
-348577.357323
-367944.140839
-363228.862938
-354922.932095
-356530.145751
-348906.158711
-364622.241253
-360277.077354
-357858.917747
-355613.147081
-377016.154205
-350367.211842
-345317.54102
-364527.036156
-366612.945375
-357695.567667
-361935.674752
-362547.635849
-355749.698302
-349588.655062
-367034.356675
-359486.205861
-370571.619486
-368128.217745
-369823.301535
-372384.897176
-360848.026243
-355762.017433
-353276.977409
-359612.775298
-356013.983527
-350560.130276
-347053.911023
-350358.64152
-356619.775957
-370857.503462
-360069.641584
-359457.236463
-362719.715102
-344152.795916
-364279.324356
-357758.171899
-362918.922926
-361766.917958
-337230.60908
-371353.34217
-357863.390492
-360038.626524
-343255.12889
-340459.626211
-356447.626739
-349995.299545
-342305.379028
-356252.320985
-361329.896257
-349268.860234
-360839.571622
-361253.114826
-361100.817925
-343843.192039
-352423.627867
-355605.015165
-359453.193429
-351385.724641
-354799.799009
-349869.941394
-350137.574556
-341668.53853
-368446.067925
-352837.737354
-351895.350702
-352361.108513
-350422.635927
-351444.555152
-355609.777988
-365988.790194
-353914.651551
-371621.035753
-363860.85956
-371902.117651
-370084.419687
-363412.125641
-365743.017299
-363247.270641
-334772.851582
-360483.232868
-346580.870844
-353807.933729
-356477.250851
-348365.761612
-338845.36058
-368413.487913
-350495.764869
-355035.133193
-364934.339271
-365035.946526
-364537.167836
-338093.70345
-352766.182657
-364156.886217
-361065.797263
-354206.427435
-364610.653217
-357040.614539
-377141.938715
-368729.83315
-364127.523753
-359840.100607
-356944.556711
-357317.031545
-342929.022907
-355821.374078
-351796.057369
-369379.65422
-365823.878112
-371120.582826
-361579.034949
-339864.865783
-359521.254035
-362258.429435
-360910.873865
-361484.499592
-368301.996843
-358695.917391
-354905.389782
-345187.014669
-341384.582815
-359439.166557
-364400.349456
-366110.930567
-361022.308886
-359272.51954
-371192.853825
-352561.966194
-355384.901789
-356325.355679
-356434.587147
-360610.725675
-366791.170354
-346494.11289
-350356.894285
-356083.061437
-347651.310156
-359704.089224
-359595.642266
-372898.74736
-353766.891015
-366315.174748
-355956.247007
-350108.26594
-369751.121538
-356058.9197
-350749.542491
-355295.774779
-366252.022775
-362404.044457
-346719.966916
-344463.25902
-368396.228747
-351023.896322
-357108.526697
-355866.459866
-362969.986978
-361154.785851
-347073.112555
-366128.269324
-362464.773615
-358576.244372
-329053.626837
-332838.453536
-350441.059985
-365992.692764
-358718.146566
-358787.484541
-368563.877808
-369395.714594
-357353.804984
-365636.111556
-350935.965868
-347981.375559
-343586.15726
-350852.812091
-354033.553666
-366107.799025
-359959.663849
-368476.687367
-351447.761624
-360503.257682
-342575.312934
-356729.511611
-356916.42991
-356284.863918
-344743.742786
-367004.003964
-356214.962928
-349816.178026
-360017.783887
-361790.877877
-356806.614019
-343856.012586
-357249.887515
-358802.397446
-350071.118781
-358929.290923
-354442.267706
-356689.762662
-361342.380143
-350671.951588
-355869.495657
-364058.923929
-359147.423578
-359173.828421
-344540.740076
-357736.767465
-364615.791271
-363881.724942
-371317.537269
-364037.723845
-354891.968283
-349674.251128
-346378.628837
-361370.549379
-380548.50018
-357926.965807
-363403.554907
-369574.766236
-346252.484608
-344237.463289
-362382.805281
-358487.222374
-355142.480554
-356782.266335
-349807.034342
-354590.537922
-354765.008342
-349217.793838
-359791.07346
-361212.420438
-356717.98703
-342466.377374
-339079.652698
-361642.294518
-366426.745839
-364365.913242
-358272.011135
-364964.833189
-357483.787293
-354024.906411
-350090.19515
-371667.914596
-363410.661467
-359658.514685
-356056.716683
-344873.043682
-350097.428176
-332025.378827
-345889.319924
-351460.068189
-350433.829013
-347934.653201
-360177.53445
-359939.103994
-362640.199627
-363441.010809
-361638.816345
-362483.377339
-358429.633493
-359991.356296
-355991.216925
-345865.52161
-342106.799864
-363518.809314
-351270.051115
-347493.965604
-365797.714426
-355442.911925
-362960.404353
-356294.703922
-356827.498755
-348865.446635
-358857.840449
-362502.641617
-360667.722346
-360903.912766
-360641.368338
-363802.71538
-368960.481836
-340479.638523
-363792.703454
-341835.220464
-356879.602394
-342356.204586
-374043.890741
-361698.649061
-354865.764893
-338914.906497
-359475.194641
-350404.368655
-353895.308596
-349213.535875
-354275.192206
-353899.970113
-367656.686995
-353131.642516
-362924.518534
-357123.376671
-339922.82073
-372219.424096
-361145.121871
-363895.358069
-350989.238195
-363290.69878
-361050.230115
-370410.948921
-361716.270992
-357716.791116
-356305.051205
-347913.849102
-356350.934157
-361807.338955
-358487.922018
-354570.025987
-355939.502308
-358735.448561
-349292.169065
-353009.879991
-355038.803793
-355020.793311
-342649.144575
-354046.200439
-353654.980217
-349970.832343
-362859.200715
-350716.889306
-342333.736726
-375380.665122
-360231.01264
-345064.47317
-370584.413901
-349824.164818
-369326.705922
-355510.362474
-348348.651438
-357855.580198
-348208.067183
-367850.35372
-364030.774958
-349648.100739
-352145.138814
-362590.91107
-352895.728487
-357476.099355
-369589.530517
-346431.728553
-331043.678063
-356248.871326
-359101.191816
-350398.128759
-351813.308216
-358049.838308
-346887.251094
-359917.341952
-370641.98693
-369022.660135
-337119.501217
-368621.943725
-356605.337097
-342650.934535
-340154.481437
-342584.866676
-364831.227178
-353403.430819
-345574.892946
-335681.61676
-341540.988278
-364128.171992
-367240.515953
-357450.481141
-364442.242628
-344745.834898
-361813.606021
-371100.976052
-357907.984642
-355194.620474
-366092.684144
-361065.019577
-353958.934185
-347003.641909
-358221.093473
-347004.226381
-351698.054004
-366709.025326
-361620.892566
-367088.199075
-357162.678504
-357323.17992
-347594.842702
-360639.86962
-358581.653375
-330981.068955
-349726.806552
-365634.342613
-359683.751097
-351004.885263
-362124.223099
-365565.189724
-340155.555574
-364768.35665
-340492.829726
-353589.419392
-358813.44654
-364118.428506
-356092.245613
-351920.336846
-353519.294373
-364086.292268
-354417.899585
-363970.716032
-361681.770518
-361091.84302
-371404.980915
-356857.721176
-355937.011684
-345664.074252
-351765.796423
-366025.655753
-336771.476582
-362369.354301
-341923.15158
-351285.279348
-351771.062959
-362765.073461
-352698.808787
-357040.137204
-351721.70065
-372376.824566
-355264.371708
-351510.909314
-362249.492887
-358260.549318
-350429.165605
-351167.354686
-356624.834391
-357640.425474
-361706.561455
-352558.901971
-358442.196042
-346150.887311
-370926.165962
-345799.035657
-366280.123164
-345291.439381
-341925.606569
-372163.298491
-341463.842599
-363592.845765
-348729.780878
-357452.630249
-344723.13566
-369343.845187
-363396.391349
-360033.447405
-342457.417646
-353013.607429
-362757.50907
-364395.771953
-349570.114897
-346897.457475
-351330.615695
-364028.065731
-354279.148224
-355137.642742
-362852.480466
-356906.884831
-349944.273415
-357509.074061
-359966.964298
-344365.888831
-351977.36165
-357712.131564
-352589.640949
-360694.371402
-364614.926737
-357102.119772
-346738.162716
-367696.255968
-362213.015821
-362783.60438
-356046.981102
-338477.589325
-362849.314167
-359824.087503
-351935.683115
-373889.68266
-344110.248224
-360682.080579
-351926.633252
-350209.75439
-349507.379837
-353629.001971
-365911.048039
-352663.76971
-360539.04055
-358403.374305
-350487.465522
-360221.366235
-345896.417748
-349236.868936
-360027.171839
-366615.796883
-357430.918422
-350181.924862
-367121.105582
-350577.20319
-355161.829479
-351467.759872
-351902.211632
-359108.905894
-348774.880745
