-1031825.6382
-1016539.99195
-1081814.48913
-981162.200201
-1046792.57237
-1058577.74255
-1070556.92304
-1039259.18147
-995992.411576
-991171.381179
-1002004.3136
-995959.9038
-1048958.81875
-1001533.66046
-1059168.91295
-1003918.29103
-986635.582309
-1003504.63813
-1004559.48027
-1045358.97082
-1169521.19941
-1120266.72869
-1202839.61416
-1168216.72141
-1107914.21943
-1185935.28073
-1113681.84206
-1095717.23353
-1271638.73506
-1123871.25414
-1202115.66713
-1238536.07054
-1083115.4783
-1171449.85464
-1231345.81755
-1252553.3272
-1154811.03793
-1125927.10354
-1270106.59972
-1192725.51461
-1179781.1029
-1260336.02804
-1276316.63213
-1239659.07512
-1239120.00962
-1261964.52502
-1290537.10993
-1235487.71757
-1247807.95982
-1169162.40158
-1236910.62779
-1253544.8286
-1278519.1464
-1249338.93342
-1257166.2083
-1268353.10939
-1278461.81842
-1237329.02348
-1287897.11668
-1180952.91729
-1139790.48346
-1310649.49942
-1267261.3647
-1283087.3756
-1274573.57591
-1277030.36986
-1279900.35968
-1245430.62654
-1277367.64027
-1272465.79753
-1303184.50346
-1262345.20508
-1263838.9783
-1288055.5733
-1261179.8088
-1278896.78807
-1282299.58873
-1265996.81189
-1290917.60289
-1266371.93829
-1265063.07596
-1286944.07582
-1288724.88003
-1259838.06169
-1327283.44141
-1287464.9803
-1285593.9371
-1281127.51048
-1308397.39463
-1273109.67029
-1247614.44714
-1291519.58557
-1285105.38881
-1300212.69378
-1233062.99913
-1264222.37083
-1272404.78854
-1259170.9279
-1291039.44178
-1292838.13878
-1287420.15873
-1302648.9005
-1264552.76172
-1268691.27372
-1333105.58842
-1271549.07668
-1274688.89336
-1311787.95019
-1317605.75952
-1298979.56922
-1279108.30614
-1283395.60155
-1262235.5244
-1305876.90518
-1225036.60386
-1297153.04361
-1257309.43309
-1236264.82823
-1263403.05925
-1277210.58652
-1255859.94138
-1297500.53995
-1284576.98563
-1229725.55686
-1258237.24407
-1252786.49064
-1299539.77129
-1316688.74599
-1277145.05113
-1263496.86284
-1244367.99198
-1264077.91892
-1271350.15932
-1273413.21956
-1208472.87609
-1298829.45735
-1259247.34836
-1234668.93263
-1256231.59171
-1245552.86071
-1244817.8673
-1264224.43379
-1267028.24698
-1298432.91448
-1285703.465
-1281153.41919
-1282008.30067
-1298553.22708
-1243491.35902
-1288338.40625
-1295034.27437
-1283574.91558
-1273337.39539
-1272243.36046
-1199718.29425
-1304041.38776
-1272887.768
-1242302.00548
-1269850.39979
-1270321.63664
-1297091.69333
-1282227.51833
-1259868.82861
-1295533.76901
-1300738.40734
-1289510.61517
-1310666.72578
-1305970.38111
-1280017.65656
-1252603.30758
-1264474.89652
-1278520.7673
-1255011.96352
-1281612.40172
-1256004.49615
-1296356.43596
-1239536.15327
-1284569.40756
-1292392.89333
-1315029.16219
-1279559.01252
-1274247.23409
-1262187.96636
-1294646.18001
-1301046.72014
-1258562.81258
-1267208.0305
-1293956.83394
-1284268.47284
-1231593.80114
-1311702.54155
-1257194.84466
-1257264.72693
-1271006.77849
-1220307.08877
-1296869.64025
-1257075.79965
-1266460.35105
-1285860.59062
-1261005.11687
-1267737.76828
-1275230.23279
-1260513.30237
-1301730.06437
-1293684.72304
-1302329.32795
-1268161.33588
-1317322.75862
-1298413.38639
-1316165.66904
-1298699.77463
-1286874.00354
-1293992.24052
-1276216.01131
-1242686.5229
-1279315.28139
-1255321.09473
-1282145.26424
-1314470.75375
-1297306.86721
-1312049.82948
-1298334.54802
-1289040.59302
-1295559.81029
-1273403.69726
-1283138.3813
-1260540.57877
-1288250.86214
-1281115.28614
-1296867.92551
-1295882.84683
-1300849.61786
-1250944.32187
-1292764.06403
-1264286.35919
-1279924.94489
-1277083.70973
-1285999.02174
-1299411.12069
-1317579.68776
-1272666.43992
-1259770.18716
-1275048.614
-1298792.08873
-1299267.04001
-1300228.73474
-1285057.40167
-1302747.3301
-1266916.81427
-1252551.38566
-1310429.26497
-1281094.31454
-1226535.19481
-1283458.73252
-1274630.75668
-1283570.22395
-1272670.04405
-1322586.58369
-1301289.95952
-1298233.89012
-1294517.31794
-1290484.78954
-1267364.83793
-1292238.52216
-1272358.91982
-1300417.99307
-1252256.64583
-1275881.27735
-1239460.63785
-1282801.83333
-1263307.62965
-1287766.50668
-1310115.87809
-1307010.60944
-1301791.34106
-1306884.61437
-1259506.42102
-1282057.06128
-1299187.42176
-1288204.02926
-1279218.24003
-1270853.00227
-1308877.93414
-1305899.70205
-1303464.21622
-1295203.04849
-1297283.64223
-1292288.00197
-1280985.84687
-1264127.9694
-1297327.35391
-1309129.36028
-1278648.97208
-1272429.86643
-1289564.4365
-1242057.59943
-1277497.70427
-1274982.80056
-1273919.74508
-1296492.06937
-1276906.14915
-1263136.15423
-1283251.02203
-1276883.91757
-1298952.59081
-1279659.26396
-1295987.69429
-1272503.43192
-1307813.95627
-1267326.78841
-1293888.66218
-1285401.04031
-1315323.76143
-1252221.04669
-1294280.69359
-1288375.68406
-1280953.16941
-1284232.99875
-1287781.5627
-1304546.81182
-1290295.77351
-1289648.13913
-1283534.27154
-1281955.04384
-1300964.44899
-1250486.65997
-1255170.85744
-1292884.64791
-1278619.91646
-1298798.65809
-1293080.15045
-1277559.22107
-1303275.66931
-1284954.74765
-1256959.56978
-1307678.90123
-1331889.22891
-1235081.16262
-1291238.30723
-1245048.82916
-1269507.81362
-1303980.67699
-1310542.5311
-1310810.68717
-1301634.64118
-1293143.51733
-1265192.75158
-1297873.64937
-1275394.66386
-1230420.09352
-1325222.66201
-1266574.59113
-1302248.70886
-1247151.91105
-1311711.46849
-1326630.58766
-1302775.9001
-1283995.71794
-1280672.98819
-1305832.89171
-1315781.05404
-1270062.56581
-1294081.14198
-1294174.46525
-1304238.17595
-1315050.484
-1291786.41751
-1252692.14663
-1252269.73693
-1255649.86317
-1292651.9663
-1291439.57766
-1306778.6956
-1302267.68028
-1319034.36972
-1296723.96599
-1273741.97518
-1301067.27809
-1283832.14573
-1262033.21078
-1309006.22096
-1252745.45522
-1286980.95021
-1277028.70281
-1274850.24249
-1299573.38051
-1265564.30508
-1291906.92591
-1288774.39331
-1235932.81351
-1270675.71481
-1315387.94741
-1286519.15909
-1297097.20752
-1305849.84677
-1308891.6337
-1262967.01075
-1272867.65603
-1316581.7608
-1299978.28269
-1301509.15741
-1252684.32562
-1279988.88236
-1276804.41169
-1268331.09026
-1303711.12814
-1326441.88015
-1287962.5242
-1316766.34417
-1261211.47929
-1275219.01103
-1267864.45822
-1297935.38863
-1296993.92012
-1266173.87902
-1306958.57748
-1313987.28455
-1252768.55195
-1254621.55416
-1287014.1611
-1265500.95204
-1292498.0915
-1281612.41584
-1257604.58948
-1320896.10863
-1271660.12916
-1292108.35781
-1277657.073
-1275675.75082
-1291468.43553
-1273775.99615
-1283853.50067
-1282847.34476
-1288356.7728
-1249958.65762
-1287108.82092
-1265732.95666
-1271442.33108
-1290612.36901
-1276320.43564
-1291118.65868
-1265400.06175
-1301264.68574
-1289303.06373
-1303076.75845
-1264167.67731
-1270702.79681
-1278681.52865
-1286076.98762
-1299104.58737
-1308029.733
-1242701.18547
-1294002.55016
-1260651.91669
-1310178.34723
-1320096.79057
-1282857.82711
-1276381.57333
-1284618.41708
-1269618.00512
-1285292.84403
-1320929.97459
-1287940.04729
-1308192.10945
-1303224.1512
-1298449.76503
-1298373.67603
-1286737.20428
-1289339.43733
-1279524.47854
-1320483.64325
-1288865.78508
-1277982.25301
-1299927.60758
-1259071.00787
-1294618.27471
-1295621.45746
-1295473.97806
-1308679.46688
-1295566.81444
-1309175.99174
-1289963.8037
-1288480.9969
-1286501.57915
-1313118.7433
-1282326.29432
-1253120.74749
-1291642.85104
-1289470.42455
-1311560.36866
-1288801.3546
-1291633.83267
-1283534.85179
-1259236.78043
-1287732.99975
-1271713.90008
-1297179.85515
-1286151.76075
-1284802.00187
-1289817.83349
-1287214.80577
-1289156.97388
-1304971.98132
-1247949.01802
-1298355.30659
-1285232.17067
-1257784.35125
-1299209.23824
-1255520.18079
-1289902.85476
-1307383.39993
-1233188.5562
-1289114.25577
-1288015.82875
-1312679.36687
-1244375.41509
-1298297.74789
-1320852.39319
-1266798.70864
-1284188.4385
-1295638.72274
-1278264.44016
-1267307.77057
-1298123.84567
-1302839.47714
-1304877.8624
-1265287.27079
-1290792.77923
-1257514.57145
-1287512.64601
-1273207.67763
-1266819.31241
-1299114.84662
-1303187.60768
-1298262.10161
-1280803.02865
-1257942.23401
-1288906.23301
-1285882.92693
-1277055.37644
-1262588.74313
-1284551.52518
-1301234.97041
-1251435.83618
-1283005.28468
-1313375.439
-1293428.77799
-1294452.88044
-1295393.13869
-1301092.57797
-1292203.06536
-1303125.88869
-1290814.36407
-1275207.28104
-1268317.13895
-1276454.88012
-1220463.84992
-1315272.69296
-1303792.79005
-1270928.60432
-1222044.27192
-1303984.71291
-1287821.64936
-1292772.6226
-1307289.89917
-1275850.59151
-1279284.30408
-1298061.78276
-1252970.54987
-1282950.67351
-1310240.46022
-1286268.43385
-1290251.64684
-1292847.2405
-1272078.66429
-1311682.6913
-1254219.25829
-1288464.89767
-1298969.1247
-1261589.51483
-1261050.0933
-1255441.25037
-1287901.25573
-1306021.18838
-1297065.76595
-1276145.54123
-1304069.20018
-1261019.80556
-1287157.76534
-1262873.39899
-1285726.56704
-1257718.91564
-1290494.37817
-1270885.51214
-1271340.87003
-1276715.62978
-1267804.56063
-1281469.94342
-1268717.31092
-1323178.49942
-1283812.79578
-1297527.98718
-1275881.66259
-1330549.35504
-1278652.24754
-1279765.9133
-1297209.69877
-1267913.32345
-1276812.4681
-1272489.14388
-1275169.60004
-1252567.57792
-1265106.34881
-1269440.70401
-1266641.56016
-1271435.46398
-1287074.5473
-1241037.70976
-1310706.91525
-1267394.35324
-1271025.01313
-1268634.83187
-1310712.75938
-1273286.18788
-1283793.54778
-1299043.10309
-1307662.43526
-1324627.0647
-1291487.66974
-1279762.29935
-1294585.37614
-1267546.04706
-1298223.04197
-1285601.14251
-1278830.28129
-1299853.31716
-1256903.62051
-1320583.9307
-1311458.67517
-1236130.69892
-1315992.22566
-1293279.01364
-1278770.63112
-1304127.92898
-1287194.02676
-1279751.1571
-1264040.49985
-1287555.87846
-1294111.61962
-1252635.48612
-1315149.02194
-1281451.48746
-1285744.02077
-1250225.90958
-1278091.67867
-1259302.56078
-1275899.7122
-1258140.20743
-1291406.53875
-1266413.29612
-1261084.75055
-1280831.99841
-1321735.85586
-1293874.6823
-1312062.10292
-1304151.46953
-1292592.05262
-1271691.86862
-1306076.82477
-1293121.36724
-1265369.12092
-1248964.07717
-1302593.87871
-1281302.05079
-1281905.04549
-1318829.55322
-1243394.63421
-1304369.19726
-1305196.05565
-1286388.45781
-1278357.11957
-1267901.75055
-1289652.35096
-1286408.34329
-1308931.82864
-1284639.8944
-1269067.84007
-1314789.75577
-1282981.92753
-1284540.03248
-1295041.37664
-1286922.59778
-1298215.02477
-1290402.95897
-1298193.42619
-1286955.12017
-1265787.90667
-1259229.9951
-1290272.98604
-1276062.39534
-1296737.63197
-1286315.41241
-1301711.36426
-1292156.6987
-1295293.11096
-1275847.56037
-1286438.83661
-1245437.27367
-1260715.65825
-1296568.3514
-1320705.64719
-1278857.30606
-1259497.38393
-1279637.37024
-1309086.69535
-1284260.68131
-1293527.68292
-1296609.104
-1281222.63837
-1289444.71226
-1269923.70022
-1301225.43134
-1259333.02932
-1323640.97531
-1296353.13608
-1275203.89633
-1279724.86038
-1288906.86387
-1286900.53329
-1235549.08814
-1292547.42776
-1254642.66915
-1266116.3065
-1248356.41114
-1255985.03708
-1292123.5724
-1275988.77597
-1258229.46029
-1294056.1881
-1293032.16163
-1293221.51694
-1295064.99506
-1319255.1756
-1286301.61238
-1301527.86046
-1288453.82081
-1284918.28233
-1255438.23757
-1296661.77896
-1286485.27474
-1309223.80503
-1297023.73887
-1295896.75553
-1264682.97232
-1250403.71214
-1320915.32358
-1300624.82977
-1306859.76047
-1294925.71386
-1301347.20634
-1290392.12148
-1278385.7785
-1296951.56996
-1297476.76904
-1307251.69304
-1286306.96925
-1283965.42314
-1281325.80652
-1281760.87257
-1274517.80419
-1293789.62795
-1281179.58276
-1280290.10738
-1276882.8736
-1293868.02122
-1291777.61705
-1289052.46748
-1289572.98245
-1294977.13608
-1223619.6549
-1299349.30546
-1268078.95649
-1278437.5088
-1294243.88141
-1304830.69497
-1308030.44017
-1289175.55621
-1288626.15641
-1308796.1359
-1294279.85322
-1262587.1154
-1313578.08598
-1323494.47927
-1283928.38307
-1251430.83055
-1291011.18368
-1293967.7615
-1270044.12063
-1283669.50305
-1289387.2112
-1273591.65135
-1302750.05264
-1315365.84097
-1244875.85546
-1289826.38988
-1265503.54679
-1286585.40237
-1262515.70548
-1310188.36019
-1241309.93575
-1333785.58929
-1280473.0101
-1298645.75859
-1290241.86349
-1281141.58418
-1276018.75923
-1277238.69576
-1298131.24305
-1286265.76384
-1273522.71506
-1252635.61646
-1269122.40725
-1275908.23303
-1264107.25324
-1315066.32693
-1305476.09189
-1283518.22998
-1302427.72197
-1273581.21176
-1322364.4529
-1295073.31171
-1282015.87244
-1274771.25961
-1268638.88165
-1309866.23933
-1289532.13848
-1302612.46199
-1271951.86108
-1298997.92316
-1314953.70797
-1300562.23634
-1275503.30343
-1274551.61927
-1276084.9965
-1289341.41482
-1310277.49939
-1273795.01224
-1320461.31776
-1311151.3201
-1306117.42385
-1310776.05727
-1246781.5237
-1317498.55992
-1273812.67826
-1279037.4904
-1320032.3442
-1275586.22356
-1237733.14209
-1305056.77202
-1282668.20275
-1250860.15094
-1287245.002
-1281657.89688
-1276135.65585
-1294618.15129
-1287863.38743
-1262226.17151
-1286530.93489
-1305154.74572
-1301883.05226
-1300304.88378
-1287823.13682
-1254367.85901
-1279257.68379
-1318750.97167
-1277679.71464
-1294062.76023
-1295150.43094
-1286989.6734
-1262816.86267
-1252246.99991
-1277834.21694
-1278585.76791
-1298119.54502
-1292270.39566
-1274188.96852
-1282520.75347
-1228917.90808
-1257642.26717
-1320490.44545
-1276167.60295
-1307551.68777
-1272020.76309
-1257694.89896
-1288353.45215
-1247330.61685
-1282339.99327
-1309448.0028
-1289696.60954
-1292987.60497
-1268108.94879
-1252192.62667
-1302692.07076
-1300742.80007
-1327459.54548
-1259377.911
-1287477.86218
-1273222.04281
-1266209.80065
-1333908.31606
-1294383.9011
-1260822.60946
-1302799.07244
-1302420.72373
-1297602.19846
-1272369.547
-1270219.35654
-1259945.80664
-1244468.48988
-1294791.60253
-1305486.78522
-1295350.69928
-1294744.73342
-1282012.73997
-1241213.19165
-1296629.48844
-1301051.90955
-1270729.08434
-1291483.44497
-1266900.63735
-1294366.83792
-1296687.84147
-1266399.36638
-1284456.55352
-1273025.36216
-1306203.00684
-1249274.89405
-1282542.93559
-1288853.53445
-1301046.51697
-1271894.0812
-1294213.20262
-1271108.40884
-1260676.99341
-1281189.59251
-1298815.66475
-1300438.61029
-1270760.25404
-1270711.6555
-1262170.36976
-1324210.05601
-1313253.29412
-1288946.19298
-1292220.99665
-1252915.12114
-1274152.66893
-1270103.98162
-1285610.77587
-1307739.67202
-1266903.40846
-1291067.83046
-1274368.46417
-1272260.63861
-1275475.74715
-1298521.92299
-1252896.97511
-1294484.99106
-1285103.39592
-1269276.96578
-1302013.32241
-1285225.12096
-1299282.71084
-1263953.65403
-1303157.95858
-1255750.2109
-1255295.03659
-1313550.15191
-1255527.63285
-1269462.73718
-1250992.82239
-1301828.49045
-1290862.55983
-1296637.32209
-1245122.18958
-1266366.53999
-1261206.27849
-1330416.19308
-1280588.711
-1282842.34531
-1303024.04199
-1292521.26275
-1268073.42375
-1296945.67365
-1289691.7592
-1282483.39841
-1267949.78708
-1304879.69731
-1265885.73573
-1267862.58749
-1295748.30101
-1279914.45334
-1267320.3527
-1276572.25839
-1268783.43336
-1289924.08239
-1301408.48847
-1264584.91285
-1302435.55923
-1239718.16831
-1278470.89187
-1315069.63747
-1299470.55245
-1271876.30437
-1272606.40465
-1312373.52243
-1276454.56021
-1284211.6073
-1308419.9442
-1285034.34358
-1309939.10877
-1282347.99783
-1281956.36504
-1279010.42706
-1229239.53646
-1323477.51182
-1286547.97687
-1268666.19629
-1277338.14922
-1300923.5306
-1295355.62779
-1294363.14708
-1272263.05152
-1307560.76468
-1299321.71584
-1270225.10976
-1290789.11386
-1307595.22773
-1307804.5121
-1271506.72082
-1266683.19443
-1276274.3362
-1290442.1
-1297906.60665
-1281595.78256
-1318788.86139
-1328283.72275
-1288515.15937
-1277877.87614
-1292449.68162
-1288995.05207
-1298437.71201
-1256965.14391
-1296245.60081
-1290675.55588
-1270346.55382
-1288843.26422
-1262794.02085
-1277247.45644
-1255238.08613
-1268913.62773
-1279831.77259
-1260724.90491
-1248599.64501
-1279821.16248
-1303368.90456
-1273874.38056
-1314261.26062
-1252875.98345
-1278974.43422
-1292087.70997
-1268852.53847
-1254886.49795
-1286824.8176
-1299954.62438
-1286453.02337
-1270094.38868
-1295142.55024
-1255764.87367
-1290972.40863
-1255690.86107
-1266354.75074
-1305861.51553
-1235131.81626
-1304495.08268
-1304494.93005
-1280087.83997
-1273375.1925
-1279480.89095
-1280358.62444
-1297691.4786
-1295196.80389
-1311312.97881
-1296076.05236
-1250981.68853
-1287174.71615
-1308289.43873
-1279944.25795
-1271440.42102
-1275949.69424
-1308031.42571
-1290901.78547
-1255028.8412
-1280992.09774
-1275314.98645
-1287311.11105
-1293835.8439
-1246021.67192
-1292953.02629
-1316299.93912
-1291748.27839
-1306962.31088
-1275091.53327
-1293528.34323
-1298076.74788
-1278135.97241
-1287917.2217
-1297946.30881
-1293843.37629
-1329079.62409
-1253406.70016
-1268609.13048
-1269469.74491
-1292548.2705
-1282345.34065
-1243896.79898
-1283873.11823
-1279774.19953
-1284626.31724
-1258823.76312
-1258469.80418
-1279455.02608
-1305165.49949
-1284211.2094
-1283908.11764
-1244975.28566
-1247386.77658
-1269410.73303
-1252422.01322
-1249759.41911
-1249041.15631
-1257291.43736
-1315215.33285
-1286098.95462
-1280506.61484
-1267120.71791
-1315895.69055
-1284311.42325
-1318255.0333
-1276850.71073
-1283360.45174
-1279837.55665
-1249298.5579
-1302091.54581
-1274955.39468
-1285317.30575
-1287360.45976
-1290999.65819
-1256093.32589
-1284412.99705
-1245678.12577
-1276140.58703
-1264234.78039
-1318037.45009
-1311736.8232
-1297944.2234
-1316027.3876
-1306083.85017
-1239147.50082
-1282257.81772
-1295785.28307
-1299854.2493
-1280617.72258
-1291145.52178
-1313498.42284
-1265893.0442
-1262580.96817
-1270828.73399
-1268543.6372
-1287268.90734
-1275194.11443
-1267668.01792
-1273410.2551
-1267087.4883
-1275436.72766
-1279426.11627
-1289342.08994
-1256527.73067
-1302689.15916
-1288152.24025
-1259964.22946
-1288442.88145
-1250712.06672
-1322752.71329
-1332513.61337
-1305560.12989
-1287205.94337
-1256843.02547
-1292092.74762
-1276587.89698
-1280058.06367
-1263843.25877
-1302164.63902
-1282732.85948
-1295351.27225
-1281523.37189
-1305876.78734
-1318276.8887
-1230249.02232
-1301265.69503
-1317618.87249
-1302256.73527
-1225120.41397
-1292551.37124
-1294666.69881
-1312159.94435
-1289351.26062
-1238579.93941
-1253668.67488
-1296661.89631
-1261979.36706
-1266363.75802
-1284735.07571
-1286518.26089
-1280770.33316
-1281380.41102
-1293857.53761
-1276717.10173
-1281867.78291
-1253740.90684
-1279036.46633
-1282555.30929
-1280055.2387
-1292981.92074
-1285043.97164
-1309466.40855
-1260481.09376
-1277514.91119
-1246369.37177
-1291716.9717
-1284173.1468
-1279430.11475
-1292000.81127
-1306003.40694
-1297588.50442
-1267029.61514
-1271924.28466
-1299891.92783
-1243345.49088
-1279477.35083
-1274825.91723
-1299297.33979
-1341924.40804
-1251004.52185
-1294502.92706
-1279864.53234
-1255194.00022
-1257357.21569
-1301145.53542
-1281137.63375
-1299516.82415
-1306826.53872
-1255589.46957
-1274843.07237
-1283219.13817
-1310380.18233
-1321998.66213
-1247193.62134
-1243537.82384
-1281488.04998
-1293532.69062
-1275009.85856
-1289633.36925
-1310024.52186
-1314771.95335
-1302978.94179
-1291775.46478
-1288522.45572
-1298531.40395
-1291994.68099
-1268246.43293
-1279308.13047
-1298519.95767
-1245160.9674
-1302953.72073
-1302771.39159
-1261402.72402
-1301077.91316
-1287657.7091
-1258253.03942
-1315238.48029
-1283089.99783
-1270564.97104
-1278508.15645
-1298647.46794
-1276677.65923
-1263929.84621
-1273241.55161
-1307912.71307
-1291665.96701
-1308561.44614
-1282315.79423
-1292850.15875
-1284735.58604
-1289461.49379
-1278851.70579
-1303956.88908
-1283458.04083
-1280419.48367
-1287085.05457
-1266807.56642
-1294104.27775
-1296599.23195
-1270193.92839
-1245533.61275
-1273527.54962
-1266428.38523
-1262756.09044
-1282986.58702
-1284658.72992
-1248740.20815
-1262566.23967
-1281552.43237
-1281454.12411
-1308670.35007
-1279707.28527
-1283834.85124
-1294368.29264
-1256426.65816
-1287987.47148
-1286732.32885
-1284063.14337
-1317315.95892
-1252048.11778
-1304037.19978
-1259864.42413
-1310237.37913
-1261671.09392
-1260814.10942
-1278476.92193
-1250453.09277
-1316534.92216
-1268581.75338
-1316723.45968
-1273710.85773
-1292788.10692
-1325433.16567
-1285984.001
-1297467.59531
-1299402.23185
-1296198.23393
-1313242.73781
-1284374.20217
-1231460.96501
-1294184.17924
-1261712.94688
-1272709.83262
-1282898.45144
-1276327.41255
-1299274.26327
-1298055.02637
-1296097.91172
-1282103.00207
-1254318.79853
-1271676.90758
-1279572.14636
-1294466.68225
-1316352.77865
-1243694.67875
-1325097.13998
-1295778.96704
-1309214.03107
-1292054.42614
-1254382.06407
-1295516.98431
-1277435.02741
-1271828.89003
-1295293.02659
-1266315.54889
-1303252.76056
-1299524.34091
-1276471.00243
-1315959.53038
-1246967.36732
-1267219.70713
-1244435.61943
-1301416.19152
-1331916.45016
-1258619.04094
-1287767.24887
-1309406.70206
-1284774.59605
-1284654.65672
-1274207.59405
-1291806.61193
-1285677.21799
-1266880.35217
-1289038.70372
-1271167.79999
-1290243.188
-1254603.37553
-1276927.09437
-1294688.07531
-1264644.32989
-1281987.23018
-1281321.49109
-1305632.92532
-1306803.449
-1296927.96526
-1273811.16035
-1290711.82571
-1315323.64379
-1299538.81164
-1332954.15541
-1304273.53626
-1327399.11388
-1291181.47153
-1273684.7314
-1303818.95493
-1265794.93213
-1281521.02586
-1255737.04338
-1275509.37086
-1272527.39194
-1268803.73884
-1309180.38701
-1265080.08324
-1303793.483
-1287079.1457
-1267048.46265
-1291241.53798
-1261149.16423
-1325027.608
-1292144.95534
-1279239.59902
-1296286.86816
-1275421.11111
-1286609.57371
-1267467.2707
-1269490.14303
-1302160.50791
-1284469.41867
-1291373.60002
-1255835.4009
-1277261.31968
-1251558.4275
-1312220.01136
-1324956.50255
-1254545.20546
-1301748.05864
-1298438.70241
-1330617.54709
-1279120.58962
-1283062.52631
-1304500.78339
-1302120.13481
-1313866.92301
-1298292.61785
-1249753.67996
-1279565.51141
-1285391.76066
-1282074.2787
-1273583.68506
-1294612.47375
-1263514.92175
-1307936.5681
-1273652.73678
-1297333.82932
-1262358.40564
-1325038.28651
-1318399.26899
-1323900.48404
-1238923.52733
-1298655.32576
-1291071.89275
-1232990.21687
-1283413.07112
-1298750.40619
-1264486.067
-1253230.29271
-1297137.39293
-1312512.56092
-1311397.3671
-1283068.87335
-1269120.39614
-1272756.41528
-1314872.65134
-1315233.24984
-1270955.04615
-1281293.21866
-1292406.38655
-1314488.78721
-1288375.46502
-1317774.72755
-1252482.51087
-1289735.59619
-1276791.74415
-1312893.50129
-1257349.19358
-1266971.50082
-1264454.01116
-1267417.3456
-1304878.07537
-1272573.62573
-1237685.44236
-1294527.64497
-1277398.67186
-1314253.72692
-1282533.24366
-1275057.64577
-1284051.38069
-1295620.89264
-1310236.105
-1248616.77811
-1251221.03387
-1293312.48104
-1280616.72927
-1308895.38223
-1293952.97032
-1246249.24448
-1289687.71537
-1296830.56536
-1270943.06455
-1287588.20633
-1281917.52678
-1290681.09162
-1291812.97438
-1294672.41304
-1310757.35227
-1291005.01746
-1263755.34636
-1276401.23389
-1298215.88337
-1285320.7552
-1284432.03771
-1302395.58092
-1304114.32652
-1273947.51812
-1272770.56963
-1278027.48679
-1265653.90312
-1266857.88237
-1239768.24275
-1241903.21567
-1243502.87742
-1287166.51873
-1270932.24978
-1280422.76169
-1305116.79337
-1282935.73809
-1286644.12047
-1283540.63601
-1342490.3954
-1319332.7432
-1322664.70087
-1283280.4177
-1281973.34509
-1257174.53813
-1271824.18376
-1263176.62472
-1250417.69312
-1279173.0591
-1295543.11345
-1255500.1821
-1295100.60799
-1297492.25504
-1269675.39338
-1278018.99536
-1264706.52881
-1251148.35011
-1301440.78456
-1308161.01145
-1278464.93123
-1278342.51409
-1284973.07309
-1307833.08895
-1307695.50103
-1233095.04246
-1262996.95211
-1248794.87341
-1271714.61121
-1283885.60983
-1282477.28676
-1270492.7911
-1258673.31173
-1314176.13239
-1260172.05477
-1265445.6759
-1281363.93954
-1306118.63993
-1278380.31195
-1287046.75495
-1260917.36311
-1268598.74149
-1266913.53788
-1310383.23426
-1301985.16157
-1282846.28064
-1269650.49776
-1265423.55358
-1293630.69408
-1288165.60975
-1261007.91728
-1301206.8003
-1244002.95953
-1272607.07351
-1244371.17116
-1283879.89689
-1260041.48635
-1292642.72297
-1309469.92396
-1292471.98112
-1305477.02793
-1298275.25091
-1301616.85131
-1300588.16914
-1265367.8658
-1240595.77886
-1253193.99349
-1253846.57233
-1278607.46136
-1289480.50661
-1291563.76513
-1277249.322
-1282264.64826
-1285969.13037
-1281696.65009
-1277561.71811
-1286011.0499
-1295889.26997
-1301965.27458
-1283465.00319
-1275818.18681
-1299819.80277
-1295920.52487
-1262795.24182
-1241660.18811
-1295658.79126
-1272941.65986
-1296299.95019
-1224341.29501
-1273404.82082
-1292774.32357
-1303168.75833
-1271493.50212
-1288257.36684
-1302230.36737
-1271915.33097
-1282157.1001
-1294000.44808
-1283654.86239
-1307293.23786
-1275187.93102
-1270613.34229
-1291663.37549
-1311416.59002
-1254346.05655
-1271343.36677
-1267656.11937
-1291055.4211
-1266228.63102
-1291588.38627
-1294791.03069
-1271591.7068
-1268297.1106
-1294086.34904
-1317879.0536
-1259641.66671
-1302766.50055
-1296629.58903
-1308761.64365
-1315214.14181
-1271452.50014
-1239612.28537
-1291312.98857
-1283885.49538
-1268023.17713
-1259991.83759
-1302638.20239
-1258341.73432
-1258918.29731
-1278688.20313
-1286181.09503
-1305163.99675
-1295151.46455
-1295436.44868
-1280971.37323
-1264497.38657
-1315745.17309
-1276350.37832
-1296325.15648
-1289020.68756
-1277713.55205
-1291759.4876
-1276743.29788
-1252547.85372
-1255278.58903
-1285468.51991
-1313456.09918
-1257813.2388
-1270153.32604
-1303407.97271
-1277703.49567
-1277283.47316
-1290559.44919
-1262588.8243
-1308278.24558
-1314308.52974
-1307707.66501
-1281102.31882
-1283849.0066
-1289893.53173
-1274091.53974
-1265094.16251
-1290837.49165
-1287834.30144
-1274428.45443
-1279233.55
-1308344.12798
-1303380.6238
-1279710.30851
-1282527.06583
-1280479.73708
-1242508.50423
-1253630.66449
-1263251.17146
-1271772.06252
-1290825.76007
-1297078.27583
-1304067.9354
-1287889.05568
-1314047.88873
-1295692.99506
-1291969.62499
-1283105.60334
-1294394.76624
-1286511.20347
-1239093.58579
-1266715.91336
-1265751.53343
-1285365.21118
-1255810.54093
-1246986.64298
-1290129.80937
-1291780.42751
-1316044.66929
-1282067.69837
-1289362.93898
-1310129.68428
-1265044.73591
-1279306.34015
-1270148.21636
-1311417.81754
-1298052.85461
-1287892.49212
-1279121.92045
-1256234.96714
-1259035.95708
-1268924.90243
-1217977.7657
-1280059.68224
-1266572.53311
-1275727.1971
-1267193.03
-1310094.64109
-1272268.43274
-1244637.93552
-1327648.70533
-1282744.74592
-1303628.08226
-1272515.26559
-1280209.3904
-1288026.7919
-1258866.26116
-1297658.35835
-1259683.35463
-1254286.97529
-1309172.21598
-1292372.66957
-1301014.11842
-1285030.67072
-1310071.67122
-1247728.53949
-1283936.06768
-1268905.11132
-1305211.88948
-1305007.81774
-1301936.16676
-1282023.71278
-1287800.03829
-1301104.53752
-1288566.48691
-1295352.81448
-1298095.47636
-1290758.63938
-1256151.96629
-1252127.2051
-1297029.62555
-1280325.11093
-1301202.83056
-1288310.35836
-1295027.4343
-1265809.0931
-1276142.92126
-1235439.95276
-1291173.29877
-1300793.97223
-1271728.89689
-1234571.5345
-1283064.64615
-1258719.13431
-1292551.29965
-1306071.28191
-1299458.15623
-1270276.20498
-1256708.96478
-1313582.87254
-1296080.30357
-1281900.87717
-1264629.0694
-1291415.25826
-1281432.55842
-1287623.96128
-1266945.59553
-1263407.30053
-1263188.27535
-1287836.52827
-1284100.73386
-1269023.83002
-1284813.5271
-1256313.34519
-1297967.32335
-1287936.17297
-1278041.14477
-1301844.49879
-1278965.26869
-1287741.47356
-1297460.47373
-1287271.47726
-1278932.92484
-1287798.83707
-1292931.29757
-1243676.06424
-1325312.96252
-1272543.9451
-1268889.97337
-1324454.12317
-1303138.86913
-1225298.28392
-1259852.85894
-1294772.08553
-1292311.59993
-1275346.75446
-1288737.20637
-1295192.9214
-1220404.46835
-1303714.66457
-1247310.39488
-1285256.3076
-1290860.3708
-1243164.15344
-1319562.87464
-1294698.6729
-1290426.42995
-1311059.63691
-1266494.14131
-1259366.72518
-1316049.95794
-1244920.26787
-1285786.65634
-1306066.67177
-1288940.63162
-1317771.97599
-1337808.63428
-1313609.63296
-1304273.30037
-1254112.31136
-1256125.91329
-1272851.07769
-1266069.15002
-1277523.28852
-1315165.72233
-1271277.69898
-1221298.46975
-1346309.37701
-1286828.13524
-1273577.65824
-1332859.45471
-1272233.87688
-1274848.24859
-1293099.90427
-1328080.07919
-1289004.14089
-1301161.57486
-1280301.7049
-1319038.58927
-1268612.43089
-1261638.42395
-1302566.60635
-1280591.68981
-1281517.06344
-1279078.91537
-1248844.4952
-1282988.99207
-1311539.02362
-1283554.93285
-1288914.87923
-1293690.68202
-1290536.39483
-1280111.45751
-1269125.0491
-1274686.88366
-1301309.96215
-1286060.06313
-1255863.05946
-1229241.63914
-1265884.2578
-1255463.42569
-1259888.08329
-1303401.47015
-1242813.33646
-1267205.82891
-1263971.33269
-1301464.25954
-1288742.19372
-1264150.32228
-1280350.59124
-1293403.2971
-1258185.53292
-1278520.52033
-1271519.85401
-1294743.90943
-1306403.98972
-1285246.79034
-1275172.37295
-1245269.78708
-1277830.59617
-1285826.07002
-1273473.25706
-1272148.79652
-1277821.74831
-1313812.92205
-1250574.83189
-1238637.77425
-1342239.46464
-1260992.44204
-1269811.92171
-1284618.0053
-1273343.81201
-1294810.09848
-1316004.90188
-1297984.8831
-1268291.28196
-1256345.51031
-1324193.43827
-1307072.04968
-1275296.91977
-1294358.7218
-1262745.24558
-1271867.05105
-1219514.29184
-1320321.25181
-1279042.56382
-1267044.27379
-1302396.59256
-1279789.93591
-1271442.09769
-1287759.72437
-1245420.62602
-1281094.03961
-1264979.32759
-1309267.34903
-1311650.19075
-1266259.80596
-1304337.75029
-1301266.29999
-1268808.56359
-1269757.26294
-1283719.99779
-1274099.25693
-1276159.29693
-1278707.82018
-1248618.74196
-1240712.73758
-1281408.57868
-1247589.88856
-1234677.84981
-1254644.85497
-1239489.64733
-1267663.55858
-1249130.63162
-1296678.18222
-1300835.36129
-1291994.99119
-1256724.23762
-1288421.80471
-1303391.23597
-1299901.86765
-1262440.21619
-1281278.97281
-1313746.50121
-1304269.81766
-1209981.53664
-1252666.62513
-1311145.27916
-1292879.0704
-1253798.88649
-1260929.91577
-1263488.42539
-1272668.46859
-1287308.61369
-1295868.54054
-1302938.03942
-1282185.49571
-1258936.11051
-1281217.05815
-1274157.18409
-1273756.86408
-1243024.40155
-1242942.57544
-1301617.02267
-1294080.54134
-1231654.33153
-1245264.16181
-1309006.62915
-1280051.27333
-1275318.51651
-1264181.44092
-1241267.40041
-1263735.6546
-1304681.39245
-1299687.36697
-1265601.78581
-1277811.06163
-1305665.45552
-1272346.37244
-1237843.23872
-1274839.79641
-1242643.31682
-1228250.26261
-1243846.14586
-1304489.95945
-1252156.26413
-1258052.53034
-1301551.7103
-1245806.36283
-1256595.92103
-1272659.80178
-1256301.33172
-1310919.5541
-1280672.55376
-1258362.19391
-1274560.76846
-1238055.55105
-1272372.32664
-1301154.18048
-1273460.33943
-1274755.16276
-1241914.7372
-1269374.03963
-1265947.861
-1313306.04506
-1230371.909
-1273131.96223
-1300026.55747
-1292126.92654
-1278032.23935
-1278244.12502
-1259794.14334
-1284442.82915
-1307223.95953
-1318532.27454
-1287876.98095
-1271942.54869
-1275549.2081
-1302510.0696
-1230633.67252
-1297897.22439
-1271066.72163
-1265718.6963
-1276938.62828
-1292995.17751
-1251608.83486
-1285871.41557
-1274184.91491
-1248769.56867
-1245095.67979
-1282888.47163
-1263224.2363
-1293425.0253
-1283337.25946
-1300341.41647
-1305037.66228
-1257977.47681
-1294815.18876
-1286123.04759
-1272487.39126
-1256053.70488
-1275682.67007
-1260752.88565
-1260990.79068
-1295077.84543
-1232503.463
-1251315.43784
-1293901.58315
-1281619.41192
-1271498.04516
-1294521.78883
-1241464.49542
-1280317.06508
-1283490.60547
-1300346.8992
-1304953.99561
-1274588.72637
-1289863.39846
-1303384.21556
-1272766.48392
-1251019.60295
-1252256.0109
-1265698.61604
-1284106.75261
-1271209.64128
-1276188.47792
-1295199.26304
-1294046.60794
-1234255.32473
-1266933.05047
-1292781.20814
-1326932.62581
-1322425.35837
-1261177.77482
-1302706.68133
-1299468.4703
-1267508.53701
-1256625.05446
-1291152.03959
-1272382.03748
-1265695.16152
-1284693.7695
-1234856.78768
-1256002.8486
-1243369.82217
-1302540.31469
-1277810.87985
-1289370.55457
-1232627.85459
-1290568.52096
-1288461.59277
-1291151.81077
-1266541.57015
-1297890.07085
-1261419.3738
-1301813.28069
-1284156.16965
-1263228.08725
-1256424.96264
-1287742.66655
-1275337.54295
-1279587.42845
-1239483.56757
-1305987.7297
-1303042.91619
-1282097.54748
-1284390.23999
-1276344.15529
-1240800.42484
-1283142.87646
-1265888.04152
-1271888.05457
-1262880.72997
-1302053.58335
-1271241.62763
-1302597.29929
-1284053.6082
-1285591.07157
-1291783.87499
-1282648.33331
-1269197.53277
-1248139.64163
-1261885.43363
-1282933.49826
-1303085.0942
-1285004.65655
-1285758.87149
-1283485.39221
-1247255.68948
-1289030.10851
-1292073.77353
-1284816.05167
-1291716.83626
-1306672.11147
-1299232.53561
-1284406.1525
-1287582.73367
-1277585.87138
-1262881.75152
-1266020.04951
-1291802.21469
-1267167.18427
-1251691.20526
-1310190.7332
-1276829.89764
-1273476.20983
-1271714.40601
-1316495.72272
-1274793.72047
-1305821.97934
-1284067.61897
-1260059.47477
-1306245.36951
-1295808.86841
-1276986.70582
-1280841.7666
-1283799.37764
-1278196.98105
-1311807.57337
-1267516.98032
-1282770.10501
-1304802.07756
-1212478.86344
-1294833.95195
-1295594.00183
-1297418.0835
-1301541.58846
-1303641.04489
-1276237.7514
-1252936.31775
-1264970.10239
-1251706.04265
-1284936.30438
-1302805.43561
-1284301.25791
-1291478.57943
-1276682.4765
-1276447.40651
-1297953.18031
-1275852.09155
-1293210.69067
-1241124.37671
-1253153.69162
-1259723.99147
-1306009.36838
-1287052.18467
-1262251.26871
-1279579.56484
-1284525.5227
-1289017.57643
-1289936.3838
-1224006.75825
-1282732.8584
-1286238.67793
-1262895.14557
-1320268.03793
-1268650.05508
-1247960.13466
-1305482.52463
-1268202.66691
-1257865.2785
-1284170.57788
-1227197.15775
-1263011.71293
-1272758.99905
-1287813.70994
-1232768.63883
-1323819.81211
-1294474.66447
-1247711.01175
-1287700.67678
-1250553.5986
-1285717.99783
-1312812.47697
-1276451.64095
-1273913.13512
-1279851.57791
-1272203.56752
-1312637.70851
-1251277.93467
-1216853.54176
-1285183.15359
-1212636.98251
-1273744.50671
-1323679.23516
-1292548.36178
-1308324.31651
-1301902.8352
-1261684.01511
-1277319.87945
-1275744.15038
-1265813.39801
-1303026.28917
-1294489.52628
-1298513.91189
-1293206.72982
-1271145.23354
-1282789.22892
-1276617.38594
-1271213.43067
-1277492.81289
-1292921.16573
-1248271.48783
-1290737.05637
-1312097.29401
-1257804.526
-1245570.26065
-1269147.33844
-1330069.98137
-1239336.22837
-1297008.55699
-1311886.4177
-1269148.1424
-1265653.42737
-1305881.61825
-1309549.06138
-1275749.17974
-1306693.11016
-1288741.96018
-1281433.07088
-1282970.96603
-1288417.99904
-1264857.35776
-1262866.68371
-1312645.78385
-1277805.4059
-1267989.8963
-1320744.81545
-1301245.80788
-1299152.12862
-1292955.33559
-1270543.57849
-1295808.19943
-1262499.16811
-1295645.22686
-1285782.59095
-1240192.6015
-1315229.66373
-1295724.3056
-1246106.27508
-1279908.95997
-1237274.68798
-1257544.07994
-1247034.81934
-1305389.34925
-1288495.46531
-1263576.78606
-1306603.70615
-1297583.1566
-1260807.24069
-1233315.66457
-1272271.94142
-1281721.07458
-1291094.96444
-1277489.97187
-1285657.34505
-1274178.40948
-1299114.42019
-1304655.27163
-1278570.9862
-1293624.51217
-1270762.63884
-1270826.92033
-1285991.9326
-1311423.81415
-1241830.51059
-1305492.47076
-1281899.40495
-1262528.49738
-1284913.5818
-1291326.0515
-1278425.49933
-1272943.5769
-1267287.4747
-1244906.16326
-1297604.72144
-1281846.62195
-1270361.18784
-1265701.6858
-1259807.51262
-1272204.83589
-1287153.46827
-1228897.55024
-1277672.9802
-1302870.61369
-1283163.48499
-1254541.91749
-1275104.69301
-1294770.40784
-1283650.46688
-1261843.27886
-1296317.29887
-1326246.3454
-1272327.59885
-1265352.06439
-1275774.74738
-1276778.28296
-1261999.13017
-1254372.71949
-1297904.27596
-1289169.75882
-1271959.82614
-1238700.12283
-1247427.76797
-1299818.95546
-1308778.88743
-1259026.6643
-1289603.78156
-1269196.61137
-1220427.26414
-1286330.24058
-1283393.8912
-1302754.33568
-1241640.85417
-1261841.88785
-1306728.55847
-1294706.79127
-1263467.48383
-1285705.08213
-1294785.57285
-1317908.56351
-1247414.86777
-1270421.16122
-1276302.70927
-1308218.12172
-1246803.51757
-1281083.73108
-1278429.38817
-1262018.25226
-1277744.91083
-1255292.10452
-1283484.61092
-1319537.11366
-1299778.13266
-1261272.59523
-1301340.90495
-1285672.15704
-1275322.099
-1242785.08961
-1293565.41668
-1307434.72104
-1317050.02549
-1272562.86809
-1242687.28358
-1275072.94017
-1296454.34586
-1273136.99412
-1258162.40215
-1272255.85429
-1303830.28195
-1293644.5871
-1282851.17885
-1303065.28323
-1295933.35054
-1304529.04281
-1308108.66355
-1282809.59861
-1313479.22421
-1297003.81063
-1278266.51917
-1285948.77311
-1306074.76266
-1253541.04637
-1233299.68515
-1276822.40463
-1300213.98109
-1251926.82237
-1305520.78863
-1305385.46078
-1287957.76847
-1263088.01209
-1284846.39555
-1302303.97525
-1257253.83183
-1281814.86541
-1293702.34014
-1305367.22436
-1282954.77674
-1265634.2458
-1302170.62424
-1281425.92708
-1298544.44076
-1309169.92292
-1212699.90295
-1312590.73867
-1281530.57263
-1275927.81439
-1325118.84691
-1278650.00268
-1271405.38562
-1298973.10795
-1244222.36504
-1263333.62773
-1276923.29015
-1262620.36222
-1317125.90699
-1278102.14282
-1289785.67828
-1278502.66149
-1252816.42822
-1304499.34294
-1310158.62272
-1253586.6715
-1245758.06179
-1296480.5898
-1236558.62459
-1272469.78925
-1308794.45998
-1242561.10229
-1272366.13597
-1261682.49831
-1216694.46252
-1301609.52819
-1263251.44033
-1302738.69257
-1252447.23718
-1283395.51506
-1320064.6589
-1282331.14804
-1293665.17173
-1287202.50624
-1299571.42676
-1258061.25126
-1299983.00059
-1288972.87869
-1263655.72124
-1269333.07589
-1303909.08362
-1297027.99049
-1258707.82928
-1285340.89682
-1271600.69771
-1329809.07715
-1274386.73872
-1281288.20276
-1252675.14243
-1300570.46327
-1287198.13794
-1245725.31131
-1299974.41269
-1288354.15263
-1326278.3743
-1245991.22137
-1275053.21306
-1293433.9238
-1269310.04803
-1278394.14325
-1287281.7116
-1231692.95398
-1278739.3736
-1309180.70172
-1306194.44094
-1289045.36096
-1272948.08433
-1293658.33146
-1292976.11377
-1293602.33591
-1293854.22841
-1308852.25127
-1270778.15436
-1294524.92677
-1268293.97076
-1278849.16054
-1244063.94121
-1308553.80164
-1242176.96346
-1286826.34809
-1293029.15141
-1268405.76344
-1264328.0672
-1275599.89263
-1277086.04649
-1276967.35335
-1290566.20664
-1311691.78741
-1304806.82394
-1270098.54012
-1293193.45904
-1236740.5766
-1282061.13181
-1286362.0232
-1296108.8129
-1255355.24897
-1246686.73542
-1290334.33932
-1254610.59941
-1312862.16188
-1329435.35355
-1263820.34827
-1261385.96241
-1275291.87482
-1301348.39682
-1286918.06043
-1279918.41693
-1309702.37809
-1297931.59851
-1342274.5956
-1279642.17199
-1284995.48416
-1298602.78829
-1309655.71716
-1291875.37386
-1279937.5354
-1265895.55091
-1280589.62069
-1207602.45003
-1287100.87881
-1315709.76424
-1271397.56738
-1289630.82286
-1281223.56508
-1251143.86719
-1301243.35249
-1277271.06112
-1260577.44177
-1274352.65864
-1242012.76512
-1267167.49477
-1306118.68502
-1235893.33834
-1303007.45433
-1284450.49432
-1283859.42319
-1266769.00248
-1302446.35939
-1263916.1653
-1282085.85053
-1314230.29502
-1260643.33488
-1297771.62515
-1291050.99193
-1291735.56765
-1277474.69495
-1268443.46141
-1271308.13156
-1278397.69033
-1257934.18985
-1287093.08838
-1260860.06023
-1286689.69801
-1275186.50017
-1289730.855
-1256542.74304
-1247178.71411
-1260552.92274
-1281083.19467
-1249545.44126
-1295722.04972
-1286200.77065
-1311290.47571
-1272383.27024
-1283900.45743
-1315546.68257
-1257066.18431
-1294195.90596
-1295363.13231
-1267021.82024
-1252781.56827
-1240679.82474
-1228879.8357
-1280647.22023
-1300225.3279
-1287599.79357
-1261792.57462
-1262410.72175
-1283773.38746
-1257757.93281
-1271335.17239
-1254007.36646
-1243878.2236
-1296152.52185
-1294599.7889
-1286042.31561
-1262955.65109
-1324455.25383
-1249451.66616
-1262216.10903
-1239723.87565
-1302672.37091
-1259345.89688
-1303940.68053
-1302512.041
-1242043.12708
-1258394.11777
-1323174.61592
-1292492.16274
-1288262.97497
-1275108.21272
-1260546.4402
-1319283.49039
-1286266.75924
-1261487.69231
-1265307.24518
-1278416.65264
-1300460.12675
-1317881.90318
-1300649.52724
-1294827.48379
-1301835.63603
-1262458.79465
-1305771.12887
-1290540.87153
-1268988.34791
-1257197.0243
-1277353.84869
-1250059.27317
-1274736.3931
-1294568.47346
-1270405.94563
-1296802.06454
-1269918.43397
-1279559.63466
-1265082.93543
-1229792.04281
-1286177.10071
-1288581.59616
-1253621.62911
-1280799.06641
-1301856.17651
-1276622.66418
-1246490.93426
-1290922.19671
-1314925.59108
-1299136.04616
-1321506.78514
-1280260.13574
-1276571.67467
-1280608.25071
-1286839.28509
-1307925.86811
-1309211.23084
-1222168.32065
-1305385.49809
-1288938.93217
-1298806.86309
-1282882.25928
-1242808.3514
-1283566.28007
-1292257.28192
-1269573.89142
-1304556.11659
-1291960.69958
-1254564.73096
-1287121.56452
-1295911.38522
-1297218.18565
-1264145.30896
-1307323.12622
-1244398.78038
-1302227.88179
-1292289.81235
-1266334.87599
-1301511.37194
-1288076.64416
-1301171.2715
-1297398.86798
-1293025.81765
-1286812.04748
-1263780.15859
-1274928.12356
-1256680.06308
-1304871.46299
-1257029.35796
-1265410.84167
-1306114.32032
-1272526.25406
-1294850.36657
-1296795.13086
-1293017.64663
-1301829.03229
-1301596.56746
-1254869.48493
-1317085.58786
-1294285.6489
-1258189.73265
-1288064.7753
-1264003.49758
-1258983.58546
-1316516.45979
-1287081.63397
-1304872.88457
-1281224.83126
-1231198.5573
-1300351.38218
-1267282.84172
-1271410.15553
-1259837.5806
-1279006.00905
-1280272.53209
-1295658.58514
-1291940.0752
-1309701.25626
-1306540.87657
-1294833.37888
-1280008.97706
-1311304.66675
-1299481.9398
-1291859.78903
-1277655.38026
-1299268.07981
-1294307.11663
-1284961.0917
-1218284.43663
-1293584.32222
-1288961.4897
-1266685.54313
-1293855.7275
-1294480.35748
-1299471.16243
-1260975.17912
-1306207.5821
-1283309.60447
-1308449.35961
-1256913.3412
-1295345.40895
-1303360.06821
-1303302.34084
-1263928.79994
-1264844.03381
-1244199.1713
-1262075.65764
-1281139.62568
-1262010.11924
-1277792.7777
-1328909.1802
-1264982.63876
-1287898.40316
-1275326.72849
-1232789.86527
-1292253.31977
-1283013.30218
-1304854.75669
-1293135.04254
-1284626.28235
-1275798.25046
-1287184.63091
-1290589.97823
-1280864.31898
-1260376.54008
-1284868.61189
-1281946.14543
-1339524.51709
-1260663.83291
-1275233.04139
-1277475.26006
-1265382.48894
-1275452.93598
-1293556.28457
-1249149.56814
-1300486.39629
-1284293.40623
-1263914.14928
-1315860.59379
-1278585.23853
-1309431.93616
-1311892.04444
-1300796.6151
-1283870.01888
-1273403.47647
-1264993.53399
-1275474.61873
-1295778.11127
-1246304.45389
-1265024.76541
-1313746.21624
-1228958.68931
-1263870.69082
-1280593.08447
-1266537.12897
-1291940.60524
-1275095.12368
-1280409.11592
-1279339.46761
-1290532.44496
-1331912.10711
-1262490.26238
-1311505.7828
-1268230.62293
-1279787.06012
-1283009.22173
-1259398.16074
-1287105.81307
-1290984.91572
-1262114.83028
-1279866.07497
-1258828.95304
-1261309.78616
-1289407.10258
-1285812.22344
-1266222.3332
-1296602.79704
-1269029.11991
-1280309.51501
-1293024.71491
-1290112.60887
-1283658.353
-1309418.01989
-1257967.0905
-1289318.92877
-1264863.75397
-1289442.89107
-1309335.50462
-1309783.66616
-1312943.64243
-1286049.10599
-1251782.98469
-1322402.49532
-1306272.65666
-1275948.1249
-1268156.82641
-1279903.65572
-1271143.83578
-1268060.97465
-1286717.60756
-1268832.68693
-1287406.99618
-1302902.6559
-1273311.99611
-1285665.2391
-1295230.91589
-1253197.7092
-1277524.92853
-1270179.53095
-1287606.01101
-1327379.08954
-1277424.15006
-1280560.41912
-1322306.07935
-1259295.78243
-1253622.87673
-1244686.44831
-1231716.38235
-1297210.36654
-1273806.70041
-1283100.66924
-1284395.49139
-1270646.42808
-1290305.65446
-1267497.75104
-1260764.85177
-1294783.02292
-1269397.6492
-1274390.12313
-1285669.36022
-1301848.08115
-1254939.28456
-1231089.22197
-1268879.83903
-1267816.62063
-1263846.05158
-1204813.0937
-1289356.57863
-1284312.56751
-1258880.19844
-1265751.73926
-1301931.9029
-1270065.46276
-1260390.41967
-1273149.83383
-1265323.38214
-1256378.65297
-1279699.12621
-1209356.02108
-1267558.26481
-1278014.2142
-1283572.03917
-1268930.06913
-1299493.32649
-1289614.39651
-1251206.1196
-1270771.96365
-1263121.91601
-1277316.02455
-1288814.5782
-1283557.41953
-1262953.61919
-1289958.26381
-1301759.62207
-1295236.50872
-1279176.5642
-1266646.83054
-1288879.56704
-1277373.59128
-1318572.85647
-1289166.14887
-1281647.54971
-1228755.584
-1287006.33891
-1272016.41362
-1283766.66594
-1263629.12323
-1281628.21968
-1283911.76431
-1269866.92067
-1293074.68031
-1290212.18345
-1295345.96483
-1276376.47235
-1272974.98116
-1293398.74058
-1259587.7477
-1274483.27866
-1245990.9025
-1328841.33476
-1271354.04978
-1281859.05701
-1312715.9011
-1280001.23662
-1268898.05074
-1249292.21225
-1294625.86697
-1259577.04761
-1268477.39367
-1298246.18108
-1264344.22986
-1273838.82771
-1287068.91889
-1246204.3052
-1285319.53797
-1267817.07833
-1269129.25268
-1241590.42304
-1240653.59759
-1300841.79954
-1283983.68698
-1277598.68592
-1276058.1303
-1283769.43684
-1251721.45277
-1256648.00884
-1251654.94347
-1322566.46882
-1270244.63084
-1296407.51767
-1264189.21239
-1275072.78409
-1264692.74291
-1242755.51447
-1284533.00988
-1292329.21446
-1282168.51254
-1251497.53383
-1266111.895
-1329534.01071
-1318674.24495
-1314697.68429
-1280712.09491
-1308722.74881
-1259086.21144
-1284988.42267
-1299885.87055
-1263626.10147
-1291748.01971
-1275577.15375
-1250861.53554
-1281906.46181
-1269313.65808
-1292811.55281
-1300989.10134
-1262965.36536
-1303238.92644
-1285640.47486
-1246436.984
-1306890.36438
-1280696.48368
-1207216.99773
-1229952.27142
-1293150.11509
-1208183.10347
-1300771.07058
-1264546.3685
-1276635.93498
-1247188.85745
-1264641.13085
-1291324.38439
-1265673.61907
-1297487.32677
-1282266.05502
-1312981.74324
-1254593.11089
-1275550.5387
-1312094.63179
-1248120.73825
-1294744.77617
-1298748.71176
-1294538.66221
-1282515.04979
-1296242.17359
-1275351.68366
-1273891.8927
-1284469.26973
-1262698.74587
-1285922.55792
-1282734.78264
-1278830.52757
-1343061.30069
-1319921.48275
-1293458.51807
-1288228.00229
-1277236.61502
-1319406.55461
-1268608.19426
-1188297.0528
-1299894.63893
-1311376.1726
-1246535.70335
-1268620.35172
-1275042.5073
-1304649.09594
-1297699.862
-1300749.88823
-1221128.74683
-1252589.38369
-1281065.34521
-1294456.82244
-1279326.24926
-1317949.29775
-1298083.95198
-1276823.51112
-1281897.43732
-1249284.83882
-1294738.3947
-1203267.87673
-1292613.31967
-1321378.52238
-1308719.8801
-1287175.52619
-1326282.58042
-1245092.62209
-1291494.98149
-1320192.80714
-1253398.42559
-1258021.23979
-1306927.48838
-1291179.14832
-1281048.38995
-1317361.71309
-1282526.74516
-1259231.14789
-1277641.6353
-1292982.91651
-1290848.82898
-1224467.76617
-1252680.32446
-1331025.74266
-1247583.56109
-1287718.20661
-1300364.4829
-1289892.48097
-1297901.83261
-1267588.12859
-1281938.12785
-1295487.97544
-1286702.57578
-1298344.3699
-1272525.80492
-1275265.33945
-1309905.25293
-1278017.07898
-1265297.30694
-1251948.98429
-1293784.85954
-1273433.41013
-1337499.89066
-1304163.99447
-1316917.17523
-1277704.71194
-1314670.20605
-1280426.18132
-1301466.53969
-1280574.61993
-1274879.13094
-1282966.97029
-1262690.67053
-1314573.6751
-1282550.71981
-1269338.11161
-1304458.2101
-1302296.16887
-1305393.54311
-1277331.84556
-1283469.87923
-1263603.76107
-1323425.30201
-1306751.20168
-1241218.31249
-1284936.15216
-1280225.03593
-1274080.23836
-1296464.54663
-1318557.08479
-1275477.57897
-1276501.91406
-1270055.98786
-1269651.1254
-1246463.91529
-1294595.62137
-1257143.64594
-1294120.17827
-1264402.13495
-1292659.13966
-1290003.92408
-1260606.14419
-1296818.37477
-1316295.57573
-1289439.80816
-1236811.83208
-1312867.27795
-1286616.35679
-1257902.23814
-1317312.48398
-1297403.24838
-1298672.85643
-1273204.46377
-1282248.18312
-1309628.57789
-1297382.34873
-1272459.37697
-1288970.58276
-1277966.59357
-1286659.07128
-1314564.13429
-1276050.30546
-1279667.24554
-1313337.54649
-1270646.18574
-1269237.51228
-1297695.19331
-1221699.43659
-1283541.33606
-1304275.19808
-1259974.67662
-1282375.93132
-1287707.44729
-1294332.58763
-1317904.49495
-1217646.60233
-1280628.19732
-1285121.32686
-1255261.30282
-1302839.74893
-1291570.00178
-1261755.00152
-1272715.41925
-1300486.54089
-1278937.2011
-1285965.4325
-1308325.78061
-1249750.49462
-1266724.4825
-1274771.09725
-1218129.33491
-1254201.02752
-1292185.66759
-1304294.76717
-1278037.46373
-1282116.54991
-1280614.27742
-1300771.47932
-1294100.88605
-1274179.84467
-1278263.55042
-1303558.12829
-1299077.94466
-1314343.62944
-1279757.13862
-1281777.18305
-1313469.93687
-1306462.95389
-1270476.47876
-1274643.48827
-1308016.12775
-1276960.72451
-1270569.46746
-1256195.33994
-1297544.07788
-1280213.91363
-1239160.22519
-1278368.75465
-1264710.49416
-1249191.51764
-1263200.01847
-1290924.0644
-1302548.26174
-1272821.78865
-1262532.03567
-1278507.54731
-1305864.8643
-1242996.8359
-1260306.05359
-1303047.47467
-1277654.24815
-1277222.22642
-1300292.78307
-1277648.09615
-1255425.79084
-1257898.4744
-1282513.19135
-1284645.44117
-1292059.12055
-1259570.96233
-1293176.2382
-1316936.38523
-1247711.98705
-1326989.82471
-1300125.45507
-1285311.83395
-1303358.34508
-1265801.16132
-1305308.96642
-1280295.37625
-1276309.87509
-1272074.02141
-1258086.29267
-1307109.73646
-1321080.89324
-1262762.28863
-1271049.58836
-1263849.44245
-1280442.68895
-1296954.60699
-1276909.65933
-1249393.8697
-1287742.97007
-1304911.91226
-1255896.16375
-1267689.39736
-1316747.3899
-1268291.58975
-1287226.20319
-1293977.24861
-1244825.83834
-1327872.89768
-1293272.19591
-1273229.17492
-1292974.09009
-1289473.95211
-1299806.36685
-1287196.61623
-1299451.07459
-1308924.46942
-1266719.20805
-1263181.99794
-1270332.3739
-1268208.66384
-1269480.97813
-1315165.44172
-1295913.31702
-1252779.96115
-1276546.65846
-1316487.6059
-1285056.95059
-1265067.8286
-1292846.20169
-1274667.20466
-1289767.06292
-1305692.86592
-1307651.00736
-1290794.37168
-1286791.11145
-1294392.03257
-1271499.80566
-1282300.43278
-1293658.73207
-1306277.41983
-1302072.51328
-1285457.82964
-1318603.01951
-1267546.9103
-1291141.37253
-1307251.38492
-1265586.91281
-1322187.96311
-1279315.18591
-1260619.11562
-1299884.2215
-1270652.14097
-1232802.01582
-1247120.46235
-1290581.33403
-1284858.07228
-1269780.52129
-1276813.20704
-1290141.60891
-1287792.32593
-1248497.64507
-1264837.05295
-1294881.59998
-1289586.61023
-1251601.39131
-1313625.21618
-1271577.17942
-1262606.63977
-1279872.22689
-1279964.51865
-1289359.99681
-1248418.57861
-1291719.30607
-1295205.53524
-1316420.86231
-1231343.39312
-1276032.62411
-1311399.30957
-1273512.79844
-1324628.42734
-1248743.4071
-1273349.18572
-1303032.58063
-1265997.82696
-1287052.12754
-1235977.33663
-1300224.29571
-1306033.11158
-1289831.17336
-1276702.11762
-1266012.50638
-1291506.98802
-1280313.16976
-1283745.76223
-1275651.51718
-1232914.30126
-1287637.81859
-1282782.15395
-1306387.04097
-1303902.16382
-1293931.25622
-1271821.35641
-1277507.54907
-1292934.47369
-1290025.24107
-1282815.24445
-1279630.00213
-1300474.1999
-1267119.86748
-1331119.47734
-1289780.68046
-1291269.95025
-1263089.59052
-1299277.2252
-1272412.01128
-1316179.49182
-1327066.25705
-1251614.0689
-1299254.16786
-1297098.79828
-1308720.03302
-1272928.74045
-1273257.4459
-1262634.3749
-1294710.24799
-1232823.56232
-1306515.35561
-1308394.09854
-1285107.7478
-1316541.88405
-1319318.58559
-1247473.5079
-1297064.89091
-1293688.13402
-1305319.40148
-1270273.00518
-1289529.88734
-1258045.82149
-1323287.77635
-1297710.45546
-1248844.1869
-1287730.67083
-1288529.34492
-1259685.61849
-1275862.09148
-1265636.1501
-1289929.33612
-1288474.65015
-1314907.504
-1271107.41779
-1229076.80416
-1282411.68501
-1245447.94886
-1304408.44295
-1238249.19218
-1304348.68903
-1283388.36866
-1250816.63493
-1264665.75503
-1298792.22304
-1278174.39357
-1312262.1413
-1303174.75642
-1309904.85348
-1287355.59579
-1297664.03854
-1323643.31548
-1302773.33214
-1254246.79272
-1280720.70792
-1322109.35666
-1286540.61004
-1314155.46691
-1264276.74227
-1295119.24345
-1281346.90299
-1291466.99517
-1275395.96621
-1284831.99413
-1293019.13281
-1264872.58029
-1280128.72957
-1331539.94314
-1263189.23103
-1289423.76016
-1293022.97106
-1233448.05217
-1253408.45191
-1282249.74134
-1306618.00187
-1306540.99545
-1290534.64024
-1298522.5109
-1235898.27102
-1245159.96456
-1274529.59229
-1299068.79103
-1296546.35369
-1233281.52892
-1265458.85981
-1243438.33052
-1297720.25223
-1293417.98961
-1246707.3786
-1274201.89842
-1293583.39933
-1285816.00944
-1337002.8445
-1271747.24918
-1272172.95305
-1286069.08311
-1283033.001
-1264794.72869
-1271963.03102
-1268283.2267
-1274167.83568
-1306168.59666
-1273988.96499
-1259712.27439
-1298191.30053
-1250882.43659
-1281880.87818
-1275978.70181
-1268591.9985
-1266178.32778
-1299036.53482
-1292938.62083
-1323699.86547
-1270915.7455
-1319684.32034
-1268210.64099
-1313326.51215
-1302143.82186
-1291418.19663
-1283007.03926
-1222230.42722
-1269633.96534
-1251404.74442
-1293387.19381
-1255609.29708
-1298696.83444
-1277949.71032
-1319338.76527
-1275148.00906
-1274557.35585
-1322293.38283
-1284227.22533
-1286803.12474
-1246217.65046
-1267216.21162
-1285392.94087
-1289415.75563
-1255676.36057
-1279306.08371
-1251284.69992
-1299867.87298
-1284707.32447
-1266269.35144
-1282987.86107
-1291810.52784
-1288576.12149
-1254608.89124
-1301680.91296
-1285659.98154
-1250165.43585
-1241045.68151
-1261029.69178
-1267372.04085
-1299306.07447
-1261340.51591
-1298070.91709
-1289973.95882
-1287325.50237
-1253375.55293
-1273404.73816
-1309704.60874
-1303603.59967
-1229962.73992
-1280494.38634
-1303528.9003
-1292748.78175
-1293505.83606
-1290110.9629
-1228300.87568
-1273388.66319
-1316057.06413
-1245494.02834
-1279008.9177
-1257860.82287
-1272751.87515
-1305584.44947
-1305837.4261
-1321389.50509
-1286547.79691
-1287750.58615
-1298064.0717
-1289809.51778
-1269348.90709
-1270104.42198
-1293305.87359
-1283961.78408
-1251816.49783
-1295717.52924
-1260268.07701
-1270068.71626
-1318967.20573
-1235663.92602
-1284078.89328
-1293962.69404
-1278501.22313
-1294060.87902
-1272234.22323
-1268153.15219
-1250704.83039
-1239880.98151
-1263285.29387
-1278260.02436
-1259194.40552
-1300590.42127
-1309674.81079
-1296243.51281
-1251940.87508
-1304122.81076
-1282358.73556
-1260279.36599
-1272689.22196
-1269827.1406
-1312917.29034
-1293546.70022
-1270229.55227
-1305431.13764
-1268740.41826
-1275182.02149
-1286604.46168
-1300561.39563
-1302066.27982
-1219833.02823
-1261573.58516
-1300358.57777
-1266371.69167
-1243228.69176
-1282343.52633
-1290949.42701
-1235341.87988
-1304819.74911
-1267132.76157
-1252182.57811
-1310030.34714
-1279962.21516
-1290064.19782
-1270492.20288
-1266819.56421
-1283593.55834
-1324395.90512
-1299319.52048
-1302822.70476
-1270617.25615
-1245006.56672
-1299764.85606
-1317481.79385
-1247182.58264
-1235359.49356
-1291872.71155
-1279647.70868
-1274984.17861
-1323719.052
-1258875.87337
-1254612.87232
-1271838.82565
-1284338.26205
-1301735.82999
-1279816.02688
-1269224.78723
-1251209.92055
-1250375.7783
-1290914.38942
-1259331.45043
-1251356.93607
-1283045.6302
-1250466.06552
-1281511.34871
-1258289.64313
-1308498.77986
-1248152.02723
-1257782.70444
-1291472.06387
-1285380.90485
-1267843.67162
-1276011.96831
-1263096.91612
-1273777.61871
-1260044.34956
-1272411.84062
-1270550.28237
-1242561.25472
-1243220.03362
-1271751.18968
-1261483.11335
-1271471.77635
-1270412.30035
-1295614.71444
-1310272.73609
-1312540.48671
-1315775.86056
-1291326.9405
-1245396.1429
-1243619.00897
-1285137.63023
-1265035.04607
-1266289.65018
-1270647.02944
-1320027.16313
-1307959.34404
-1280190.71729
-1287034.42128
-1254257.33434
-1310086.02411
-1299888.10421
-1308636.58066
-1243818.78921
-1307632.05425
-1281347.63158
-1314236.08769
-1256550.61563
-1280132.51412
-1298745.84057
-1262237.2865
-1314633.31408
-1289325.83694
-1268547.3261
-1304368.6929
-1261105.37504
-1281709.05322
-1291301.90584
-1270762.34076
-1272806.58455
-1251893.96914
-1255672.73951
-1297962.87538
-1321387.48871
-1273313.01336
-1245779.39782
-1296190.85289
-1267405.11547
-1289328.3088
-1291095.68123
-1287867.94947
-1285629.54012
-1263548.44645
-1272927.25476
-1295782.31124
-1263662.59907
-1300005.53257
-1291568.64611
-1266741.24738
-1261753.67937
-1271266.95371
-1281222.31222
-1295590.53543
-1308570.66347
-1260453.25507
-1262806.11246
-1312813.73938
-1291397.41238
-1287543.99585
-1283602.8346
-1254623.39946
-1281477.00994
-1278793.93078
-1317185.71813
-1292365.91297
-1276479.97537
-1228629.41198
-1271042.44749
-1302888.45602
-1294966.30107
-1301145.01984
-1245897.1197
-1290062.4532
-1311459.83241
-1288654.47987
-1256499.95694
-1300416.53722
-1276128.28483
-1237835.63099
-1273106.00555
-1298554.95269
-1306302.29699
-1286696.04736
-1302567.22419
-1298527.63028
-1300595.82624
-1282929.50216
-1249304.76285
-1256680.68192
-1258217.14048
-1275056.62382
-1310633.49863
-1311422.04632
-1304615.35834
-1293478.64626
-1263463.035
-1298059.74548
-1236401.825
-1265001.26242
-1278776.64199
-1294935.52053
-1315219.57072
-1282155.24875
-1240955.45588
-1289597.10734
-1295131.82094
-1255241.81167
-1282413.65197
-1268952.39961
-1261164.75438
-1272470.71418
-1323083.23188
-1278198.73358
-1338619.45582
-1254878.91328
-1304763.00151
-1284788.62595
-1279057.82739
-1271484.41387
-1278711.12009
-1278061.79377
-1290070.08192
-1285242.82157
-1261230.01111
-1273919.49377
-1262487.38333
-1285872.11262
-1302416.57389
-1274801.22515
-1260671.7705
-1259117.07813
-1240524.20578
-1293448.44488
-1297755.70393
-1276397.40289
-1294683.73074
-1325727.49709
-1299079.2927
-1260952.53492
-1242692.07896
-1285925.21563
-1306032.31128
-1265660.37355
-1270200.41765
-1251356.45732
-1308534.52053
-1302456.12357
-1284904.5671
-1295970.67085
-1276231.21122
-1266150.89229
-1225425.41258
-1265997.07505
-1299984.1164
-1245316.09359
-1290730.92763
-1281252.52778
-1263102.34134
-1283566.73979
-1250193.33829
-1296332.33396
-1279858.68159
-1261946.2627
-1309052.79316
-1308104.64571
-1307246.09196
-1287576.54446
-1272815.69471
-1271222.59924
-1286997.6429
-1269032.82049
-1303542.67707
-1286133.81065
-1289170.23347
-1295253.37028
-1278953.08317
-1308001.66352
-1288295.92533
-1275210.38023
-1259232.02928
-1282661.67473
-1311371.88406
-1277691.74939
-1292940.23827
-1301180.22733
-1254729.7473
-1240533.83373
-1260926.1402
-1286076.4484
-1258131.84728
-1275396.99341
-1269042.31228
-1303964.93865
-1269682.1974
-1302734.22175
-1278304.66354
-1276099.3534
-1266146.80019
-1294248.02055
-1310311.64241
-1282059.4356
-1276915.05826
-1282408.35255
-1283901.76655
-1289952.45786
-1290913.69583
-1293543.15286
-1292274.66317
-1248000.94685
-1254083.10506
-1264849.79048
-1287619.00941
-1296251.41757
-1248253.30931
-1271896.78843
-1285883.86266
-1294824.06932
-1245634.06365
-1264462.46819
-1258860.36647
-1279945.01955
-1260737.10832
-1308896.93247
-1315102.90972
-1297527.57609
-1289769.55413
-1253078.5128
-1309988.60784
-1265446.46075
-1271776.20368
-1285796.09295
-1249254.19032
-1273232.36536
-1286531.08275
-1284685.01905
-1335568.34387
-1286089.13205
-1259528.63195
-1269614.44921
-1311189.76667
-1289229.49506
-1281325.72164
-1280604.42437
-1276603.1775
-1250064.69765
-1276588.95965
-1286784.2705
-1255235.63204
-1222184.77525
-1255464.01502
-1268600.27005
-1299682.80788
-1309066.05919
-1299256.53983
-1262645.04829
-1271766.12986
-1288847.75859
-1257611.91451
-1286474.55351
-1277268.30185
-1264886.63154
-1306914.74477
-1294289.87788
-1290322.61277
-1301523.26673
-1272337.25842
-1277240.33751
-1273366.5095
-1290739.3116
-1254195.13797
-1255046.17528
-1238467.96949
-1286749.79706
