-304601.873713
-250821.969848
-221650.172579
-302997.009481
-312075.215954
-299480.352704
-300206.981388
-300760.560158
-213985.643198
-275307.431746
-298153.847243
-319678.936682
-205850.613416
-293747.407601
-264951.46927
-283562.237228
-283548.39211
-267306.89386
-317777.468062
-331477.938318
-340289.87606
-341951.995625
-348320.168878
-359692.286962
-328890.290475
-340310.597421
-346622.752947
-337104.409401
-333733.390781
-355712.969454
-320510.932961
-340188.077079
-360162.941299
-362120.748398
-346159.081762
-365413.547828
-345557.315627
-322801.302696
-327580.617681
-337200.679365
-343093.473272
-352188.299948
-377142.095549
-350969.432205
-347830.344598
-359229.985624
-349451.533174
-350320.898368
-354371.108159
-351249.03318
-363656.157832
-352383.939485
-351680.165098
-350887.955551
-361901.778245
-363531.303361
-375279.069268
-340031.492509
-343979.568359
-353773.717515
-367090.383244
-347204.662379
-357661.772907
-353478.208939
-351176.776781
-367813.35889
-367713.287632
-347288.832715
-353411.322034
-361311.371908
-353256.480838
-337347.558249
-347905.660875
-360251.774561
-353879.377482
-347667.441831
-361469.565349
-346731.058855
-358190.691154
-365111.073522
-364637.257061
-347619.149139
-333514.537409
-355204.441622
-359040.749224
-362438.570046
-352595.030936
-357457.531862
-343542.99276
-350732.30967
-356865.97001
-365686.817368
-359563.653262
-359749.629466
-345110.977922
-343397.867609
-349921.708133
-346985.769426
-355398.27761
-363215.644739
-366748.855527
-340514.745045
-351574.754355
-351333.168347
-351434.568469
-362821.355486
-366255.757046
-368713.226836
-366162.240797
-364961.360034
-349238.731587
-364805.319659
-352539.497629
-353252.15568
-354466.578725
-351415.297118
-341321.453707
-362099.561106
-350735.738582
-371978.238482
-351223.57625
-336230.013677
-355224.585964
-348326.61623
-339052.185667
-366367.784977
-339469.728343
-364763.305732
-360230.293905
-362079.101092
-342332.08556
-349095.82257
-363690.181181
-354631.182466
-369314.911335
-358998.114873
-353901.869555
-370557.495791
-365819.987329
-344559.029434
-366521.190338
-342350.137276
-369626.735209
-351988.577787
-358718.714567
-365279.945776
-360805.365437
-360558.021663
-338297.933708
-351309.652113
-353007.569519
-360390.17252
-354837.478968
-357482.599382
-352818.471189
-361548.923696
-365964.549872
-356198.193253
-360830.197027
-362539.624853
-358679.547322
-361896.012629
-376717.503119
-366696.388522
-360959.631185
-351563.549477
-363997.023126
-359666.657828
-353597.50502
-356891.154604
-369426.159601
-361265.991496
-345059.800469
-346996.002016
-359937.486102
-365336.133352
-363624.451197
-369129.849989
-365862.479848
-361622.792573
-358200.482983
-367381.343371
-339252.661494
-344387.138015
-350956.389253
-367146.211746
-353490.874834
-367807.475577
-357414.799572
-356880.110232
-347918.109467
-363779.122244
-358841.156292
-362665.853832
-352198.943574
-345452.979601
-358320.224273
-342666.300157
-362812.077208
-347307.523039
-353675.120864
-364652.886805
-366193.256165
-373998.742608
-339412.798008
-355228.308057
-358308.62372
-346361.161928
-364139.608325
-363715.636381
-354086.161648
-356913.135375
-362670.581989
-370716.250945
-358700.332384
-351610.595405
-366837.935161
-349379.521574
-367839.823839
-369435.015384
-348146.716229
-369373.543033
-356786.291533
-368139.36512
-348887.265456
-354772.905016
-366077.119925
-366097.08615
-358344.557699
-353615.786934
-346784.853186
-357093.133337
-365937.933306
-356311.942931
-350618.081793
-352390.578768
-358761.787135
-349749.808469
-358125.212762
-353140.570597
-355335.173443
-359981.60527
-352183.293548
-352668.834125
-370087.148568
-343429.002294
-353618.295532
-362506.374575
-341914.230921
-357653.788845
-367207.748511
-351943.446237
-344849.355772
-344711.971212
-362500.41744
-367975.513804
-353631.677862
-349781.117204
-355064.777838
-360477.085459
-355953.175645
-363769.577917
-358577.43333
-341328.36019
-357296.075893
-352806.447691
-347260.456698
-350448.039534
-363888.939233
-357142.045655
-356918.939644
-348405.801558
-353438.915819
-354219.791007
-357394.993345
-360480.820904
-352526.840909
-362061.053113
-354328.612065
-351137.153985
-350996.754318
-368584.136233
-359644.242203
-362465.856751
-361996.414878
-357922.297979
-349314.976773
-345499.036784
-355989.096476
-354738.411288
-350806.352812
-358183.502231
-364535.702725
-347013.476108
-362448.911483
-348412.93946
-353243.736659
-354932.110091
-356919.331321
-341372.22407
-358599.485454
-346953.331071
-353836.808079
-364613.807493
-351026.275576
-337169.338688
-350581.879933
-350914.807625
-371750.69762
-346315.539088
-346821.967934
-351352.865678
-359982.274228
-354491.044361
-356258.754562
-339987.04745
-358255.883345
-366068.310747
-347363.449424
-363288.771231
-364460.703874
-367136.354996
-363997.011727
-356844.333737
-336457.796198
-350921.357381
-360753.251238
-356023.402183
-344739.58665
-350610.003421
-345968.834445
-355923.016377
-363484.814377
-355601.65819
-349805.379822
-344095.413029
-348008.149901
-375364.375417
-362459.282819
-363158.679029
-365482.496528
-368446.648032
-355358.082344
-355454.642565
-356162.671568
-360599.996707
-355996.070149
-369149.633937
-354629.386241
-358559.70493
-364145.739535
-349559.769966
-357155.095553
-366822.200319
-347690.475977
-368311.907028
-356753.325416
-368376.939838
-362308.361534
-368538.235395
-359593.550368
-368175.369485
-347176.121144
-353424.054984
-363853.880422
-362592.903932
-347141.89074
-356996.106132
-354878.081326
-356930.640869
-357337.403743
-355895.627255
-357231.008262
-342817.701026
-354205.672552
-357047.828718
-370835.660575
-350635.560265
-363088.224822
-351530.154022
-364356.80862
-358737.281994
-349671.266133
-357745.130441
-371605.866209
-358918.317037
-354287.469773
-349384.074622
-359804.623779
-337399.384971
-349445.734115
-356271.304963
-353567.964877
-350898.892426
-363695.155154
-341779.123873
-353830.156994
-361973.13475
-368366.13542
-347113.6671
-347503.001305
-358036.012622
-365625.981879
-357839.405806
-367286.983697
-359601.820425
-362487.861095
-367396.985155
-365932.396116
-339404.126818
-345588.781889
-356419.308823
-360532.44161
-358445.815383
-355384.490685
-348492.268628
-356741.452374
-360964.907937
-357158.753234
-365358.660437
-352403.824534
-345663.668284
-355450.177998
-340953.978453
-357933.987462
-351733.72471
-367505.968127
-351819.41229
-362703.896258
-358348.577278
-354619.872691
-347137.095809
-351390.48252
-344957.869478
-361962.208766
-360966.839501
-355294.647792
-356888.536164
-359359.372606
-355660.437108
-339043.240041
-341776.466186
-348911.206791
-366179.590627
-351295.635441
-369786.509596
-369494.058146
-357213.448318
-337382.567104
-368357.959293
-356110.674556
-352806.181552
-357479.542263
-356081.161017
-353896.656342
-351252.504188
-367983.535312
-344480.279349
-349012.128684
-365563.854896
-368636.949251
-347998.765744
-351334.885583
-379217.824726
-359255.593144
-358091.085657
-367850.948537
-363101.668273
-351618.029065
-355552.973626
-350948.006777
-347306.262108
-362292.213285
-369018.747734
-376010.805744
-354505.168552
-364968.87422
-345920.476992
-360782.221425
-367704.324928
-356962.950498
-365193.632391
-366326.113064
-359732.911624
-355383.870829
-360809.861634
-362287.321918
-356793.388554
-362796.639329
-359503.11459
-355022.101222
-362211.628189
-357284.5925
-363278.232913
-366091.382416
-357299.744239
-363410.03251
-357641.052107
-345362.002147
-362187.543399
-347818.324208
-345612.895007
-352513.884625
-364431.744267
-363794.6318
-339111.487323
-367530.382881
-356880.447895
-347503.611816
-359276.477967
-362063.570565
-367823.122139
-374134.036275
-360101.977787
-350219.67849
-363582.825833
-361990.522688
-355419.863644
-349580.738388
-354739.023503
-360403.505272
-345293.393334
-366899.898668
-365156.846749
-364143.947478
-360397.322273
-350095.791355
-362994.90513
-348087.714585
-344330.41049
-358216.285875
-361760.144628
-363702.771221
-374906.596838
-359483.551213
-350202.920699
-354009.171094
-357916.872452
-365140.397935
-347992.215273
-357876.548567
-353896.704244
-364746.272727
-373778.937337
-360005.738974
-361726.329815
-357265.699742
-364377.204871
-347883.239014
-358779.37981
-355548.171558
-358578.491623
-339374.379234
-361323.571847
-368662.122178
-363788.578816
-354787.163582
-362883.214459
-357056.553588
-358240.01907
-358194.570201
-360571.021425
-366358.710259
-355873.737952
-345259.04818
-361673.74766
-364903.264413
-363547.679991
-364365.788575
-372438.14313
-339863.938111
-362374.064181
-341070.649773
-359739.553297
-350021.979021
-349850.122247
-358687.575988
-363851.517398
-369387.04694
-355509.520787
-348643.899877
-335389.00157
-366284.107108
-345925.527305
-344593.130056
-357200.52888
-348306.926798
-361316.811169
-353774.283156
-361927.541377
-353369.950967
-354963.225445
-359704.519175
-356820.829971
-360204.271066
-340826.765107
-352709.035732
-352229.702881
-357353.740518
-359301.265667
-347066.620902
-357777.442307
-352254.134645
-351885.964005
-362618.477127
-356120.664542
-352308.926496
-360434.631952
-364210.590564
-347167.074932
-370678.084112
-369923.274002
-356163.894091
-333982.179617
-348492.566099
-349579.531111
-366595.759253
-360162.480454
-370396.535564
-354694.689359
-353557.047621
-352822.905266
-346228.986332
-362473.937179
-355421.658986
-352223.956113
-353843.505932
-363303.878622
-347223.051889
-358832.74046
-352298.262768
-356276.305714
-339590.803588
-368812.890291
-349770.255936
-368757.885838
-371271.972131
-364407.187739
-347999.607937
-361135.465835
-364003.575287
-354002.065058
-351230.204249
-344257.952137
-347847.78587
-359752.265095
-342500.002152
-354202.767413
-349515.359647
-358118.759534
-347109.168383
-361346.094633
-362310.055283
-366155.832252
-365304.01326
-360057.440245
-352711.57106
-366706.264997
-366302.067719
-353252.124315
-354523.963698
-338511.962023
-368238.708199
-352117.482889
-373639.27576
-356765.321903
-353477.947996
-362765.709279
-353691.286117
-351601.306475
-342189.282044
-359659.9807
-348065.25822
-347261.090769
-356873.593569
-356374.0516
-352977.068809
-358479.901634
-359688.789842
-364040.968101
-365567.309919
-355796.228269
-359921.319783
-357895.346952
-363242.02834
-366290.163485
-343260.862723
-355251.723935
-349069.750092
-348990.572896
-352609.497081
-352217.903561
-352793.032728
-355684.975247
-367578.065607
-348743.901041
-352789.197146
-360958.237268
-356588.639081
-353362.681557
-348339.215519
-353330.418963
-380393.164957
-363762.507911
-366910.295522
-365171.632218
-351796.36651
-364156.368183
-348588.424725
-367859.017773
-357105.130979
-351079.001004
-368980.924051
-353952.615697
-347116.288694
-367049.31741
-346430.984847
-339856.613462
-355488.444103
-362452.038966
-365703.702639
-368440.144696
-362460.893907
-345663.93139
-361342.596648
-359223.157441
-360174.906923
-357974.492381
-356757.547545
-352339.710344
-359185.046872
-361947.004004
-354401.923202
-360807.169049
-363246.555783
-361202.291892
-358435.208003
-354883.839606
-362321.208283
-353340.613081
-357756.301688
-365755.208441
-373615.814499
-357794.305208
-363200.186506
-363232.516819
-361181.311334
-360657.606915
-351770.976091
-340284.899946
-363019.306383
-364415.785987
-349291.443853
-357065.827241
-357070.796041
-361052.995678
-351505.016532
-353135.006023
-361047.64413
-354650.235713
-357015.27294
-361028.144062
-353695.492466
-353819.847868
-348641.664677
-354513.380111
-355826.418465
-345059.810728
-344144.396315
-355096.385642
-350119.942907
-368918.287439
-360278.42016
-363787.449306
-367564.004479
-360772.055589
-361668.112629
-362783.375866
-367987.601965
-339838.22817
-378620.810656
-357423.330158
-357714.162681
-357410.732091
-355703.021136
-359933.236332
-351317.524147
-351655.384893
-356668.368068
-355168.730064
-344999.42374
-338548.838977
-338932.843944
-346836.454233
-356900.345903
-352672.208173
-358277.40423
-358569.58773
-355814.513622
-349473.121141
-367931.568258
-360241.019018
-346642.904471
-371429.148434
-353706.744123
-360628.352149
-352350.896084
-347944.105764
-349371.413017
-352048.915599
-348486.880154
-361000.651192
-355066.013921
-365967.350425
-352806.077903
-366963.997725
-354731.466921
-368967.853508
-338051.763395
-367365.165056
-352959.523673
-374787.169339
-345940.173151
-348764.99457
-362993.796155
-357666.345458
-359461.804478
-359404.344885
-352669.988514
-368542.036196
-354999.714529
-363694.315695
-368057.256212
-372328.406335
-358967.816273
-348779.226268
-356255.777221
-343017.14644
-353686.426432
-364050.562206
-366486.662126
-358480.835008
-360924.288413
-362432.284287
-353774.177236
-349461.21977
-352680.998439
-365577.085329
-357842.699288
-350730.564269
-351248.717126
-347172.411307
-369142.998452
-336308.371169
-359373.165409
-368411.602502
-349962.014162
-362892.20598
-347500.030941
-365380.963875
-360981.249557
-356530.405793
-355440.976754
-362252.258434
-361381.703663
-350788.950963
-360406.326172
-352407.217253
-345873.86695
-355057.627135
-346573.008852
-350263.797001
-360371.599159
-352042.452677
-364654.207602
-359702.328161
-359987.897784
-361729.132387
-346634.426403
-358560.513035
-356215.810888
-359472.501353
-354225.090348
-335761.737419
-352833.604632
-364540.454612
-352633.391637
-355644.23413
-358689.22725
-357391.067836
-341734.054497
-348725.718788
-352005.499494
-363433.582363
-357179.939813
-352622.941425
-370149.836504
-355814.949542
-355872.792198
-371276.777246
-343431.839827
-350793.632289
-371212.459115
-344351.178397
-353051.719428
-342255.721356
-363081.306027
-372520.889884
-371505.462658
-353392.55053
-357052.135568
-347089.136247
-363416.409525
-367956.892304
-358360.945795
-349726.445905
-356741.000649
-354105.71658
-354166.078072
-359281.116485
-360346.946447
-351290.805017
-345293.253079
-346998.668947
-344629.475202
-349039.831196
-348653.027127
-373149.281379
-354996.947743
-368086.95473
-354120.922431
-342712.080676
-355692.158647
-362859.11088
-358484.96977
-357809.341365
-361583.290315
-361068.598002
-355374.699926
-356251.222811
-353675.726249
-359640.839004
-357453.295511
-360645.470064
-357742.33454
-350867.321311
-351261.451607
-366712.675172
-365814.076801
-356805.100081
-363517.858512
-355946.344893
-345850.32873
-356350.67667
-350972.145858
-356600.429003
-353883.279011
-362163.751926
-363743.955878
-372558.119001
-352230.714623
-358125.799087
-351272.166721
-357234.148855
-354189.525857
-353565.31487
-359587.624847
-374331.294216
-356836.873197
-362934.918913
-342309.011003
-354492.524159
-358523.053688
-356352.228659
-348698.879777
-349183.266507
-348963.549287
-350262.014642
-363186.507903
-363281.946522
-360080.269435
-366708.137018
-363251.781371
-345430.220334
-347041.015699
-348791.453864
-359998.210322
-353991.132585
-360388.542264
-357788.650486
-355440.783862
-348306.434193
-351736.559706
-370057.76858
-361388.070553
-363189.52662
-352097.306294
-345141.478646
-354348.186203
-366597.762378
-335751.018323
-350626.35685
-362095.597957
-361659.468674
-352897.514419
-349469.06657
-366461.03146
-349613.717052
-353836.762579
-370640.271211
-357545.003724
-357904.230818
-362469.224776
-355391.610391
-350693.494818
-357775.559538
-349560.896987
-347480.456619
-361059.18723
-362759.912384
-356929.516783
-360382.31074
-348243.403211
-342827.717449
-351486.185799
-346780.46568
-356944.68318
-355923.631091
-364914.730173
-361010.351126
-357375.054803
-335998.730885
-363229.520687
-366259.16141
-365320.427376
-358862.886533
-355782.188565
-355894.787238
-365233.35229
-347785.810943
-337590.392894
-352919.675897
-354893.377514
-355529.122273
-361178.38455
-364112.243877
-361538.800292
-351621.219387
-358703.400498
-366067.076146
-342998.00772
-358193.235471
-352029.568889
-371149.751896
-365785.973847
-356245.104058
-356932.112054
-363865.81409
-361273.915055
-358313.139508
-356098.447002
-347837.957064
-369648.872904
-356016.82282
-353482.180825
-355179.232271
-356929.990893
-360036.850714
-353940.244447
-349708.459251
-364302.716512
-362185.466
-345933.040996
-363851.629729
-349395.243909
-339368.314488
-344952.948929
-348446.558887
-353837.341884
-362022.237774
-348857.689627
-323147.342561
-356696.906243
-354585.459957
-349908.853762
-364003.8601
-359936.630969
-343813.275315
-349357.870132
-349380.073276
-350476.476037
-351561.336793
-358842.990365
-343516.218454
-358753.717805
-355982.042352
-340438.880403
-356961.881237
-354108.630276
-345225.840801
-365277.063623
-367662.343482
-347611.587463
-348662.819746
-361296.801725
-348901.575746
-347105.3006
-348802.165183
-349380.20511
-367703.43702
-349496.012179
-353930.972393
-364464.982623
-345046.01116
-334623.767421
-340093.791537
-362525.678526
-357071.233472
-361943.594921
-337674.394485
-354606.465814
-357603.469688
-353501.210451
-348689.043958
-371221.978784
-345085.142361
-349229.713621
-350969.424251
-378007.552389
-361431.814804
-355476.070716
-357303.249386
-345008.175169
-360153.681489
-366566.380472
-354716.418584
-338509.11469
-372444.485996
-355235.98523
-367166.149362
-348001.150757
-344504.640594
-352605.153246
-344427.707527
-350469.739108
-362135.011834
-350372.559147
-361831.228967
-369498.285918
-357092.083009
-349698.569135
-363862.019578
-376078.621014
-369357.219153
-371222.469343
-351676.992258
-339711.141473
-363642.74936
-358768.509107
-363007.528852
-358514.484563
-338051.538841
-365787.781221
-353129.194404
-359251.039294
-356157.17151
-337241.878668
-348335.283138
-355999.005744
-361340.231874
-345967.847389
-357883.155684
-354050.089413
-362549.939304
-349202.98684
-357955.939916
-364065.121163
-338268.166418
-363674.879185
-356923.208095
-330515.363299
-336628.524614
-350819.570572
-357694.580876
-344055.93217
-351955.446345
-354568.412919
-354153.611362
-344512.047069
-361846.191938
-352241.708312
-361966.775005
-362612.213419
-354308.960094
-368643.940082
-347587.3174
-344774.471144
-357304.974653
-351902.053565
-347240.015991
-374575.073368
-349201.251328
-359793.694328
-362776.997475
-343441.808119
-334850.149169
-360578.304496
-361965.506005
-366940.807559
-354573.254369
-356039.544722
-365994.101516
-356331.412844
-365530.523651
-355334.019026
-363633.758956
-369141.317198
-355290.826006
-349853.494732
-355127.696639
-363327.908886
-341288.627975
-363363.624162
-353425.938655
-364282.383917
-346257.165206
-351739.751376
-371006.942355
-354916.018694
-364611.082832
-360614.158094
-354804.737372
-348107.62365
-363459.513819
-372915.447698
-353710.996503
-370386.733429
-361673.306036
-368129.7081
-365238.385677
-366536.274991
-353823.223818
-357088.876893
-344915.802629
-362806.030381
-356409.759769
-364291.709623
-346113.682129
-339693.025454
-351601.592416
-357606.598853
-370420.006578
-352679.261687
-355527.841721
-368290.218227
-361803.167532
-345178.199806
-370764.462945
-364977.51263
-374934.821217
-340064.485759
-345265.527095
-347055.267669
-349416.763232
-350018.575093
-339571.926202
-370199.306514
-356321.205404
-362884.544397
-355860.640429
-360723.69304
-366506.973583
-363994.035331
-348986.233833
-360941.409816
-343864.773197
-358545.946873
-356538.646492
-336646.903936
-364892.131723
-365972.279935
-371120.125096
-356167.07912
-365464.676839
-345758.879788
-369188.328285
-376054.580512
-360309.809556
-368300.445297
-354519.784402
-348340.135702
-372742.552496
-362029.192189
-356633.242827
-367318.254459
-342897.268983
-358265.879919
-355457.865775
-335581.716058
-343824.128098
-356361.853643
-345967.814802
-354017.65115
-358988.200566
-363293.098722
-366375.020802
-353874.266262
-358119.352929
-360137.548519
-354943.314044
-377401.81568
-353343.325042
-345303.403037
-363431.855175
-351332.676239
-363167.437476
-341619.693518
-367231.966366
-360098.870423
-361126.558311
-350769.485779
-356040.88891
-357280.778014
-357139.766114
-367363.936577
-354337.927188
-360404.711277
-360152.647756
-356085.977503
-356106.00992
-359041.42354
-357451.40487
-346406.265902
-347928.400067
-355348.722666
-339830.560617
-354351.189667
-360694.991583
-364399.82304
-339379.904291
-354516.131668
-349954.083251
-372760.991424
-362211.087949
-373494.365477
-348958.45968
-358914.737115
-362403.172076
-355776.866135
-356904.351468
-360277.06862
-369878.778327
-356585.851216
-349747.743721
-365740.588075
-356024.462418
-352790.024524
-355360.39753
-363436.533397
-365227.701046
-360975.289136
-360892.486467
-359908.327923
-354875.811614
-349585.773858
-347994.61054
-361459.532236
-351891.255157
-367667.460551
-364306.625754
-345083.457296
-371444.022947
-356184.571581
-364353.307251
-358378.737478
-352728.074732
-352635.499483
-345631.627742
-357011.538395
-350534.973763
-361327.5844
-356719.543898
-359048.268612
-359717.532866
-341719.937198
-361068.414794
-367979.771943
-356644.840829
-351441.212113
-343592.603629
-368984.268846
-349696.667668
-341478.705341
-342805.605547
-353768.175818
-362122.911135
-351502.721889
-369789.231032
-355368.051474
-358928.005442
-323231.81395
-350100.71921
-365691.937
-369329.765768
-361605.179118
-338054.490689
-383280.336441
-351983.64762
-359360.497822
-361949.095913
-354827.018369
-353234.948755
-362725.844815
-358730.782706
-347355.31964
-357111.853082
-339156.225759
-362243.887207
-351746.329725
-358370.443685
-362183.621529
-358018.614785
-363482.558485
-363763.836013
-355414.28122
-359321.997322
-347318.542766
-372997.506064
-346622.181382
-363510.346148
-364860.198188
-368057.965213
-344563.036039
-366013.724322
-371995.296723
-369771.756615
-354479.480402
-358460.521988
-361085.396886
-350300.396598
-354548.605527
-335840.859407
-361453.862014
-356681.512873
-354623.685995
-351544.553639
-362443.273109
-352788.135234
-360189.74593
-360208.338998
-356502.359078
-363256.565754
-362613.271383
-362663.555355
-357722.268285
-362446.21914
-350978.305102
-356599.792379
-363985.355235
-364639.574214
-344672.16989
-362797.965561
-369872.002116
-363003.963523
-369742.247365
-363540.979836
-359922.879464
-344366.560375
-359797.605873
-353658.835569
-369784.568794
-343814.246483
-343200.738851
-353565.986223
-361686.17958
-371922.739932
-354410.25916
-362781.711294
-350400.199147
-361292.20176
-374630.934357
-361152.594349
-361446.786818
-363658.960308
-362222.279123
-349184.458371
-362613.730586
-354505.707373
-358069.886022
-367889.737626
-367852.441928
-371767.216868
-355199.305251
-361750.005707
-358738.216012
-367643.526551
-358154.379193
-370305.236536
-363861.941321
-360193.304192
-374155.040441
-365332.562797
-362195.14742
-349073.543019
-360114.158058
-345698.627305
-359346.273229
-362637.397347
-362432.638966
-359894.683929
-351163.339773
-361607.983795
-369422.322069
-356701.610999
-369731.962459
-357250.822152
-343604.562838
-369037.222211
-368937.158322
-360026.6478
-350360.287474
-352763.200027
-356647.956406
-353670.01333
-360027.454584
-351262.552853
-341685.815035
-367421.925119
-360738.892279
-362312.579715
-373006.58398
-369049.412562
-334782.146532
-369390.149148
-369264.283299
-360574.1722
-349548.432488
-364725.550915
-366639.135897
-356027.081766
-361712.435442
-363796.695822
-354120.823823
-358235.233179
-349299.841601
-350355.902679
-357025.986258
-359611.85165
-354158.774007
-360012.001061
-362364.730882
-350165.058198
-348043.203205
-358284.066396
-361866.280709
-347738.464316
-354151.528919
-362545.408647
-357771.774405
-359504.787003
-365223.049511
-364072.0364
-357843.808262
-358841.952234
-357497.855581
-356929.720875
-358797.677833
-373045.363757
-346880.571551
-363381.640903
-356075.448885
-342756.235273
-356275.10424
-357074.906872
-361402.10523
-360130.666245
-346526.190769
-341404.353993
-364312.617221
-356512.964022
-363953.052735
-374194.373019
-343862.717164
-361672.982484
-366203.68742
-340666.203774
-368841.863221
-371192.961427
-362019.22272
-356209.198624
-369675.883498
-361272.267877
-349498.239921
-358075.42291
-367097.249065
-349435.892759
-351326.536751
-369552.482724
-364711.492007
-365863.911499
-367293.431684
-359085.948442
-337208.865009
-364617.507129
-369974.078473
-361670.736871
-354993.956786
-347228.167703
-361804.009451
-349404.485805
-339076.20049
-357843.266638
-371924.696795
-363341.609171
-364295.690423
-346887.357001
-361774.053765
-355915.106798
-355501.789925
-371106.416405
-356438.864233
-363760.785816
-355475.479606
-355028.822699
-352574.557693
-357493.309179
-365045.412724
-349688.794771
-379496.471767
-359785.802856
-368644.563247
-371934.272615
-359031.89862
-348237.924588
-356869.252476
-353959.945465
-345392.593129
-363672.99469
-355610.600044
-373671.569491
-359809.583399
-369304.274819
-362128.507932
-354586.706588
-363263.651274
-362686.05228
-372934.979605
-367717.952237
-351746.276122
-356598.020941
-360849.685104
-368982.891448
-361275.980315
-342496.733651
-358638.607395
-359146.087404
-357639.964747
-346663.721847
-359018.829747
-366977.292031
-330618.921268
-352089.385439
-351236.200317
-348933.124622
-361025.609469
-357494.794115
-354655.562497
-364363.962219
-359967.448776
-354306.628734
-342609.658948
-350718.474423
-365457.71937
-352085.996478
-366009.936056
-367354.969888
-357659.48609
-369787.95564
-365792.902694
-359660.40566
-353403.946027
-343008.828692
-360698.09217
-358494.046865
-362201.937176
-364595.286368
-358551.331027
-350109.289828
-361335.680269
-354558.10511
-353859.713907
-364454.493573
-360622.652484
-372878.417688
-366296.143726
-368897.403667
-355210.824406
-361445.588003
-357276.505093
-354824.906265
-338307.676924
-371438.964295
-358415.509396
-351491.571131
-360432.899501
-353212.953363
-352463.60034
-364137.630201
-363435.102538
-355237.518176
-361972.929807
-359730.103102
-360595.453509
-362911.63151
-357728.554643
-358186.906313
-356682.341776
-367646.354123
-375953.317948
-350270.868414
-354417.262614
-346501.65447
-350067.731421
-365004.225702
-360854.601525
-351739.027283
-360914.185391
-361539.719669
-357367.602345
-347316.733024
-360729.904977
-364575.922238
-362943.216594
-369722.936718
-345210.089043
-362039.242682
-351396.34036
-363375.940929
-361477.016702
-365483.285851
-350366.557459
-352520.012748
-357453.445151
-357178.39202
-363167.56706
-353870.283022
-365237.092672
-351464.612544
-359402.38741
-369280.950168
-357672.760712
-366821.043913
-352522.684445
-363697.100311
-364618.084535
-356307.35105
-361011.391748
-359427.006623
-349513.985719
-353892.727901
-367858.449443
-365898.57503
-360396.550732
-350102.371996
-353024.240243
-351685.93987
-347961.484141
-352376.595398
-350145.816696
-357934.699021
-350830.088891
-354792.991937
-356116.766783
-352955.541713
-362505.876965
-356189.42968
-360056.093939
-358386.762671
-362151.591686
-348266.783059
-361365.502243
-361312.500474
-351782.245832
-366674.665507
-369429.835447
-352212.104384
-368597.820176
-351756.200084
-347546.749688
-353806.614828
-358137.056861
-360326.845011
-360453.907089
-364056.286938
-364779.085066
-345130.642507
-367054.263547
-348444.543179
-366689.69961
-362137.02392
-362148.540569
-363331.739217
-365608.803852
-358966.339728
-354429.260086
-362469.907868
-355130.271396
-352825.512647
-357514.960819
-361296.690116
-372008.340642
-361518.879453
-367772.355757
-361096.104958
-367024.684204
-352196.557483
-357233.247616
-354498.022584
-350549.949004
-368533.975473
-357575.050628
-357858.35073
-364240.264032
-364475.721726
-364457.333999
-344846.866755
-371018.208958
-349445.459758
-363038.954185
-340602.081056
-366508.941934
-356615.157567
-362983.1424
-366936.190936
-361543.921675
-359579.890768
-358349.243468
-366856.6601
-367438.208779
-368731.807118
-359320.257189
-359303.426344
-351811.163294
-357443.4294
-372466.1496
-363682.02415
-338202.123568
-334478.317259
-358323.582077
-348256.883486
-359945.418541
-347149.024116
-375089.652357
-351347.049143
-358093.404871
-343714.130077
-354328.866651
-357550.284506
-356981.388927
-364056.027776
-373035.435573
-357381.983752
-371210.094968
-363512.530703
-366620.970743
-348248.570082
-344752.39257
-356212.194446
-362118.651052
-350056.435732
-349064.742528
-356691.569075
-352284.456211
-333750.963363
-353327.399469
-357053.976922
-351482.547168
-362050.859853
-346277.829284
-353119.368072
-353397.801998
-344458.927973
-356462.503141
-363202.04045
-364650.386529
-373147.482467
-346318.782531
-361034.109761
-361312.558695
-352455.369662
-363882.276076
-341995.591143
-363653.80332
-349645.22539
-359973.815375
-362363.838002
-352030.930222
-374064.726446
-358769.250449
-344467.721107
-357893.174604
-353968.147851
-355582.242083
-355368.826791
-355535.275523
-348786.851272
-356451.052042
-361444.657017
-356887.357002
-355082.64488
-352897.223776
-359186.299939
-353130.786461
-363309.806115
-364751.632486
-355651.524462
-370326.760971
-361305.805793
-350365.018574
-370519.757395
-360617.91408
-351479.463442
-348483.975588
-353786.854896
-377341.482212
-331567.01468
-370181.496052
-354598.86151
-352456.694474
-345677.869195
-355577.010891
-363977.337736
-368303.647125
-361831.836017
-354484.315183
-356997.65426
-365168.629841
-352488.164639
-347758.019821
-352629.282703
-346609.023771
-358424.176626
-362464.734078
-360826.156299
-357634.38998
-356825.06276
-358358.582459
-349574.588647
-357030.855372
-360245.009878
-351339.686924
-338154.724122
-365902.344456
-359839.703478
-359746.251806
-365553.481804
-345996.799028
-356589.097378
-348196.634731
-359970.712507
-365420.210858
-375519.237708
-353728.88088
-365740.971845
-349843.81474
-360823.99718
-358202.219799
-348281.58844
-361692.434115
-354234.416955
-352221.600231
-362134.996703
-348835.200514
-364330.90211
-363618.974782
-361015.949559
-360076.974833
-355103.167145
-353059.862404
-345923.105949
-356154.258252
-357680.175841
-367309.007812
-358581.422226
-355956.892729
-364121.196671
-371666.495984
-363708.046348
-355110.978871
-362936.61008
-349991.919862
-362596.729743
-365832.193452
-356577.166284
-360531.899171
-370314.364541
-356411.814882
-356485.853327
-368756.369319
-355889.487615
-362378.791123
-367850.379945
-356456.288376
-356012.686892
-346250.073881
-364947.344749
-368574.042138
-370562.725464
-361906.818269
-360808.672084
-361056.343509
-353458.12672
-390079.425658
-364578.053111
-358515.125228
-360218.684236
-352705.956199
-359969.884491
-350200.492316
-352668.421172
-350976.885131
-356394.321447
-357020.488285
-352841.62302
-368353.946388
-361999.37844
-361324.450379
-362359.928046
-371246.284796
-352056.395855
-367691.615879
-363779.705941
-363133.323089
-357230.906453
-346472.38627
-367625.074353
-350273.613162
-345137.519659
-346886.260532
-360769.998865
-347625.320382
-362157.891242
-355680.822007
-377435.300831
-347756.588028
-357743.959109
-353634.700845
-358648.115212
-355923.066657
-364328.657625
-363181.370298
-358266.300939
-360847.471139
-373284.21044
-370753.758697
-379215.752176
-354526.637629
-355059.132589
-362386.41669
-362741.100815
-346796.859041
-356317.944144
-360746.226825
-363203.127096
-354425.017746
-364483.156027
-361622.527992
-359513.965537
-359313.159316
-342839.009302
-359670.635703
-355579.808415
-347447.817593
-355712.307693
-355524.281653
-360985.609734
-345818.334577
-358226.557835
-366968.248712
-352733.703971
-364680.908269
-353428.342091
-355200.611098
-371753.38721
-343673.587782
-352653.128845
-362524.368847
-348516.97939
-349042.122394
-363482.698509
-366192.75355
-354604.408226
-365569.094279
-345141.177377
-368275.759876
-343519.847398
-365151.255943
-347464.719909
-332753.300375
-347032.307648
-351687.208158
-356480.360625
-362561.647487
-358336.228163
-347994.101256
-356041.886911
-371163.915423
-338458.614515
-345473.097882
-355997.248323
-369737.244635
-364427.948317
-368046.689985
-338413.852165
-357637.550436
-351326.014232
-342062.138003
-346409.940059
-364905.079519
-353897.637669
-364401.64148
-349834.280695
-345606.155463
-359931.966303
-363009.892791
-348639.639858
-345489.399518
-357138.712685
-352640.577445
-357982.391205
-352354.096764
-368377.115369
-345523.654592
-355319.759262
-364594.209205
-351022.907715
-365186.19158
-370069.480141
-360729.210453
-353401.052222
-360708.438104
-346267.341083
-357090.238285
-354468.999358
-361545.584548
-352359.845887
-357070.755139
-336826.545995
-345969.001767
-361662.279004
-351586.663272
-352848.457887
-344583.247595
-349645.182052
-350869.254509
-364165.738324
-346639.117148
-346826.227826
-356780.949056
-347252.570913
-363821.33128
-359128.57548
-354622.158953
-361395.80268
-360985.70596
-347195.254037
-353003.12991
-349540.033994
-356275.577463
-349201.382655
-356394.173195
-348707.202329
-374168.344414
-366522.719661
-348011.369942
-342234.421817
-354560.607807
-365479.241923
-357441.648072
-353657.163585
-357437.208647
-362932.170148
-358142.301764
-348225.026946
-360133.555445
-335646.819678
-364383.532226
-354503.876018
-360544.989836
-354365.888437
-348587.948092
-342183.921554
-367801.560444
-356162.8309
-347117.829412
-349949.033266
-360181.438366
-362228.101089
-344071.578415
-343805.575756
-358262.161073
-367868.255227
-355203.366564
-357922.198861
-354464.227274
-352893.782844
-352338.485266
-341890.57262
-357395.967958
-362487.104236
-351161.725293
-353778.386151
-360663.598127
-348433.576846
-352359.28585
-345772.329654
-357110.871887
-363290.006991
-358723.97964
-353398.852132
-359793.614544
-337378.47501
-355513.495256
-336938.428094
-350901.928329
-361338.653396
-365504.537111
-365023.599634
-346687.671532
-357588.015974
-359508.577869
-365001.73127
-354503.65317
-340717.983339
-347181.507803
-354421.3718
-361792.906735
-359921.589362
-361757.924108
-357500.011731
-356165.903051
-359244.562521
-352614.047297
-358025.517719
-347286.689393
-354068.624748
-350542.615999
-355682.491089
-355227.441571
-359936.331144
-355267.14479
-373897.330976
-355140.054934
-357059.512043
-348299.02446
-349780.753414
-343603.45943
-351229.628808
-340589.823275
-355433.987153
-347704.511382
-367974.502422
-364454.818525
-359266.110615
-358734.664972
-355248.692989
-371192.179879
-358027.071605
-361467.279944
-360619.217917
-346581.969755
-365773.92552
-343395.228758
-349293.705351
-351886.514693
-356974.959313
-364803.089404
-349068.975274
-363068.207011
-352342.96397
-345117.708051
-360214.986268
-355134.221018
-348360.919146
-348877.103523
-359740.944804
-364678.290215
-354091.0568
-362704.312945
-343874.912019
-346143.267708
-357354.141615
-362638.695955
-362293.597788
-364099.597266
-359553.019893
-363243.235135
-357592.572573
-351734.761263
-353681.486671
-363048.71364
-350505.276429
-363511.127765
-362803.269393
-351148.802564
-365490.150461
-372698.055826
-339452.880241
-355375.201117
-340374.201912
-356279.482549
-366759.20412
-359557.643917
-351893.504135
-345531.282021
-361997.054621
-368363.793921
-359300.234508
-372299.086331
-359024.806057
-360576.734755
-345826.403119
-354790.96716
-360945.518646
-350584.579542
-349320.410567
-365400.333851
-360922.789582
-347961.462247
-345868.620798
-369155.506028
-347464.622285
-364317.192098
-345623.047817
-365105.157144
-360366.444334
-357933.062707
-348806.851186
-341404.594125
-347974.946211
-364766.681805
-346055.00079
-362742.9719
-340674.672369
-344639.72807
-347435.203231
-356267.805562
-366776.051291
-366969.570961
-362453.652817
-348628.354989
-358092.334212
-368560.637488
-362297.302853
-342397.52995
-360675.325876
-343086.965743
-358182.708898
-341635.935281
-352579.673924
-358613.810745
-347009.458801
-356286.71007
-364011.379667
-356550.73904
-356260.744523
-370686.924898
-351089.32946
-359570.432129
-356958.96962
-344779.488282
-350853.899388
-338166.590115
-351884.192163
-354143.009692
-361036.908915
-349148.30899
-358032.120842
-354195.50543
-350330.62765
-370084.378287
-361611.400828
-353319.256582
-357243.977181
-361398.581884
-363218.178242
-342658.684275
-363089.899486
-355568.501479
-352662.013517
-357257.768856
-353647.96518
-347583.588827
-365083.324107
-363265.488806
-347510.475339
-348613.097879
-353616.828807
-351488.749349
-349619.368494
-353973.679129
-354863.289034
-365823.201595
-362576.63987
-356504.427949
-382074.393036
-351548.247062
-370115.234956
-362671.324124
-355993.102406
-362085.136639
-372132.713911
-372156.017271
-359367.475943
-362354.017902
-367365.57929
-354686.470199
-352905.933882
-346975.50092
-350403.491909
-359239.687531
-367647.783462
-360950.819087
-362910.005925
-360174.135928
-355121.366302
-361667.835243
-356103.472607
-362450.445542
-357283.779455
-356936.130687
-361525.302575
-345601.024759
-357006.265583
-357424.875198
-349941.397189
-361729.063981
-360969.4638
-360630.155452
-356631.322034
-344530.136897
-349870.784361
-351252.321095
-347761.493673
-365519.82205
-356337.797482
-362975.670894
-370153.818852
-371155.892776
-361013.072535
-361860.224518
-356645.042612
-339876.303977
-353655.334223
-346641.819599
-364881.472151
-352086.934284
-363297.544577
-352351.349798
-362155.808973
-362813.901966
-345354.586796
-353002.941504
-346321.379884
-353711.641688
-351663.201008
-360109.461102
-365894.483536
-352927.472826
-349555.759342
-351806.841124
-365541.046846
-368135.654519
-349465.405956
-363510.523298
-365205.297585
-358778.405312
-345488.205091
-354064.429351
-366248.495576
-354006.231524
-360262.867792
-346334.267172
-361874.772277
-354209.072172
-352837.732701
-362108.131922
-359463.970776
-362858.549885
-350099.047353
-343722.6758
-363385.182245
-363505.556881
-369502.100428
-364421.978348
-359652.776385
-359792.573292
-351148.768165
-363906.379601
-356231.67079
-365263.645699
-344548.611421
-352366.925806
-357240.13877
-353719.366815
-359616.688388
-350265.857508
-353563.436498
-359970.81821
-365065.600526
-356904.94524
-360942.828409
-369936.541324
-349364.388233
-350513.278097
-353946.340252
-356929.688573
-352705.741936
-350378.511333
-357239.527873
-374536.235492
-368518.115202
-342500.829439
-355052.13785
-352471.303918
-367338.095503
-357626.529099
-363444.659432
-367197.513877
-348118.64339
-341480.382293
-363139.720653
-370601.86794
-351501.092621
-359338.702032
-341721.079588
-339461.090962
-347465.965572
-351836.416988
-352348.229827
-352031.789486
-359905.100799
-356521.021853
-365454.290525
-369219.379576
-353803.735006
-356555.797805
-358218.518007
-359231.992886
-356388.693621
-342668.071278
-372681.635271
-366770.171395
-353250.386246
-362975.468375
-364267.405506
-353119.741372
-375301.948789
-359397.733419
-367820.29919
-348762.136914
-360731.459913
-362659.469701
-360718.899966
-356813.284162
-357460.412759
-356393.891574
-340541.822362
-371322.367629
-359808.302322
-339419.061979
-358856.449377
-356157.514037
-359560.52414
-360830.684558
-364317.282918
-360714.438165
-366929.477518
-347989.607431
-361531.19517
-345637.10003
-341208.691896
-365129.206219
-360130.937303
-352857.472836
-348595.334337
-353737.862224
-345958.419627
-354277.26634
-355949.017034
-356213.099849
-371960.825708
-355735.739135
-353380.079714
-333301.210183
-347904.623597
-341721.701979
-373081.395311
-357262.701344
-352551.351509
-350094.815182
-346664.802975
-349531.470811
-370625.755199
-373621.650184
-364084.291004
-365286.469143
-362483.578753
-355457.591679
-364263.210972
-335152.696525
-354383.242426
-356649.712793
-366447.143399
-353325.972998
-343935.605073
-336812.954225
-357426.263166
-355955.061516
-346034.171283
-364115.91228
-351437.340869
-364007.170497
-358381.848951
-357934.081091
-356208.289039
-351148.317158
-364498.849904
-351290.45566
-365932.186361
-352452.222966
-362826.968791
-359045.838287
-354399.946073
-359301.659212
-356466.940348
-359648.658706
-349319.075654
-348784.205628
-367876.419473
-354516.999342
-348119.326378
-363461.274755
-351297.59342
-361474.02551
-362163.809307
-355354.429247
-357527.882586
-352050.160374
-359073.833645
-345397.212942
-349711.231588
-357665.554014
-365173.330732
-345969.170214
-337249.877843
-342580.523332
-351001.455992
-350685.785349
-357001.490998
-348046.59462
-356441.181726
-358672.376107
-346134.428949
-359195.660031
-364034.18015
-362258.525871
-345073.542923
-358051.878135
-368816.255262
-344404.862069
-359576.549233
-345796.499195
-355264.061644
-352737.264852
-357516.391913
-360058.951752
-341557.241856
-351884.078956
-364565.119709
-362341.596834
-359655.204408
-353888.376406
-369290.894763
-355789.668198
-364375.023909
-341224.514042
-357918.123844
-355246.470952
-369947.602089
-354904.549125
-342868.221865
-354643.497475
-337743.746967
-358828.989576
-360882.142602
-361434.287276
-349384.484699
-345220.996745
-360759.711245
-358588.433045
-366839.306106
-365947.779264
-352218.308695
-357393.698702
-354627.843642
-355597.752754
-351652.760926
-346131.712672
-352385.017348
-364614.384622
-361355.632916
-356146.28502
-352292.558241
-361177.949423
-349548.936963
-351224.838088
-367425.394784
-368045.959007
-368888.014522
-358938.094814
-370677.792174
-356474.444317
-355184.306783
-358058.253248
-356582.960997
-360951.080956
-362897.450721
-358214.96731
-358262.13322
-342230.557293
-355066.732172
-361924.720012
-353658.71166
-355287.466452
-343609.484128
-360130.531685
-339753.264456
-358090.01185
-359089.696495
-350760.564815
-357396.11494
-348697.919811
-365795.870023
-341874.511383
-357871.654134
-367166.328829
-353262.348151
-362455.32789
-356540.754876
-361827.206413
-364357.642892
-365096.586265
-356010.530445
-360524.908557
-361164.51987
-349263.486106
-359158.042753
-343205.210438
-366068.210555
-367950.76729
-361675.515319
-349113.952158
-351139.216675
-359161.618556
-352718.663197
-345519.981957
-351577.661703
-350429.437419
-362279.218548
-356203.653691
-353994.316489
-346992.09923
-353574.556694
-362307.020824
-350795.334834
-369781.998277
-362957.675958
-351085.210987
-365744.279036
-352320.284374
-353843.172621
-354671.26271
-358970.144422
-353076.361911
-357507.629926
-357839.237154
-360724.800106
-353948.757398
-351948.776804
-362668.653617
-345530.529704
-357282.576616
-358590.992515
-363743.38897
-363411.959563
-360856.075227
-352824.583386
-352575.30359
-355933.506457
-356158.775507
-363698.952335
-361431.588552
-357785.194568
-364518.415509
-357813.637964
-363826.846061
-356215.557613
-352797.520199
-365633.088179
-349190.751003
-353331.533138
-357579.745067
-354708.347478
-360601.768053
-359785.660743
-367175.551875
-350379.205721
-358934.936982
-353064.50842
-355389.261277
-342840.949484
-363995.994152
-356791.136008
-357006.765171
-365099.163635
-358107.835404
-344378.465233
-363024.204196
-365804.406803
-342829.212457
-345786.71079
-363831.404564
-369677.748557
-359060.225424
-364358.515012
-351948.853561
-372295.697124
-357573.597435
-340497.528736
-362481.17456
-343629.55869
-362731.443488
-364502.54822
-366448.227585
-350001.209827
-368544.424462
-365812.9803
-352215.536029
-342183.371669
-361026.12983
-351054.359705
-356999.850191
-367167.240549
-364538.986188
-343915.041564
-347895.03603
-356873.145389
-365747.875749
-361328.799408
-337431.499373
-350192.881286
-353536.979585
-361222.049433
-354836.063198
-358011.884664
-357674.471985
-370547.291171
-361548.543576
-371558.500021
-355445.850351
-356638.174704
-371119.025033
-350350.269212
-363716.309211
-356357.179439
-361070.212299
-351108.285727
-361238.550909
-378256.384509
-351407.345939
-340940.859766
-374827.545545
-362482.850675
-342375.981803
-353623.8391
-359847.721849
-350445.060439
-349589.286368
-362857.277288
-360264.489825
-354973.576934
-364098.500014
-362072.96002
-341680.349605
-344089.472687
-379045.536437
-343877.768886
-348681.313758
-365160.811349
-362042.301045
-338868.436208
-363736.179154
-360646.005226
-344182.059142
-366456.125296
-356869.592482
-366058.392014
-364936.973284
-356637.101524
-350910.538725
-362336.163155
-362126.424144
-358519.007468
-364943.58096
-345061.666623
-368649.316529
-354974.652982
-357475.394898
-357829.304707
-359044.443081
-350742.088117
-363091.280507
-364092.125636
-347982.244657
-351506.941915
-367763.589103
-353483.819312
-353749.347913
-352383.281432
-339534.79909
-358578.355734
-364933.114899
-343041.300576
-365060.258391
-344569.389262
-359984.825568
-351301.381347
-367927.021639
-351037.861568
-362743.834243
-363424.665786
-375374.931529
-360384.294971
-365201.184089
-370634.136935
-328620.087102
-339822.981046
-359746.064439
-350335.250111
-354560.906564
-358272.508126
-369262.970154
-354590.714023
-351956.719137
-356727.193758
-361541.904302
-364976.829382
-360630.739576
-368108.547518
-359680.864882
-367745.698975
-357011.507533
-364325.476885
-345707.205282
-351226.421158
-353982.698016
-353548.351621
-358173.907387
-329342.904408
-376203.900548
-368350.583497
-350018.51669
-344644.376577
-366555.333441
-358114.156753
-358138.118815
-346848.793115
-353118.982264
-362694.219553
-352881.557637
-357975.464251
-361778.18405
-358332.933296
-351400.939976
-345680.123754
-362182.105134
-368221.049909
-358169.192651
-366410.790327
-369247.601385
-362730.043342
-356945.61106
-362378.547428
-356083.07473
-349951.708416
-350026.102402
-350408.982288
-360314.508008
-347774.854669
-351087.008516
-359173.683167
-357763.856088
-356384.451358
-359113.585348
-356813.040846
-356585.976364
-352677.106719
-340248.213953
-350612.915975
-359171.174866
-369102.758135
-372751.814028
-355555.355143
-346926.217108
-365556.335507
-358165.339959
-365426.28085
-341348.702816
-366078.832592
-339411.408101
-343791.315676
-356456.630097
-350154.724256
-356897.810564
-366265.581452
-361515.786082
-352645.094215
-373687.357117
-362284.078109
-353704.056996
-364160.413895
-344779.255355
-358231.228133
-374146.649954
-343916.613612
-366506.51005
-360199.19684
-370353.90598
-360861.283858
-350489.265652
-361657.777494
-355969.062395
-363297.468304
-352119.717276
-358697.668843
-362080.37225
-372178.21904
-367165.40369
-357564.079383
-346898.268886
-363910.947805
-363864.35378
-361425.825574
-366111.783039
-358038.783765
-361569.108975
-365553.254339
-353457.278772
-369343.757032
-338470.620117
-354275.787463
-349211.598932
-355398.965089
-340147.866057
-361404.637534
-364777.806479
-361276.009202
-359020.145478
-360665.592737
-364175.268215
-353034.064465
-366338.700777
-354871.357479
-364855.841502
-334833.695218
-379866.42101
-357354.345978
-354659.0996
-375579.323282
-345037.984617
-350951.681288
-365509.628111
-360047.171411
-353867.431376
-362562.511811
-363423.086625
-363696.855109
-367387.811548
-365916.308238
-363379.23405
-350425.67333
-359318.798802
-357055.086438
-360699.41679
-348469.117309
-361367.992839
-358149.280445
-347431.184988
-365129.354074
-352663.452017
-358422.979049
-348339.49995
-366923.088899
-344600.646033
-347432.437866
-351528.602869
-361771.16519
-365231.280506
-345702.119354
-341443.517843
-362353.715907
-359681.298695
-354385.181617
-346030.972527
-350633.864956
-371270.236585
-370397.742213
-366747.500552
-353460.211544
-355056.413411
-374357.540868
-368356.843488
-358505.784864
-355424.325649
-358236.87778
-353409.807287
-364446.388916
-348451.110715
-353892.490082
-340946.671835
-364581.742691
-357542.378781
-363682.728294
-372245.134467
-378711.424251
-365685.100958
-348375.174403
-351425.066056
-372614.069444
-348357.642527
-341227.234432
-361909.444031
-351173.455015
-367993.724274
-358862.350772
-350768.485419
-350325.256002
-349516.069541
-364895.7048
-353511.270287
-352871.574102
-358838.290176
-355579.763168
-344636.818277
-358051.708173
-370449.720124
-363736.107522
-347234.186883
-357678.07721
-353093.02288
-369549.228775
-357891.481491
-354382.013115
-362463.711673
-357584.117431
-352497.145941
-357958.806503
-354250.012796
-366176.654748
-352674.068078
-330370.077191
-369851.234643
-345529.287993
-357610.986989
-359808.092578
-353610.132555
-365120.002012
-362488.622472
-354722.427254
-357031.534055
-348038.106325
-357113.085515
-340563.837036
-336680.597421
-355345.775179
-353276.675236
-356219.565128
-361946.733316
-364868.79521
-359052.878446
-368696.629574
-375493.936853
-356507.601106
-358100.326484
-363980.402706
-349344.390374
-359155.958827
-349616.363029
-368735.35998
-352878.606996
-354246.140052
-345903.958303
-347215.612656
-348396.207815
-359645.365223
-359389.6222
-371569.717878
-357167.708633
-354145.823134
-350798.558728
-352495.98319
-358405.286091
-349159.578625
-365421.211167
-356888.022877
-347931.876205
-367582.530355
-358295.836051
-357801.349017
-339368.578487
-360643.489025
-352754.972468
-353677.159217
-346814.069797
-348674.77234
-357339.133981
-358847.778479
-362698.366736
-350189.194627
-360479.003968
-363283.067991
-358748.196766
-333577.404612
-352509.665735
-369043.661514
-361547.582965
-351521.493787
-359580.525589
-352755.901864
-340515.961631
-354492.405259
-340462.112799
-351719.371798
-363095.645983
-358062.139705
-352320.118386
-343380.582839
-350343.609846
-358785.339057
-357578.833756
-361513.741529
-355670.078971
-355149.409948
-355222.013907
-365183.678445
-364051.641889
-361985.145158
-355870.025975
-359041.22697
-346931.378374
-349019.265059
-346651.032407
-368698.890168
-354414.169238
-353938.551167
-356613.23251
-354270.29189
-357664.421163
-361855.413116
-370255.693453
-357456.420226
-347190.803195
-368053.44653
-355524.258465
-351081.624157
-366163.784688
-355988.9234
-361220.570705
-360675.222216
-356576.677388
-354116.293574
-343029.970993
-360662.09491
-351555.016538
-342553.433462
-361034.055259
-354572.510504
-345558.223144
-357022.265674
-362967.501389
-350333.555778
-366789.130676
-366506.205741
-356299.803
-358432.933759
-349963.311037
-358113.050899
-346665.069031
-364040.288632
-352900.027475
-368339.307377
-357245.574065
-358759.149212
-360310.165592
-359516.408639
-364992.86611
-353251.368197
-365071.534083
-352125.580997
-363128.667412
-344065.886201
-362630.290717
-353678.842611
-374482.787947
-350944.826092
-347112.535194
-352637.283609
-361263.056279
-356940.438457
-359168.735084
-347974.080269
-333925.885946
-364001.345265
-356027.148367
-365741.842928
-352247.338291
-349492.752536
-369775.262563
-379905.97094
-357410.363834
-337737.096951
-359309.281408
-358739.47812
-355994.431473
-371320.418614
-342609.179957
-365199.004634
-363895.253099
-354134.833949
-354130.280854
-360128.803213
-343742.278638
-359908.252624
-342876.765563
-361804.84743
-355698.112605
-358415.717052
-348536.396466
-352787.067005
-348516.804118
-345542.173014
-368939.986817
-357718.072296
-363296.954963
-355050.588149
-367624.097138
-337527.167817
-366237.877896
-356447.037791
-358324.343102
-341009.152247
-364993.25329
-363714.641752
-369324.535769
-364390.587509
-360562.420131
-341327.898781
-340367.881027
-350497.17337
-358276.927529
-364539.451772
-354102.484218
-353177.232829
-348767.542942
-360660.879193
-351069.83689
-350673.272453
-351628.594604
-356657.910693
-362107.209913
-351646.632167
-359605.562027
-357235.038586
-349367.099984
-347185.594142
-353661.738726
-356615.034538
-351255.99448
-359520.428527
-341883.968365
-356141.445567
-357781.872059
-360097.958002
-367729.978048
-351626.834928
-361354.591229
-351310.350873
-368666.66365
-362251.648735
-355064.208499
-345729.847899
-359982.010061
-358482.599819
-357321.254574
-353043.635391
-355488.890562
-361486.226347
-363312.812119
-364747.133827
-363955.918872
-360294.36655
-373121.899266
-368255.307076
-367284.193189
-355869.786916
-359056.787886
-355500.565355
-364641.746349
-355840.493427
-347471.330685
-350889.019
-360619.462709
-347540.219741
-353087.058716
-361548.075336
-358331.238033
-347237.607078
-358076.375399
-350849.971088
-352015.21327
-358259.616216
-376201.500991
-350626.95108
-355987.229942
-357575.566484
-359715.92072
-361004.266201
-342560.849447
-363983.65393
-342910.513654
-359072.210115
-344052.587845
-365246.845533
-345573.230937
-337466.066529
-353165.802834
-364308.664311
-368208.853287
-356378.265523
-367365.493586
-367677.348593
-351528.14616
-347503.352673
-367403.590157
-355446.932221
-358902.795642
-358767.894028
-345002.160544
-356501.362647
-362894.223896
-351709.239423
-358313.917916
-363743.974702
-340101.618153
-364781.365585
-359743.001953
-355485.968191
-347387.232681
-361988.561042
-351207.091105
-360444.654403
-360487.297079
-349743.217965
-359082.014056
-363251.954345
-354619.778249
-360671.014541
-354688.20689
-337158.910547
-355059.14331
-341129.021264
-361205.634461
-351263.198924
-358239.822093
-367717.156719
-348136.397411
-345886.853439
-356894.997472
-362672.096282
-367208.806771
-361451.415895
-358596.184461
-352790.506974
-365964.892907
-361687.9545
-374338.385487
-342986.057812
-353272.543332
-364724.304662
-356158.45895
-358990.34248
-360804.796504
-361117.421471
-366353.953899
-350539.30031
-368825.819806
-356531.414124
-351322.491793
-356334.733031
-363684.210374
-365509.516822
-357660.592102
-356141.318102
-350158.823994
-356980.127422
-368083.720166
-361157.729495
-364820.218243
-359673.841633
-366481.756536
-352093.890891
-371022.35553
-344543.467829
-359788.909074
-346569.973831
-362998.578372
-357780.740703
-357743.403944
-355382.495953
-357866.777514
-354707.495339
-356128.476547
-355956.468877
-337781.971336
-363917.358358
-362990.16142
-367103.258982
-348934.048144
-356600.657303
-352745.130168
-348150.636328
-366207.031028
-361971.662928
-347928.262059
-359364.339242
-362616.553466
-363905.092259
-367155.183127
-367776.990713
-360995.165007
-360679.687016
-377272.82994
-360942.921032
-358664.153016
-339172.370955
-361740.832429
-344713.980498
-365070.046251
-360978.249728
-345945.584469
-346369.190031
-363357.099402
-362237.796307
-370841.80704
-347284.347325
-354089.173339
-360967.579729
-353898.890357
-347092.676832
-363580.924896
-365287.718968
-358639.168058
-361619.187833
-372720.559106
-369203.40307
-365307.247546
-357407.302555
-366022.22949
-335481.056257
-365855.44197
-352162.004778
-364202.750547
-349471.225528
-348518.68138
-345047.188191
-358965.55469
-369898.745334
-351489.619976
-349457.779945
-363346.237311
-353632.036517
-365397.782381
-347494.293582
-364140.259866
-347488.942404
-361936.093501
-354369.561064
-365062.66549
-352411.200565
-355669.464728
-335675.356965
-366824.780821
-352288.673857
-364240.873964
-369954.190781
-355649.470578
-351966.349867
-349794.102478
-355201.045999
-357747.752108
-349003.315539
-363516.593992
-370078.810175
-356691.864705
-364379.158307
-369016.011603
-357291.427763
-357211.558901
-364481.196139
-354655.533664
-359438.414246
-366470.657868
-367966.701387
-370733.779993
-357759.091967
-345496.025139
-356600.335473
-363177.409566
-355391.316807
-363778.213892
-371073.642823
-353168.760289
-357213.397899
-370025.215966
-367566.276621
-361076.751967
-349856.402925
-353125.803972
-363093.775085
-367937.529773
-361889.965852
-345928.420294
-357418.305304
-358779.445884
-364924.44419
-352576.279869
-360722.17922
-368477.241258
-361571.202142
-367373.117344
-361567.64778
-361536.579027
-356864.044283
-361498.303611
-355939.460255
-352738.953731
-350531.62669
-359791.4328
-373034.669025
-353760.839065
-348449.325796
-349418.711377
-355068.368166
-357064.834128
-364651.04362
-358296.852753
-364785.991661
-362745.115033
-350955.780259
-352707.320382
-343412.997119
-366731.507991
-363187.068263
-362413.391763
-361953.810655
-378835.259773
-366795.808219
-354073.316336
-369908.876709
-350026.037506
-352057.144405
-338215.05641
-342911.354383
-359087.859817
-346546.579903
-365729.873411
-364455.376974
-339379.084794
-355829.163693
-332074.601892
-350621.689998
-356363.3774
-356283.651175
-359756.808961
-375246.904587
-361183.416768
-365274.753469
-355205.890222
-351961.231013
-366275.250382
-355054.104404
-352549.298432
-357438.292454
-366897.867228
-358279.851882
-355626.666995
-347065.433173
-345825.017168
-348578.690673
-324944.069449
-348391.543046
-356915.817823
-349764.366811
-363591.14314
-355607.568426
-344906.468176
-344055.15074
-364587.47935
-359892.59912
-356726.396845
-354714.145749
-365889.874768
-366141.131243
-351937.079003
-352464.446191
-355994.96016
-362433.600253
-361187.951455
-371694.212916
-350657.289158
-350063.358722
-376303.462842
-351345.638804
-349378.872481
-360627.459941
-363924.925666
-359742.588298
-366265.172635
-363486.083594
-357662.162954
-363813.041994
-366776.86456
-348307.538041
-356697.770048
-373313.119472
-349297.782842
-350791.380243
-361655.818781
-364068.317428
-363374.05388
-347550.347865
-353228.32608
-355566.12299
-358576.083552
-359403.2028
-351752.052319
-351115.84512
-352334.545672
-365372.814213
-363583.238868
-358887.477116
-358426.282362
-355395.305607
-343798.909549
-357483.684009
-371083.084997
-348408.996056
-365403.03802
-360106.771739
-355865.679358
-365037.225409
-361976.689235
-358143.048326
-362803.015956
-350943.072872
-367547.046081
-349323.67858
-351273.896721
-359465.370495
-356139.154286
-342013.804915
-348807.989587
-362009.332509
-354164.674783
-369042.301884
-348073.136641
-367375.323531
-350610.048142
-367806.273913
-352609.664618
-366884.131441
-369251.267949
-365615.17758
-351008.670969
-378004.737357
-364735.160847
-369924.490653
-351409.596541
-367973.217557
-347812.921909
-342088.343462
-357560.169684
-357878.914891
-343625.975517
-342453.40475
-347764.987658
-354737.539326
-355917.787321
-354784.399534
-356985.404774
-353579.538628
-351960.178079
-368242.98155
-358369.832036
-366383.484404
-374058.136408
-353230.163259
-351093.074164
-363483.067576
-369705.846061
-361781.058266
-361383.345252
-349278.762496
-354462.881611
-356170.888118
-362577.17938
-339489.072127
-360442.421193
-338833.260762
-360574.792753
-342179.943414
-349285.763623
-357497.174597
-356024.707667
-368998.403539
-355901.474991
-343351.029834
-352941.238656
-365188.282648
-361706.672953
-319040.15456
-352577.164562
-348382.443954
-352845.333014
-355883.244136
-370312.756785
-356259.761335
-364622.902944
-359590.226779
-349367.506036
-357824.523045
-363916.384436
-363042.465593
-339472.875038
-359724.002839
-344006.466692
-353130.067354
-368387.62984
-363832.96529
-375928.009048
-338935.635636
-354729.326812
-368916.20147
-359091.458523
-361146.407274
-367423.912227
-344322.741296
-354134.510605
-364253.962837
-361250.155039
-368607.503994
-374182.499822
-368126.589343
-362543.017761
-360718.835753
-366553.567893
-353684.410152
-354659.312006
-344175.753536
-357591.134586
-352969.167363
-341562.859955
-358856.960123
-361906.650632
-343031.086333
-358878.355918
-355060.427124
-358474.574113
-355173.891116
-353711.59864
-358989.192293
-356432.094193
-352964.85445
-349477.172284
-363099.478621
-376872.314502
-365567.389478
-348381.145776
-343381.261582
-350730.076312
-350493.001093
-358797.681007
-339845.61384
-369586.295385
-373165.691082
-352194.370107
-365801.968263
-353649.98556
-360908.202725
-363231.319551
-353309.815957
-361616.195829
-362324.522953
-352022.851504
-348267.540064
-341661.515853
-359506.463442
-357804.081678
-350893.767641
-367206.656081
-361402.384971
-364156.925737
-361636.094016
-356655.03801
-363135.254201
-363524.765878
-359677.433364
-365464.576246
-365927.08947
-358656.760509
-347323.209544
-341390.828476
-355440.230956
-366615.327591
-360025.032529
-348692.132309
-356668.542144
-362411.504356
-364205.988358
-354392.635001
-367114.396885
-355081.96935
-356471.439663
-363406.176253
-369722.526402
-364800.878479
-358632.125315
-365174.40772
-355894.221181
-362098.619727
-342507.604563
-361261.147573
-365027.575938
-357277.943125
-351534.366329
-361481.256962
-352022.493963
-365175.215219
-360627.257484
-353637.251088
-345770.890544
-351554.904663
-357001.508928
-365883.993586
-357991.827951
-365187.484106
-356669.702501
-346814.598945
-342381.638623
-366548.999668
-350421.04163
-361080.868459
-375899.363826
-365361.78434
-359159.585308
-370302.944509
-362373.657298
-367584.002168
-338155.685672
-349941.968802
-348129.111379
-370637.363591
-355303.087864
-348240.088854
-366381.074001
-367274.789203
-340775.692478
-351113.787367
-350251.589203
-354244.955995
-346904.853671
-360072.402551
-360645.718058
-362708.840097
-358891.120763
-358559.196174
-367645.620277
-363670.538143
-375621.019704
