-1041886.97503
-949152.669934
-1059896.40732
-1031874.52306
-1077756.267
-1057952.0243
-1094808.26843
-1081512.67329
-1080485.10629
-1003925.98791
-1041170.77261
-1026606.73061
-999735.161159
-977310.886709
-950197.042788
-1032222.25672
-1008736.04894
-973880.171365
-1078943.44983
-990996.912529
-1174230.97156
-1120967.36246
-1164477.42645
-1147926.78446
-1259463.8613
-1245279.46943
-1195869.99591
-1158583.2989
-1166422.8529
-1148283.87409
-1155380.52846
-1223351.52155
-1260251.92376
-1208033.28404
-1143260.26637
-1201973.88606
-1132800.84358
-1132356.61214
-1110272.30886
-1222891.08843
-1285219.44232
-1147656.53742
-1264278.65981
-1250097.66715
-1267354.40426
-1253134.22703
-1223077.13494
-1207580.19114
-1253861.7617
-1200219.3346
-1249718.58735
-1300404.06171
-1222888.7026
-1266211.85091
-1244744.16915
-1288508.06707
-1218460.41124
-1299460.81082
-1287145.44978
-1266582.75324
-1305410.25084
-1187017.10056
-1275520.82606
-1281702.53497
-1277435.72071
-1259428.15477
-1287956.0918
-1273039.89811
-1265048.85437
-1306550.86223
-1304316.56679
-1299040.38766
-1282704.49808
-1254234.04563
-1279706.44049
-1313287.08772
-1293781.07985
-1289785.87033
-1289295.54082
-1285864.88173
-1293385.83743
-1283858.49235
-1281560.96885
-1262287.88817
-1258691.47437
-1271240.59802
-1277331.16205
-1297932.70009
-1290008.37071
-1294734.01386
-1259959.32929
-1254721.60084
-1252702.41419
-1276556.53252
-1301368.37039
-1282955.28654
-1253745.2547
-1281906.95406
-1265261.95783
-1279399.29407
-1272140.12031
-1296587.10671
-1302277.97048
-1261305.50837
-1287797.18557
-1265224.80817
-1293603.53402
-1247986.30419
-1312189.9169
-1297796.49852
-1227160.38083
-1291525.22563
-1275172.11255
-1290486.99833
-1281886.43096
-1283579.81771
-1273635.06901
-1314319.82613
-1307417.81889
-1273843.17671
-1242783.8451
-1281746.97152
-1271899.06989
-1261069.06505
-1273932.84133
-1259556.74884
-1276692.31188
-1258453.08274
-1250901.62399
-1262455.87305
-1251668.71669
-1293236.92799
-1294996.39175
-1284933.97643
-1270827.97302
-1307952.98175
-1242063.97959
-1279510.53886
-1248024.2954
-1219721.7202
-1261372.04037
-1278333.70351
-1274649.2102
-1266113.61446
-1265320.16172
-1288939.74587
-1280949.71726
-1296990.36455
-1254512.35806
-1282859.32594
-1264815.22226
-1318296.42529
-1290417.08824
-1272568.97097
-1261372.32551
-1272814.03559
-1287017.2793
-1245283.12458
-1266187.33903
-1264103.2473
-1246089.32736
-1292639.70767
-1268568.23811
-1300911.01717
-1229481.50051
-1289649.93527
-1290651.15894
-1307807.0096
-1291774.50587
-1293213.78635
-1279897.40832
-1298981.83908
-1305631.00033
-1279622.895
-1268709.8428
-1263808.82086
-1253898.75907
-1272602.13906
-1294993.48466
-1236651.05109
-1243195.78439
-1305914.02664
-1289974.1914
-1323151.04846
-1269635.62818
-1279682.96419
-1282683.94518
-1307472.41663
-1295962.89775
-1282807.53517
-1294558.37216
-1326160.71241
-1289771.77238
-1256997.9328
-1291895.93823
-1257944.33275
-1278281.62484
-1294135.40494
-1284120.32395
-1298040.40227
-1294931.63349
-1301264.50976
-1275882.66143
-1305921.66216
-1274117.37379
-1299878.88217
-1296442.66432
-1297124.37112
-1263774.08734
-1278029.08613
-1271257.92618
-1308313.38688
-1274447.51026
-1266902.76983
-1283568.81476
-1280942.32288
-1270324.70578
-1272328.74477
-1281145.996
-1276485.4187
-1291155.69881
-1288018.48829
-1254626.31867
-1297375.11701
-1291791.18438
-1279315.58893
-1252207.74362
-1292576.21843
-1277153.52643
-1300103.10439
-1254432.30413
-1288721.58038
-1276362.66786
-1276100.00386
-1263187.70329
-1260607.6548
-1243557.92067
-1290203.54753
-1260798.87611
-1267095.4078
-1259309.75326
-1330967.57303
-1259995.89481
-1283688.03135
-1230703.19884
-1287179.62331
-1301858.17883
-1295306.4165
-1212293.48578
-1286190.02936
-1307679.27047
-1290719.47202
-1287455.17523
-1277996.51996
-1280543.90802
-1253680.97052
-1279290.76019
-1262611.25339
-1260568.29462
-1259727.4474
-1267156.25296
-1281974.6458
-1282707.77847
-1274983.61052
-1266646.08974
-1276209.23291
-1297097.63667
-1277552.27557
-1266130.91085
-1285599.69864
-1248162.87594
-1303380.39085
-1301324.35136
-1287546.31016
-1272041.92658
-1243610.99982
-1269892.9002
-1275610.99849
-1274632.21963
-1274017.88877
-1284246.69431
-1308190.56096
-1294730.03702
-1268642.40577
-1278602.40339
-1292780.6396
-1293851.17312
-1310221.35976
-1266552.81291
-1290963.17373
-1288635.59177
-1271660.55401
-1264151.07867
-1250276.66808
-1272995.31874
-1294849.70326
-1291355.31103
-1297576.10757
-1288063.37897
-1282305.94822
-1292533.44345
-1299587.61701
-1289665.90347
-1288606.25947
-1292719.69698
-1284647.46573
-1283975.54574
-1307118.03078
-1276913.02531
-1286780.42051
-1287710.54347
-1287138.92877
-1264623.0979
-1259530.69995
-1305935.93228
-1286814.8125
-1300698.97159
-1297046.24724
-1259437.7112
-1270281.10369
-1300097.86482
-1273903.06178
-1275840.75941
-1298871.73753
-1288608.91877
-1278360.10843
-1292117.82366
-1275142.47681
-1250680.6707
-1297376.06491
-1249738.40722
-1316681.5224
-1318297.30009
-1276174.66682
-1300377.07908
-1300196.1631
-1271047.76188
-1263739.36263
-1244894.63141
-1282025.44104
-1289174.63136
-1303160.1629
-1250311.74456
-1302934.63764
-1272536.35577
-1250812.17183
-1273112.79972
-1267634.67349
-1263002.70069
-1262118.06742
-1245602.13779
-1271649.95517
-1305477.0037
-1271012.2886
-1294042.42164
-1285702.21867
-1286502.39443
-1282166.07859
-1224124.28503
-1280300.92703
-1280888.76312
-1273080.13865
-1287402.18161
-1310296.53284
-1271600.37728
-1275494.72866
-1251673.95029
-1318238.17339
-1269651.49931
-1274357.73398
-1267877.57502
-1275296.14511
-1308606.37364
-1282779.36884
-1280312.21091
-1249884.63335
-1312208.70286
-1294249.67378
-1285083.93025
-1269818.84554
-1207625.30496
-1289875.5069
-1297087.9502
-1327826.1474
-1293315.06749
-1286387.83575
-1291021.66379
-1250035.62891
-1269083.81999
-1279451.1921
-1242265.99636
-1286846.44525
-1264855.11745
-1244885.50271
-1302262.79548
-1322134.56096
-1285618.23392
-1306566.68849
-1295097.63712
-1306616.61793
-1240895.89124
-1298677.86412
-1278657.60193
-1274867.4065
-1242086.14787
-1281182.18917
-1286363.87544
-1262406.12376
-1256484.7051
-1274699.92424
-1274308.49587
-1270829.98666
-1254026.08069
-1265585.51697
-1272457.88109
-1290594.70056
-1276143.48771
-1292775.65604
-1256823.53806
-1264587.55022
-1278629.68013
-1274230.80071
-1301704.41345
-1300704.32155
-1296069.27516
-1302885.46101
-1257585.28314
-1301789.8116
-1250392.70549
-1309129.9765
-1283119.62993
-1273792.72765
-1307850.84004
-1251682.56398
-1238699.59069
-1304880.66425
-1254528.79818
-1323433.26994
-1279553.8656
-1303072.5011
-1258135.33014
-1330350.30846
-1259672.88217
-1283792.89812
-1279335.40987
-1272322.38089
-1281512.28789
-1264223.58041
-1279461.96432
-1284675.17579
-1226398.10936
-1296190.99606
-1248004.96791
-1269172.7174
-1274988.83423
-1297036.15969
-1254755.41565
-1298968.96928
-1310947.29436
-1268151.32011
-1300596.51728
-1311488.26794
-1277162.75097
-1282264.12458
-1313194.13796
-1252652.03953
-1325019.76923
-1318482.37791
-1248970.13203
-1277660.12392
-1282922.38337
-1275935.26824
-1282082.71945
-1250382.54253
-1296843.41405
-1277585.78981
-1260082.81739
-1276678.5552
-1272997.8493
-1305396.2556
-1296637.76736
-1334788.79302
-1299883.73194
-1291260.86666
-1303817.52859
-1288991.72661
-1303975.55222
-1306277.72193
-1265288.60674
-1242917.11644
-1249099.48594
-1272686.17957
-1240648.8797
-1288554.55229
-1266390.26315
-1293898.8361
-1298828.8212
-1296858.26255
-1260554.73214
-1293860.5243
-1293681.92335
-1281840.21998
-1280033.23605
-1282174.29946
-1309213.54406
-1337585.28362
-1311041.95162
-1296006.3869
-1267111.30354
-1277349.06163
-1259246.75947
-1319672.5037
-1306501.25015
-1268677.56976
-1286435.12565
-1242366.36252
-1261697.70419
-1284780.92615
-1295911.06111
-1317877.93304
-1249096.46925
-1304108.76372
-1260064.96632
-1299568.87942
-1283853.41501
-1296010.65337
-1282492.0299
-1284463.33464
-1312267.64708
-1246153.00237
-1288101.27854
-1286566.97679
-1301832.66423
-1294056.55285
-1273003.69163
-1294822.89804
-1296118.57175
-1304570.41772
-1280794.77999
-1307365.11231
-1268846.48042
-1271359.67894
-1278622.84899
-1295108.67654
-1299009.25884
-1323666.35189
-1284730.22388
-1271408.64194
-1303910.57198
-1254520.61881
-1262501.90479
-1309602.10338
-1268683.81732
-1302130.28782
-1305395.62272
-1301683.00459
-1294833.44848
-1280657.18626
-1263318.41097
-1315346.7683
-1307994.08732
-1305246.75224
-1230842.20491
-1271323.11175
-1299285.36625
-1281114.66298
-1234500.01638
-1286499.65879
-1309883.68012
-1254025.55949
-1293631.84575
-1318272.85045
-1262479.5697
-1288311.59332
-1257844.72967
-1292700.19416
-1295748.89797
-1256659.94743
-1294229.96588
-1294871.16123
-1294134.99551
-1304188.18621
-1208503.06236
-1262092.41537
-1283580.41787
-1298588.22191
-1280941.67544
-1317292.35121
-1292648.58909
-1274979.16164
-1263057.39384
-1311529.9629
-1279100.73216
-1256093.22413
-1291988.42799
-1284768.54567
-1283338.42346
-1254420.72525
-1292978.8717
-1279870.44863
-1271679.52114
-1278181.26797
-1303074.19388
-1262808.61916
-1286632.66699
-1264713.13745
-1301585.80722
-1279287.90449
-1297871.92651
-1272682.56693
-1280524.54796
-1318968.71443
-1250573.00183
-1293687.92333
-1272234.04833
-1283120.00125
-1291176.25355
-1266481.06106
-1302011.67365
-1314624.8156
-1307486.90574
-1325538.63423
-1272282.36597
-1286200.91948
-1271274.70877
-1252904.64706
-1266393.33403
-1293450.40314
-1295031.94029
-1293813.43009
-1275660.3976
-1314530.02274
-1282066.30657
-1275876.09312
-1311080.53991
-1263712.69664
-1264062.19927
-1304182.06153
-1254438.77197
-1265398.61219
-1264967.81431
-1284409.06456
-1277151.79021
-1301136.59271
-1284894.42291
-1278356.35638
-1241656.23412
-1302738.50757
-1279003.92875
-1251905.83705
-1275431.50833
-1265626.48687
-1319784.25055
-1299106.16225
-1296217.98247
-1282239.61868
-1258969.68611
-1294562.79685
-1246599.49212
-1302836.81722
-1285052.95683
-1325982.10865
-1288566.05691
-1268425.64528
-1284546.37125
-1287863.79561
-1268384.69687
-1297656.47913
-1274583.79283
-1273728.53126
-1292820.19569
-1303950.47896
-1302633.11948
-1276527.57805
-1289698.80397
-1257902.76024
-1292667.31664
-1304367.82574
-1264033.20282
-1263808.15099
-1262252.13117
-1288955.17668
-1267132.63604
-1281917.82345
-1311188.16058
-1304841.64246
-1298418.18473
-1275568.05309
-1285654.34351
-1291293.03583
-1267199.38926
-1301297.16871
-1287766.55362
-1314202.20005
-1306593.31144
-1290815.50353
-1286560.1903
-1278499.61848
-1289193.04811
-1275580.27425
-1280223.37212
-1310542.40676
-1280588.52848
-1275561.21825
-1300516.10923
-1304562.65042
-1260640.10409
-1292725.77952
-1276680.017
-1260948.49299
-1258343.03309
-1291219.98338
-1315718.90746
-1300659.43025
-1277612.38303
-1278330.72434
-1302205.25294
-1283666.84607
-1278244.81785
-1284646.24207
-1269363.43065
-1273296.9395
-1305942.40111
-1272381.88651
-1295626.57772
-1288772.43494
-1288371.95704
-1279110.70175
-1279974.45102
-1241052.3089
-1254102.52358
-1313321.41886
-1288762.25795
-1297298.18819
-1296752.74981
-1268038.25091
-1255192.40507
-1303978.13879
-1263761.83395
-1282862.9716
-1303053.99172
-1291087.0626
-1268707.60601
-1264034.18786
-1277551.3809
-1300625.42624
-1284294.01235
-1271106.80156
-1276468.95693
-1258434.73352
-1252121.87627
-1278086.58602
-1294304.01257
-1277974.96246
-1275775.21014
-1306642.91805
-1270538.5209
-1296611.25034
-1303468.94788
-1236636.23786
-1305285.11098
-1310694.62578
-1281629.88988
-1287578.87657
-1300561.82955
-1306130.25095
-1313420.50244
-1234097.61839
-1294386.77999
-1254189.18493
-1279731.92451
-1264001.58692
-1280698.07794
-1280312.65589
-1294003.07652
-1288383.13458
-1285691.24648
-1313740.22163
-1272657.75809
-1255891.41817
-1292140.58851
-1276674.60899
-1317495.15225
-1260005.6895
-1286875.31185
-1304236.16308
-1279910.24793
-1257309.18198
-1263429.27111
-1307026.52367
-1241356.70796
-1279263.30727
-1309180.88639
-1241941.2963
-1298488.88889
-1241554.00073
-1257548.913
-1283741.11682
-1255030.0096
-1296997.88089
-1278757.61752
-1285866.88378
-1275374.36067
-1285842.09098
-1298858.74712
-1265435.83875
-1281842.72516
-1269688.4743
-1283428.65469
-1289839.52918
-1295119.66788
-1273499.47019
-1305456.13295
-1278106.46134
-1337112.8662
-1260763.57188
-1295620.13844
-1274194.27806
-1255097.51474
-1261750.32654
-1290362.99544
-1289932.7956
-1243688.31484
-1270691.13602
-1304301.66046
-1287872.12168
-1254346.92387
-1300389.6052
-1264374.54693
-1250782.69746
-1267254.11872
-1285189.42897
-1258418.23968
-1256705.50573
-1305806.88143
-1260904.88743
-1248132.40617
-1275831.46715
-1290000.41151
-1300730.42408
-1290151.52217
-1295722.48259
-1283429.05946
-1279906.88895
-1298489.30777
-1288691.00477
-1279785.7943
-1271967.24624
-1264033.90303
-1305303.92358
-1264214.80545
-1301145.13245
-1305682.50278
-1302842.55213
-1261884.85801
-1264225.83727
-1312067.19784
-1292562.83194
-1278133.62811
-1272347.69994
-1268383.21065
-1285038.33824
-1289939.75887
-1309174.30364
-1299514.0297
-1290875.72191
-1290886.64424
-1261496.6198
-1253493.90796
-1276082.46544
-1294086.66073
-1314948.8695
-1270645.74835
-1273627.79006
-1289910.80692
-1225960.98551
-1288977.30199
-1302705.03431
-1295950.07153
-1291762.53035
-1269568.93131
-1287742.64798
-1266214.38736
-1286862.44444
-1320852.70116
-1296267.95869
-1292602.17116
-1275837.34483
-1295025.34649
-1236852.33778
-1281892.44847
-1270376.23971
-1288937.34769
-1292610.42883
-1268044.80263
-1280767.39751
-1265677.7719
-1255766.48544
-1310047.10771
-1288897.87162
-1287006.48698
-1311074.51493
-1304698.32851
-1288091.52879
-1298851.96196
-1283281.67248
-1265915.63681
-1283877.01598
-1307626.60093
-1258808.19648
-1260100.19268
-1268275.92361
-1302337.17155
-1298807.17953
-1290396.35538
-1261642.33635
-1297773.23291
-1286823.99186
-1274145.99653
-1273548.70241
-1292998.07638
-1280355.99436
-1265825.59638
-1283643.71197
-1298852.25467
-1317137.01644
-1312064.65346
-1281556.21281
-1246085.7396
-1254896.4742
-1242165.76704
-1320539.69975
-1292743.16642
-1271751.52286
-1302203.15702
-1283537.12937
-1279288.99904
-1283060.73569
-1274822.41085
-1239424.81561
-1314940.48502
-1285100.34634
-1297981.28787
-1276777.48131
-1282015.4344
-1299436.52378
-1293443.91699
-1278092.09839
-1277017.2748
-1254084.07469
-1302585.97328
-1294113.56874
-1286018.12065
-1272096.06873
-1295117.21956
-1244514.80889
-1270269.68161
-1247781.74557
-1283981.8228
-1257252.79621
-1280326.3124
-1310368.92149
-1322341.07822
-1304707.52281
-1308923.12433
-1304056.76819
-1271785.94608
-1248461.25666
-1319238.94656
-1287483.62016
-1256571.59037
-1275901.89156
-1272958.93105
-1292133.67137
-1344145.07935
-1255885.51382
-1273545.72688
-1281404.61451
-1258890.3542
-1269982.20346
-1336567.4293
-1275700.79438
-1269606.05647
-1283664.39418
-1275836.51249
-1267575.54518
-1285122.41082
-1302139.66047
-1272691.44264
-1272095.81528
-1253405.414
-1279116.66679
-1272134.96851
-1313553.82374
-1291292.6884
-1286523.006
-1276381.60779
-1287133.915
-1257925.77068
-1268912.07779
-1310051.54714
-1300136.43082
-1264104.43455
-1291499.19
-1311638.56365
-1274885.13213
-1287306.87603
-1303526.34231
-1289739.36169
-1275214.43295
-1231771.12446
-1295004.50259
-1290649.39674
-1267562.28798
-1280360.93586
-1276665.64828
-1280715.22444
-1265684.93557
-1312870.60472
-1259341.92064
-1299667.43637
-1282933.10357
-1265621.32818
-1262836.43587
-1289765.18355
-1268909.3077
-1266836.07414
-1291320.75044
-1322392.04583
-1278732.92809
-1245664.68915
-1265638.55383
-1313237.32133
-1268133.21872
-1272153.61166
-1243329.08929
-1262349.27181
-1253777.36477
-1288188.78338
-1274106.95061
-1300950.98529
-1260247.00835
-1262908.61827
-1278684.49165
-1263612.21618
-1295772.00487
-1289315.56245
-1289157.6875
-1286083.8129
-1272589.74834
-1254250.94231
-1290886.45985
-1282890.64064
-1281637.32275
-1295339.9384
-1272434.23128
-1284400.06395
-1271859.85114
-1275744.73916
-1272219.77276
-1313138.10482
-1295226.87912
-1255316.87282
-1293887.12041
-1297583.23361
-1265127.28882
-1263356.11654
-1201701.3035
-1287016.41587
-1250813.31019
-1269112.88063
-1271813.39567
-1289339.89273
-1185140.8588
-1285059.58598
-1256974.64836
-1304624.2547
-1280350.75089
-1291477.17589
-1284294.22687
-1289850.84278
-1253330.48483
-1260025.31915
-1238371.04796
-1279414.71626
-1322872.01631
-1240970.0308
-1249309.64995
-1303582.93037
-1259017.46553
-1281042.30075
-1282408.09323
-1288150.05766
-1275378.37882
-1285592.39073
-1257389.28589
-1295005.77993
-1243211.02746
-1270295.74765
-1263296.56535
-1303654.60594
-1258506.35519
-1283961.35855
-1295012.12988
-1267742.25263
-1244123.59359
-1282311.53876
-1260630.81125
-1279289.15663
-1275815.61323
-1300935.60521
-1298859.83807
-1289555.34179
-1290659.7451
-1292262.45221
-1300245.39662
-1283811.6354
-1295312.51927
-1266051.00402
-1286171.51336
-1307112.91138
-1262788.33274
-1308350.43044
-1285633.98256
-1303012.12868
-1264987.87337
-1265577.01332
-1286018.43396
-1276640.89908
-1243533.96812
-1197783.7489
-1286212.20858
-1308233.88113
-1260450.06225
-1282938.875
-1289111.7239
-1274932.81982
-1250093.98542
-1281816.14703
-1279234.87976
-1244106.7532
-1256891.89975
-1286515.3956
-1284482.18531
-1289277.2406
-1282842.69602
-1256274.12975
-1288091.62035
-1265131.77522
-1245920.6961
-1266450.25168
-1278309.78915
-1272235.1048
-1241888.03827
-1300752.58325
-1242161.41046
-1281016.81034
-1276419.73378
-1272580.16528
-1240050.97105
-1303730.19947
-1294772.71823
-1276343.19082
-1269699.16579
-1288374.05173
-1317863.76002
-1250503.13679
-1246258.63554
-1257597.35899
-1260051.00945
-1223458.28155
-1238633.29152
-1300514.025
-1312424.47899
-1285975.10611
-1259957.21011
-1286035.47467
-1249655.64248
-1266825.92904
-1231219.97477
-1299459.6846
-1291320.22023
-1258739.55655
-1292094.95624
-1316931.15849
-1293435.0411
-1256879.72248
-1252871.68204
-1283383.39914
-1268557.20847
-1304746.21982
-1279265.04274
-1278402.88549
-1287189.95357
-1295448.72187
-1265392.93028
-1276673.5009
-1290790.99032
-1273253.16824
-1264234.51384
-1253160.82954
-1281180.17501
-1301939.05585
-1277084.93091
-1292845.49312
-1303751.43513
-1299062.07106
-1252639.50558
-1302250.12834
-1227055.89263
-1315187.47253
-1260684.22929
-1301763.76046
-1276440.91751
-1316642.67692
-1272036.3093
-1305085.02335
-1275637.31402
-1268923.98819
-1262221.84387
-1271446.18132
-1285285.56806
-1272408.33341
-1273721.59486
-1263141.64052
-1271569.77289
-1273072.31428
-1243882.4173
-1327566.01635
-1260768.7884
-1275784.58124
-1313939.08744
-1324441.2263
-1272607.99925
-1285350.95297
-1289480.08505
-1271507.71971
-1258294.61539
-1264381.20003
-1272290.86371
-1293888.79642
-1283392.43581
-1295589.46429
-1263257.67347
-1263359.10489
-1299476.3397
-1283897.29563
-1287914.12769
-1281625.81931
-1258363.76387
-1272459.04876
-1290944.43147
-1273076.23104
-1283348.49448
-1296624.97323
-1283255.90192
-1260485.45044
-1241386.15431
-1231507.14116
-1287777.52672
-1297177.49417
-1290005.89056
-1329773.13278
-1326639.88833
-1270446.05535
-1286806.94546
-1236719.66273
-1246753.46918
-1288494.15975
-1268247.57871
-1277227.03638
-1280156.96517
-1271100.82739
-1292906.53907
-1282614.54674
-1231558.06473
-1311130.29671
-1304087.02321
-1268430.46902
-1236493.56168
-1301053.39018
-1293216.86095
-1297959.67117
-1289743.51131
-1250021.94078
-1288527.24516
-1253204.31459
-1212454.95234
-1261121.10425
-1255354.27167
-1264893.34452
-1296673.37489
-1293831.0044
-1327586.97048
-1246650.07663
-1275369.90156
-1268825.57014
-1244985.41481
-1269605.20558
-1266200.04392
-1304727.27424
-1290322.45364
-1313235.25079
-1292073.79697
-1283610.38925
-1272493.07514
-1287907.92857
-1248082.22181
-1344852.39626
-1238482.6979
-1282383.08946
-1222265.79808
-1299792.67391
-1296727.2971
-1265644.81704
-1286062.2226
-1270005.75325
-1296628.55857
-1266408.97904
-1270867.62484
-1276718.84989
-1271515.88788
-1280510.97744
-1248554.89233
-1232652.60393
-1274726.34008
-1270618.72125
-1230827.50455
-1299454.51788
-1247353.45284
-1275412.29731
-1303232.53305
-1319877.69792
-1292486.08653
-1277969.54663
-1257091.18448
-1243820.85451
-1231704.62909
-1287552.33429
-1252014.06621
-1315328.6014
-1250830.68408
-1269172.61889
-1250763.69944
-1252973.70143
-1310754.90623
-1298976.206
-1283902.16524
-1275600.75131
-1261186.53529
-1312141.18646
-1307434.39611
-1320951.10979
-1242936.21333
-1315810.0738
-1289807.20778
-1233121.2145
-1259898.61942
-1328066.65156
-1254562.22412
-1254026.45476
-1276171.38672
-1299347.19676
-1260993.14874
-1261739.43
-1276301.16288
-1261361.0481
-1248125.13379
-1286220.24821
-1261572.04932
-1281438.11887
-1279054.69384
-1295307.61935
-1238636.99068
-1287735.56089
-1284494.07111
-1233799.53556
-1299609.73993
-1297113.51078
-1287152.983
-1292532.66808
-1276931.94618
-1274142.04427
-1279894.53572
-1255374.30832
-1255710.84689
-1254629.58318
-1312834.2463
-1258817.48017
-1251020.00431
-1270777.76894
-1258194.81228
-1267974.44668
-1306226.97149
-1288170.4078
-1289883.31
-1225336.84292
-1277864.39501
-1304687.70417
-1269947.88967
-1285957.47834
-1237304.02599
-1289765.52178
-1272472.31703
-1275278.27465
-1313607.84855
-1262173.35733
-1249965.76879
-1273756.70846
-1251653.61766
-1282612.33165
-1260166.72687
-1298195.30448
-1261333.66121
-1275849.94957
-1216493.23859
-1262163.88335
-1308833.07165
-1296213.78182
-1275673.41382
-1272860.7292
-1244598.39554
-1308403.72877
-1252204.89203
-1268789.66115
-1296372.23062
-1280566.03479
-1263304.88811
-1297325.48569
-1262907.01046
-1313291.52234
-1248645.32061
-1297024.92944
-1260886.04348
-1275182.68576
-1243539.21359
-1288237.64537
-1258877.50958
-1267505.93862
-1281922.59167
-1274256.72676
-1281811.44536
-1281547.93148
-1290530.31186
-1257591.72174
-1258689.38738
-1291693.14555
-1291605.03867
-1290805.51251
-1251624.46653
-1296437.01191
-1290003.41628
-1293615.94543
-1292318.00943
-1282105.35037
-1249641.2257
-1211143.14396
-1254340.73911
-1248481.12227
-1280726.47189
-1263701.83169
-1321593.23739
-1242153.6736
-1268769.03062
-1273186.4961
-1278017.99336
-1277450.28374
-1284240.35187
-1277694.40731
-1255805.33733
-1282112.35901
-1220909.26285
-1296773.12782
-1303891.01363
-1279224.59883
-1271546.39853
-1238588.5998
-1259563.50779
-1266140.2894
-1234361.30424
-1265983.2951
-1255756.42942
-1268562.70123
-1310678.31983
-1308067.83977
-1313225.92685
-1285272.13341
-1266561.19469
-1270475.85448
-1248059.44419
-1246676.70242
-1280517.80306
-1260579.22796
-1272269.52799
-1262661.20051
-1216566.96166
-1219063.59661
-1288661.09449
-1269885.1908
-1286731.74664
-1295584.76532
-1274855.23334
-1290878.79432
-1295927.09434
-1309889.5361
-1271117.5072
-1297685.86076
-1237445.654
-1297285.21471
-1241431.98393
-1287589.11188
-1258996.9055
-1244003.09077
-1285767.75472
-1207395.20719
-1294372.8185
-1246815.6316
-1294404.64335
-1299988.18549
-1256644.78659
-1275000.76251
-1241409.41044
-1248501.37653
-1279500.97993
-1279581.20783
-1267437.72157
-1285965.74851
-1251782.84463
-1290978.54645
-1296215.88161
-1229408.81966
-1218547.95095
-1232650.22794
-1211502.11413
-1278831.22089
-1247697.5307
-1198616.06571
-1268220.90788
-1263206.73186
-1237361.29544
-1305806.46231
-1275082.72502
-1198521.37166
-1315142.26704
-1290012.41684
-1277000.19108
-1225062.57468
-1184640.7283
-1297786.16007
-1275446.83819
-1273190.27404
-1270196.86584
-1284467.36364
-1253155.80838
-1265350.13371
-1210181.73026
-1231561.25772
-1285440.04774
-1277101.31932
-1262870.9369
-1284510.59511
-1231249.81401
-1276335.19479
-1276342.40178
-1242092.65438
-1275414.23634
-1247594.67218
-1293833.15499
-1282699.65322
-1298911.42787
-1265429.80681
-1245067.24636
-1307255.31804
-1267192.23756
-1287108.04917
-1274655.47574
-1249993.55309
-1233086.19683
-1299135.47375
-1269920.80779
-1301350.17144
-1276595.05292
-1283457.37712
-1290685.48629
-1278749.54131
-1257647.69524
-1305867.09736
-1271461.64425
-1274981.35717
-1276019.5384
-1288264.97078
-1230395.93366
-1292331.94793
-1283929.37697
-1303083.77543
-1326369.25124
-1278321.15862
-1267490.90367
-1286547.72984
-1266352.76277
-1299244.81873
-1271347.54189
-1229891.15504
-1262862.51477
-1294974.94113
-1272797.23472
-1268823.07453
-1295875.29032
-1276014.62059
-1239753.60726
-1230331.53927
-1248088.90234
-1270698.22464
-1255857.14431
-1271475.36164
-1278831.60866
-1230087.84424
-1213536.22264
-1274206.72039
-1259540.97917
-1265693.66902
-1266934.02794
-1241837.16786
-1291402.00506
-1255619.02466
-1247814.12663
-1242276.98693
-1255922.01698
-1280206.67547
-1268783.55868
-1282694.75955
-1248389.64056
-1301699.88324
-1298485.35442
-1326065.88813
-1280095.25418
-1240622.69088
-1247807.9736
-1307403.76796
-1265738.57083
-1260978.68105
-1269191.90554
-1220843.14507
-1307193.9737
-1245596.06741
-1287231.06819
-1271307.96484
-1275066.66975
-1298107.97477
-1232822.09813
-1254098.17242
-1295610.71268
-1255408.0433
-1308496.89665
-1319186.70998
-1299197.86385
-1250866.51458
-1300896.15424
-1288866.25429
-1249569.49377
-1272287.16598
-1269873.24637
-1277012.10658
-1277426.74158
-1241912.12783
-1261642.45946
-1281873.71018
-1222338.0667
-1293491.49261
-1255149.07591
-1280782.87253
-1248882.28034
-1267510.44805
-1271037.24488
-1286824.59487
-1285851.97248
-1249835.24749
-1281221.65321
-1311504.37828
-1280128.44867
-1299452.33615
-1229897.82589
-1273031.85364
-1278031.00302
-1252745.24541
-1298198.5097
-1290207.19527
-1270787.55067
-1319317.33259
-1281134.22842
-1285155.03902
-1266126.02527
-1274300.17189
-1296350.98805
-1257561.20779
-1291916.72126
-1243987.33924
-1299354.72668
-1291967.4228
-1275631.03204
-1242167.86728
-1252057.78284
-1289024.43389
-1271701.60765
-1241429.8766
-1256904.96182
-1280171.85485
-1263057.11398
-1282453.95695
-1307028.11526
-1247278.03882
-1279089.2197
-1283091.04875
-1269791.13578
-1247950.55236
-1289845.28714
-1268017.13587
-1274250.95379
-1285322.6493
-1263219.10722
-1272511.8505
-1248435.9187
-1271331.48005
-1266828.10848
-1253144.57961
-1253447.93447
-1302470.05509
-1245961.37945
-1321509.38728
-1258887.60691
-1267407.59698
-1299531.65365
-1285896.05173
-1281268.1751
-1268705.2879
-1287282.47481
-1239481.87968
-1245593.56969
-1284132.89482
-1241382.74324
-1277557.80561
-1279109.25016
-1267372.91045
-1246283.62292
-1248928.0718
-1240713.14951
-1261347.46042
-1294525.32305
-1302584.11377
-1291409.2019
-1285875.25864
-1239443.24883
-1310535.83589
-1250068.63
-1304355.71577
-1280895.60687
-1244380.00388
-1251718.7544
-1275058.86955
-1259305.02048
-1288737.12244
-1293322.33505
-1272407.08925
-1272231.5672
-1275083.37061
-1265053.44833
-1238079.87626
-1202869.32341
-1257527.03871
-1272309.37133
-1245912.49005
-1275424.99176
-1227092.2076
-1290212.43351
-1262472.68627
-1324231.8666
-1279495.8321
-1229169.78351
-1251257.67514
-1298635.40643
-1271003.1468
-1256413.42459
-1286152.60231
-1296707.12678
-1214843.81655
-1287459.22231
-1292908.92392
-1257881.37773
-1296417.62099
-1272476.32099
-1271432.16801
-1286929.95747
-1267478.10509
-1264210.40359
-1244461.7851
-1288296.75321
-1279522.60306
-1251454.0737
-1309254.40154
-1275973.93899
-1250391.60249
-1259828.05202
-1279597.88459
-1238903.1164
-1282618.86844
-1275347.27227
-1242037.9622
-1283453.04405
-1282411.6502
-1217122.91809
-1302255.64187
-1256785.80166
-1247937.57428
-1290195.88908
-1238805.43412
-1290045.93925
-1313574.14322
-1277584.15577
-1256990.33972
-1244010.77503
-1233172.31715
-1278237.91138
-1297243.58112
-1287487.30553
-1294941.02742
-1277737.12563
-1254711.36219
-1193737.43943
-1303411.4078
-1251577.58723
-1235570.37411
-1255105.46434
-1227015.41443
-1293304.29835
-1292581.7325
-1296315.68054
-1296435.64651
-1257237.20624
-1289823.67326
-1239955.73735
-1264256.81723
-1271915.48763
-1257594.03639
-1234043.73045
-1240801.69061
-1275541.13699
-1271902.59829
-1256649.36904
-1291252.43336
-1297314.1151
-1280016.61602
-1222448.30164
-1262464.93532
-1299864.57031
-1271922.03536
-1304759.77457
-1272869.21362
-1270371.19038
-1266386.60392
-1265105.80419
-1270292.0607
-1296861.19809
-1298937.65462
-1260218.62113
-1253061.47469
-1246329.87684
-1239830.36068
-1235874.96868
-1290112.85222
-1254940.9619
-1267064.20934
-1273977.15445
-1330421.63741
-1270476.79461
-1281098.6532
-1278433.9091
-1280634.37354
-1263088.47424
-1272355.43036
-1271311.61516
-1285015.73791
-1247454.59161
-1302749.34574
-1264751.59241
-1245382.65667
-1271578.96427
-1287007.49449
-1239943.7424
-1261571.91785
-1294209.42307
-1299963.7076
-1238454.58119
-1300938.49485
-1295810.39584
-1267913.74305
-1284381.37759
-1273796.01449
-1278794.5854
-1263469.90421
-1210945.2491
-1270011.4913
-1274502.07943
-1299538.04873
-1242467.42709
-1262875.44043
-1274502.98302
-1262280.61699
-1274691.33399
-1299564.09244
-1257845.64216
-1257512.15804
-1269577.58759
-1285646.12751
-1307878.99428
-1256945.77392
-1287878.40797
-1284247.28905
-1248888.85454
-1291664.30813
-1262794.93195
-1243467.59569
-1265107.10234
-1268794.20396
-1276726.00316
-1251885.44613
-1338020.26045
-1283218.16857
-1219364.57357
-1272548.51106
-1245964.57743
-1227569.49963
-1277696.64898
-1300250.36854
-1273091.76337
-1301020.70981
-1260831.64851
-1284966.67161
-1193172.68538
-1286304.6288
-1255354.04745
-1270761.71387
-1251266.14634
-1265424.04596
-1269644.29002
-1274491.28298
-1264297.39058
-1259147.3334
-1223759.00381
-1277148.5371
-1234228.38194
-1271351.3489
-1278946.65158
-1314707.30963
-1311702.8335
-1286934.36367
-1285087.47982
-1258821.80715
-1245499.3948
-1276454.35961
-1242921.51585
-1251843.47523
-1267174.55222
-1288555.39196
-1285139.05921
-1256305.608
-1281005.49258
-1304872.07005
-1282275.61577
-1286568.39524
-1307512.35741
-1263553.80911
-1278307.64844
-1286193.55812
-1275218.19832
-1284070.33171
-1310264.1324
-1222563.90095
-1261542.07827
-1292504.30025
-1242939.79632
-1250516.6501
-1245555.00352
-1268654.46203
-1291103.32632
-1283561.50553
-1256661.60721
-1269655.70255
-1261816.44022
-1284022.90715
-1317186.80787
-1272165.56855
-1291472.0194
-1249993.31909
-1268370.8731
-1292654.0059
-1304332.78921
-1266355.13392
-1246722.09121
-1285816.21573
-1241935.99494
-1279972.62191
-1274253.57595
-1266609.27552
-1290334.94943
-1295407.57825
-1278674.8413
-1273042.12466
-1268948.5302
-1286086.09897
-1207265.43561
-1288004.20917
-1222944.53316
-1270924.67787
-1286571.30458
-1313720.27261
-1301522.49567
-1276329.34489
-1269457.02259
-1290025.92607
-1252379.85101
-1296849.85808
-1262805.7079
-1247069.04435
-1288993.45209
-1265706.58988
-1295554.69505
-1309558.77808
-1269080.88776
-1284845.09737
-1289371.36729
-1287219.76406
-1306563.66832
-1286247.18194
-1275918.45165
-1257605.04439
-1256642.79818
-1314161.19169
-1248154.57569
-1283618.73672
-1306598.4178
-1285559.45467
-1253517.37578
-1279402.71775
-1292168.12
-1313031.11228
-1285179.44088
-1324610.47409
-1237160.71995
-1294643.74296
-1249164.23477
-1268922.01104
-1252219.524
-1316833.89581
-1271748.28334
-1265282.99801
-1297464.76112
-1293511.8331
-1288098.08392
-1303717.45563
-1253116.69728
-1276824.87357
-1283662.18288
-1273590.9158
-1273258.64017
-1251209.47053
-1271049.14437
-1252117.31428
-1266828.80994
-1313926.48979
-1272944.6275
-1251408.704
-1243907.00774
-1275339.73896
-1289812.0626
-1252933.46406
-1294479.88211
-1270829.26473
-1247061.76838
-1274915.89903
-1308545.0965
-1282390.52083
-1254845.13354
-1292698.32165
-1288258.09598
-1299679.77801
-1277992.93548
-1271822.4624
-1254732.22613
-1324167.45147
-1212761.25732
-1299475.28145
-1238152.56996
-1272912.8093
-1278908.13668
-1286263.27944
-1251623.07545
-1275983.66221
-1257413.11225
-1283835.369
-1308993.68408
-1255258.74877
-1303954.15606
-1240472.10805
-1268880.26724
-1287063.17398
-1301082.72525
-1319007.46325
-1280307.02751
-1309729.52326
-1268355.54821
-1296013.34996
-1304291.58864
-1269721.40637
-1288098.69562
-1284256.82219
-1276088.37253
-1307353.32367
-1228296.29424
-1292063.04107
-1293600.33284
-1273870.08071
-1216018.9155
-1240390.74642
-1253690.08338
-1252596.98614
-1251022.00227
-1289531.36248
-1217120.22634
-1295184.9897
-1294011.62051
-1280637.83748
-1270231.31998
-1314549.25696
-1269809.56754
-1274137.85017
-1314952.48466
-1295306.61013
-1297143.16465
-1280558.71622
-1272334.03771
-1239074.59129
-1249965.63796
-1303338.83176
-1277602.06437
-1286546.04621
-1294784.92994
-1266372.38312
-1225550.48524
-1331382.58365
-1264691.08401
-1242490.6554
-1287898.92358
-1321287.05212
-1291279.5037
-1287365.14418
-1297551.26463
-1279483.7875
-1278658.66201
-1265260.72097
-1268525.1872
-1251435.2268
-1245087.09522
-1277703.98491
-1272010.54843
-1239747.74785
-1286474.95957
-1209068.62483
-1261555.24241
-1265223.52066
-1253063.31876
-1256217.53681
-1292695.95449
-1277571.29634
-1276172.4337
-1314438.36973
-1306948.30283
-1295917.73887
-1238901.60822
-1307239.43119
-1237321.215
-1289896.91568
-1263949.39228
-1297462.03338
-1263623.73591
-1277252.49417
-1261978.6836
-1278582.74827
-1275535.2209
-1284790.98004
-1290558.01881
-1247201.50808
-1281004.04797
-1287485.26575
-1254141.27208
-1284626.06481
-1282881.25239
-1285886.14404
-1260039.3715
-1290429.76999
-1257323.87159
-1251584.30236
-1246166.04149
-1261966.41605
-1274413.48877
-1300380.26153
-1320655.78869
-1312811.59965
-1275748.74946
-1307541.55902
-1223785.41814
-1277931.51076
-1261646.19348
-1319277.77282
-1271780.36493
-1301133.54594
-1288836.4012
-1273411.79271
-1276236.69321
-1278877.0148
-1240348.35254
-1288837.28145
-1287439.03314
-1246960.44914
-1268406.28561
-1246214.08474
-1289925.10154
-1242543.50401
-1215645.70329
-1313997.8348
-1222285.81883
-1231485.29876
-1277765.00797
-1291596.07214
-1298664.52003
-1277944.06424
-1286584.01743
-1242287.48263
-1276205.95977
-1284603.65093
-1257139.25784
-1281155.59303
-1301416.74786
-1265774.14835
-1296926.626
-1278482.39406
-1299660.45185
-1276491.24514
-1297963.18612
-1300281.16683
-1246659.87476
-1212094.9832
-1295164.89769
-1291259.03379
-1287053.31
-1294744.6425
-1266984.36122
-1294320.75865
-1270955.84222
-1243525.41942
-1289382.35484
-1281659.94428
-1310439.32581
-1291060.27889
-1286421.02195
-1285367.15579
-1245356.37308
-1266910.52462
-1244412.22698
-1296028.34295
-1221426.21283
-1251782.50436
-1278708.77447
-1273229.54007
-1295658.09436
-1265705.57185
-1285037.76407
-1278594.75586
-1253574.35515
-1313329.26296
-1307337.11442
-1281677.77518
-1319503.10205
-1299230.15736
-1261795.73403
-1273530.37709
-1280338.71097
-1230194.22547
-1250767.3603
-1269289.70837
-1246368.47819
-1275850.84225
-1241370.06053
-1297881.95105
-1269497.01578
-1272753.53238
-1308715.84286
-1297608.77439
-1286820.75381
-1293009.91938
-1266238.56748
-1310916.75379
-1222248.13152
-1284384.86317
-1264883.66849
-1266498.81225
-1298667.54881
-1231311.66816
-1260732.8619
-1306568.89241
-1239422.47367
-1305721.05013
-1270737.43885
-1295325.78087
-1302353.68926
-1274191.43804
-1311774.56609
-1278223.4263
-1258383.16518
-1290309.06779
-1301852.26611
-1288018.28122
-1296802.07382
-1262280.5468
-1246262.50795
-1278293.05279
-1293058.49406
-1267124.0251
-1211309.78693
-1289296.85082
-1239890.47283
-1296615.13001
-1249659.8241
-1304205.20226
-1313727.57828
-1266737.83927
-1280418.33576
-1292174.65059
-1238621.60913
-1256478.40737
-1229486.2127
-1289868.08494
-1242825.70174
-1263009.10335
-1249327.23854
-1286969.74552
-1268711.75821
-1273754.52484
-1282196.42097
-1290546.54183
-1262439.73742
-1269611.02174
-1206511.28626
-1316989.77051
-1281935.24368
-1279066.01308
-1265371.24929
-1281168.35514
-1256354.10304
-1273955.20065
-1295856.76088
-1295269.02234
-1318527.16264
-1240770.13721
-1284105.92704
-1254289.82392
-1314467.01462
-1249671.02938
-1277376.14168
-1289588.89039
-1284933.65072
-1316956.34791
-1272737.35408
-1260595.89181
-1273227.77656
-1308197.56053
-1270488.65677
-1293692.7475
-1268370.41068
-1290624.83538
-1298937.16812
-1283231.79566
-1246953.35804
-1272478.84226
-1284366.64329
-1275475.13146
-1277545.67045
-1248211.33543
-1274154.51257
-1294965.31586
-1290710.04894
-1304985.78253
-1257395.7433
-1308332.1562
-1265989.53061
-1310535.07514
-1253564.87963
-1280398.80379
-1252669.26451
-1273865.66571
-1299049.48226
-1269837.44571
-1267793.25473
-1270158.40293
-1282407.25262
-1290997.98433
-1323224.82751
-1250751.85088
-1269177.91061
-1275992.62806
-1275802.53696
-1267721.35569
-1310245.93265
-1299104.34436
-1281445.00261
-1313023.05986
-1297576.40247
-1274924.40129
-1249150.92869
-1295537.6789
-1246258.9616
-1237981.95027
-1239052.86397
-1240798.2575
-1277061.74991
-1258766.78576
-1311194.03649
-1277221.37255
-1278447.39423
-1306618.29571
-1262101.52401
-1266521.89854
-1278166.39336
-1270705.02645
-1299606.06962
-1295920.7179
-1306979.4755
-1274151.76599
-1271427.98963
-1285025.83448
-1256089.77964
-1286405.07448
-1225181.57617
-1263691.94843
-1271415.20121
-1262608.59648
-1271297.41385
-1294508.53524
-1265849.9005
-1317146.28948
-1251042.32977
-1288342.21435
-1289338.06759
-1283391.88248
-1275590.03216
-1261864.54499
-1262357.54974
-1288184.02404
-1293852.83077
-1250413.50723
-1273668.04528
-1316821.99702
-1290333.86889
-1263114.86045
-1314780.72939
-1278925.36063
-1305790.10915
-1261848.48907
-1231792.60609
-1270716.78387
-1280683.29003
-1260691.93051
-1254010.20009
-1313808.23009
-1250699.39888
-1290014.03985
-1299762.7671
-1285698.71506
-1253950.32383
-1292941.53801
-1268572.81469
-1261173.89049
-1260233.34195
-1254794.4299
-1310093.02975
-1272294.14896
-1242431.31186
-1280512.18672
-1242373.6735
-1295558.19632
-1240132.86082
-1261051.07747
-1277675.56543
-1302537.18481
-1272283.53619
-1279845.42974
-1284736.1626
-1296213.59552
-1277813.84343
-1265868.42274
-1260699.63468
-1270780.11346
-1259480.53593
-1245371.86406
-1283451.90208
-1250258.36285
-1290098.87349
-1265398.08468
-1260012.59305
-1303823.73119
-1226033.29271
-1263809.48749
-1277439.37706
-1297965.42844
-1293822.163
-1280914.91415
-1279189.04431
-1279210.67897
-1268109.03803
-1306519.97498
-1261474.86883
-1314127.38482
-1277467.82743
-1276732.60746
-1282867.73628
-1247643.9993
-1320067.10153
-1278615.93886
-1230343.90349
-1283419.08669
-1291344.9338
-1317007.97313
-1281405.09717
-1277255.79484
-1273053.29622
-1267254.30815
-1303978.60274
-1309334.62171
-1296165.48095
-1283424.44861
-1261359.58033
-1271302.1741
-1269698.26586
-1232824.3332
-1252160.7124
-1280430.34543
-1300481.6637
-1247545.38436
-1230586.32729
-1299343.22315
-1240755.17585
-1250742.55981
-1269019.17392
-1273319.89622
-1249721.43336
-1279229.16819
-1263763.79231
-1262009.23467
-1277901.32583
-1293097.63332
-1278457.78563
-1262181.64119
-1265397.47384
-1256385.26413
-1307882.60974
-1310074.51567
-1294391.17781
-1249018.95654
-1199490.36875
-1287961.99476
-1254899.49394
-1272386.71039
-1266319.05875
-1285922.19945
-1271637.52682
-1280023.95253
-1275056.59054
-1292372.83693
-1256665.89597
-1269001.61015
-1238334.79187
-1257154.11783
-1254555.16019
-1272008.86554
-1272411.44493
-1294910.72659
-1265369.52774
-1261491.58813
-1229553.47311
-1291940.06023
-1245261.80135
-1297570.33616
-1265117.82284
-1280575.59514
-1301350.5898
-1296626.86609
-1271452.5801
-1288176.38374
-1262990.56063
-1285476.74918
-1298698.69507
-1250789.33559
-1301169.87164
-1258241.92354
-1263566.02249
-1307908.65688
-1286434.82387
-1315789.4947
-1251854.25486
-1308776.84137
-1253806.04454
-1319000.37273
-1298548.24474
-1271565.37154
-1276662.38129
-1259857.34425
-1292071.59793
-1315884.89668
-1302735.39966
-1280834.79156
-1297737.13316
-1280806.71048
-1306851.26691
-1250484.0049
-1291758.63371
-1316153.27817
-1317024.71193
-1283484.64605
-1295746.35227
-1254385.27357
-1222618.93124
-1268998.5268
-1265797.94332
-1290722.16305
-1281104.06987
-1322362.07118
-1290092.82845
-1296164.94495
-1261793.7261
-1290895.27308
-1281547.12229
-1270730.22111
-1223496.51022
-1255122.69577
-1258539.0029
-1284378.12799
-1313334.5164
-1282220.10574
-1299190.38431
-1289051.97378
-1271024.41007
-1290184.01019
-1298821.73846
-1224860.56888
-1289120.52579
-1300961.83835
-1304416.48606
-1304243.36639
-1271302.0802
-1266299.99427
-1266937.08787
-1285227.68819
-1244220.41317
-1272960.30574
-1308898.34536
-1242910.56784
-1317430.25668
-1281894.28452
-1299577.03175
-1273092.22616
-1279474.07484
-1287785.00709
-1256180.31595
-1298574.15349
-1258250.75035
-1268285.60513
-1283340.85225
-1285635.14023
-1256723.52885
-1313773.36404
-1276968.00467
-1267269.45345
-1277803.92257
-1240458.34041
-1280047.58001
-1278275.21859
-1278513.44795
-1251808.7067
-1294311.84872
-1287829.77574
-1241864.41707
-1309087.83088
-1252848.25654
-1282695.51863
-1294049.81786
-1289001.57168
-1304709.31436
-1276373.64486
-1213945.40994
-1325568.26104
-1319240.77821
-1271659.35937
-1231620.87602
-1332740.02654
-1273319.74657
-1249015.65954
-1304763.57049
-1289473.44371
-1235921.41249
-1272211.51259
-1262641.16118
-1282547.86485
-1277206.21728
-1303582.84711
-1247807.53298
-1266837.20737
-1275830.36463
-1261660.03639
-1231087.11752
-1305385.74979
-1302640.41918
-1274352.02231
-1260985.58101
-1274312.59618
-1265530.09252
-1306715.94891
-1280958.72589
-1298799.15348
-1299384.47963
-1273990.38436
-1252789.9833
-1316910.02228
-1319751.36374
-1287409.73337
-1281997.174
-1276940.84263
-1321470.92174
-1279105.41076
-1294711.52514
-1293749.08887
-1292908.82643
-1250177.88832
-1293191.66068
-1294580.02496
-1295193.72269
-1300252.49264
-1265439.91265
-1260378.0948
-1288595.29746
-1325633.62744
-1255498.34178
-1311020.74692
-1276876.13314
-1281612.9927
-1246657.68667
-1264919.52404
-1281944.91059
-1283134.90753
-1274976.39455
-1273995.78216
-1291675.68005
-1265360.3225
-1252099.98548
-1279586.57465
-1282448.30546
-1256065.35045
-1278129.71823
-1274423.95205
-1205668.71032
-1312258.51682
-1273599.92097
-1305814.49786
-1293811.64142
-1283686.89613
-1311621.79306
-1262064.60313
-1249349.46486
-1247185.70762
-1251798.26089
-1289682.90613
-1290869.99257
-1269147.31582
-1256700.52451
-1264144.36809
-1272631.64631
-1273810.33344
-1292753.06495
-1253481.3721
-1237733.35323
-1297044.61248
-1264000.82249
-1272479.79835
-1251266.21274
-1306222.72006
-1260209.32928
-1280933.88034
-1300136.37702
-1271390.65255
-1260127.51066
-1286906.79275
-1289826.1628
-1277560.67244
-1286226.85233
-1307769.34351
-1267001.2176
-1279488.94628
-1266896.061
-1252923.67794
-1268501.06459
-1344995.65918
-1224640.34339
-1263195.95477
-1266742.77847
-1260252.76268
-1303426.73129
-1295536.42326
-1296383.56363
-1262452.81301
-1255711.79722
-1288380.22247
-1309744.65215
-1323693.65287
-1263428.38937
-1297876.14502
-1295422.86004
-1291390.0112
-1283579.98028
-1289486.16637
-1278412.80839
-1312268.43647
-1264344.01628
-1280025.99315
-1270948.73503
-1317099.11388
-1275310.56837
-1305516.80071
-1328489.44972
-1271559.55925
-1311758.78683
-1306944.45721
-1278930.3509
-1264292.06291
-1267651.30132
-1291761.87593
-1295897.49867
-1296221.96781
-1293961.66405
-1246694.37117
-1276031.90318
-1261937.1081
-1237307.04292
-1286475.82081
-1272352.27252
-1247084.51694
-1273471.72726
-1266038.65579
-1273457.13681
-1286531.42855
-1269514.38718
-1303340.74356
-1299133.25045
-1285629.4281
-1268332.36739
-1320059.04819
-1217187.59765
-1280739.10295
-1250012.6829
-1268788.68727
-1264031.80591
-1325507.09817
-1266023.56968
-1284977.74155
-1287684.29073
-1292329.48545
-1256370.68028
-1253150.59254
-1268763.80715
-1282906.42582
-1312014.8875
-1248277.61263
-1275955.69931
-1297844.86314
-1335349.53057
-1268761.39967
-1281755.57392
-1237790.18483
-1277878.79916
-1248806.55539
-1248622.86642
-1261992.61375
-1254954.69362
-1288632.55419
-1247262.50611
-1301440.24538
-1261197.44401
-1295092.73907
-1272026.05148
-1290456.84509
-1266174.64037
-1309793.16292
-1283149.39256
-1251097.86041
-1262398.23473
-1295134.3185
-1255349.92496
-1229687.05095
-1266608.66199
-1256442.4929
-1262185.55483
-1288342.70745
-1260463.38269
-1304526.06195
-1273592.08717
-1216796.86334
-1257934.39926
-1301429.4123
-1269245.19622
-1273861.0941
-1270178.4677
-1288359.94309
-1283001.96957
-1288750.38577
-1284182.55783
-1280223.75009
-1261271.63714
-1260069.85614
-1298760.26361
-1277723.99506
-1298677.40327
-1297880.88785
-1268938.5786
-1312453.2555
-1214377.22421
-1289445.18714
-1289162.48064
-1295285.45924
-1252194.64727
-1277546.90926
-1280149.21374
-1263299.78877
-1276689.70899
-1276853.1999
-1287075.75888
-1288579.58272
-1255801.48882
-1268149.51484
-1275966.01951
-1267183.9789
-1286388.59111
-1277413.16618
-1276828.81779
-1279244.11787
-1236131.90394
-1288727.15331
-1264273.80958
-1288655.5124
-1246862.16879
-1328665.69914
-1270685.7857
-1288116.41007
-1249544.30627
-1306412.13991
-1288105.62238
-1300313.3435
-1287806.03672
-1261668.16333
-1289683.11284
-1272811.59752
-1235487.82953
-1290636.78446
-1276783.20507
-1278680.42222
-1259000.92599
-1268425.6747
-1278184.8524
-1288474.13085
-1277425.84566
-1262866.49648
-1278096.16731
-1254734.35157
-1301844.79115
-1282627.0986
-1322491.29992
-1288064.92842
-1285142.0742
-1230538.26113
-1257272.06762
-1302278.62316
-1250898.09938
-1272975.48887
-1281823.16358
-1287669.5873
-1277132.81116
-1292666.78077
-1297553.34848
-1305888.10372
-1275644.6435
-1258487.7341
-1259559.78075
-1275662.3923
-1278150.20934
-1272901.42825
-1287553.14983
-1310983.61119
-1280410.46047
-1241828.59152
-1287121.10186
-1272938.33916
-1235958.90409
-1312980.77167
-1277846.48889
-1306527.12476
-1312303.85862
-1293440.97738
-1284719.64013
-1309711.67831
-1239021.01371
-1278727.64032
-1304170.55546
-1302863.78144
-1306383.28556
-1296105.6939
-1266174.13437
-1296830.2705
-1297098.90875
-1301749.03058
-1292700.73479
-1289753.3658
-1219716.51226
-1282986.11425
-1222403.20562
-1294171.64483
-1299718.57067
-1294794.61768
-1273037.47643
-1283304.72501
-1274556.73808
-1276883.94137
-1273631.02462
-1252418.29794
-1304914.58308
-1265845.93858
-1275971.69731
-1266573.77743
-1266132.56226
-1272949.65458
-1305829.95053
-1263550.61311
-1198670.91478
-1284114.70167
-1261858.79873
-1302478.59976
-1311365.86469
-1290456.61894
-1302256.70564
-1270590.52322
-1271584.38523
-1265073.91257
-1282825.82236
-1253725.58055
-1246703.21529
-1262007.11756
-1288345.13129
-1314422.86574
-1243754.35601
-1234319.34062
-1261494.71734
-1278190.81832
-1225431.24996
-1266782.64938
-1212639.89156
-1279277.53433
-1234361.12062
-1314046.07715
-1307976.23351
-1286667.02085
-1287340.19433
-1246681.95581
-1229608.43981
-1253097.8738
-1311946.72725
-1297280.65092
-1281895.64739
-1292490.84043
-1311046.40509
-1268751.94684
-1307161.01549
-1240020.96939
-1257329.52073
-1299047.23576
-1207822.59913
-1287837.45446
-1272177.13451
-1270283.8462
-1289568.24879
-1273997.87671
-1257399.00925
-1268456.14865
-1279467.72222
-1253065.99305
-1304988.98106
-1263770.90251
-1231775.50791
-1293896.1076
-1208344.70116
-1245333.50114
-1316312.01388
-1262251.80753
-1200093.10012
-1268580.49475
-1223011.90047
-1304743.58576
-1208972.36903
-1313477.99037
-1294317.10496
-1253031.4383
-1294184.65475
-1290226.61501
-1264089.18254
-1281802.65472
-1295113.8038
-1282081.58466
-1250018.58403
-1263726.39532
-1263069.02558
-1244284.9005
-1281877.9461
-1298641.87479
-1277591.08949
-1304779.03131
-1297148.28112
-1266212.51626
-1275237.93357
-1269091.34979
-1241513.64167
-1260699.48895
-1288634.60358
-1258382.6889
-1335027.67835
-1288470.69456
-1273100.32323
-1261815.7532
-1256327.84075
-1305594.42424
-1224415.91718
-1295106.99851
-1265734.57657
-1262204.84862
-1255800.84113
-1315990.33653
-1283930.98045
-1271812.94352
-1276800.53077
-1250878.72434
-1285433.78508
-1267162.85857
-1302428.38015
-1243984.37191
-1289910.19079
-1324564.20768
-1318042.86457
-1297314.95052
-1273468.0324
-1319327.01401
-1289897.4188
-1277144.5295
-1273451.71545
-1242243.75699
-1264106.64021
-1307141.84462
-1255202.24621
-1284654.77038
-1269079.5927
-1291185.93509
-1318832.26606
-1276148.51891
-1284550.93098
-1280490.49408
-1275104.33803
-1299592.05461
-1281618.04782
-1266133.97186
-1277280.46213
-1297370.17801
-1280966.7775
-1250172.30048
-1287025.9604
-1253974.17243
-1227018.07979
-1319866.84726
-1255862.50968
-1283982.5498
-1267475.25697
-1298246.53115
-1249891.07275
-1279102.03493
-1256764.09334
-1304064.44018
-1251138.11129
-1308746.38111
-1302435.72528
-1282217.00549
-1250966.7749
-1284708.57497
-1289333.08913
-1298378.86897
-1257237.21578
-1323274.75817
-1255579.50701
-1294698.42398
-1293339.5632
-1295754.15293
-1269919.98592
-1277980.36068
-1269422.46168
-1266439.22009
-1264832.26451
-1272988.05913
-1256745.92
-1298638.36564
-1274664.19612
-1256427.62426
-1293437.3625
-1285071.02177
-1294920.23295
-1277359.09095
-1267326.56759
-1269593.38967
-1272421.87914
-1320393.11584
-1277471.46543
-1327062.6948
-1291035.49355
-1306369.47923
-1258218.35724
-1260724.3522
-1289482.78173
-1291237.40046
-1269921.09788
-1267416.95659
-1278273.78548
-1243618.0647
-1280011.52917
-1271078.77165
-1301756.29273
-1254392.13457
-1274404.37429
-1290580.62196
-1271567.5446
-1319615.14834
-1285632.27665
-1296399.29988
-1264035.86535
-1272362.45236
-1264589.16105
-1283426.59318
-1322742.7376
-1249529.34438
-1269004.22915
-1289396.72427
-1306568.86256
-1265948.64328
-1246779.76799
-1299233.53037
-1282788.1226
-1290099.89947
-1268294.23428
-1276532.19205
-1230706.29237
-1234695.50617
-1307571.57979
-1316134.63639
-1270227.26398
-1291106.99298
-1303448.70631
-1308642.78225
-1255315.94599
-1292235.90405
-1285000.19741
-1281131.12514
-1250949.77685
-1267607.83953
-1304929.39911
-1246655.9276
-1281647.7319
-1288169.70115
-1284961.78933
-1227747.39848
-1242416.53926
-1303155.0932
-1244919.55077
-1274419.34057
-1277543.20206
-1299815.0716
-1286908.14677
-1294127.62708
-1289981.9716
-1301658.91321
-1253073.2752
-1302724.3108
-1279469.91623
-1304690.8465
-1264674.86191
-1284989.19775
-1276246.64676
-1294541.0254
-1292406.99849
-1290221.19638
-1271726.78695
-1326509.75957
-1292739.70795
-1297232.70517
-1275278.09029
-1293537.41215
-1294894.65962
-1273082.37327
-1297176.16851
-1269762.06786
-1277434.62818
-1274396.10105
-1232158.09956
-1306733.74126
-1262112.93215
-1291636.71274
-1262568.22729
-1298450.29047
-1288794.37003
-1284483.07466
-1254143.62966
-1271101.76876
-1284361.83779
-1281092.52749
-1271616.83495
-1258525.96605
-1254868.88475
-1260623.98216
-1301592.85716
-1277284.45146
-1289264.17169
-1277946.16267
-1249497.82183
-1277112.13594
-1263102.29177
-1300707.1699
-1264154.1146
-1307075.72416
-1289722.25478
-1278930.04364
-1287790.56949
-1286533.91187
-1324493.40779
-1311075.5314
-1300014.52692
-1303188.66676
-1310014.2898
-1295704.4326
-1258505.35166
-1246700.65707
-1282393.22382
-1302408.27692
-1290484.91926
-1255965.4919
-1255057.23673
-1286526.66862
-1323956.39927
-1259121.94668
-1281666.87246
-1278386.30489
-1220064.0705
-1273176.71265
-1223342.25978
-1284699.5868
-1253550.22956
-1307649.76016
-1299564.04324
-1259532.35772
-1285734.22362
-1297553.44684
-1302433.39955
-1266293.36821
-1252158.64231
-1226657.11296
-1201901.05555
-1283226.6738
-1286506.95854
-1280180.007
-1250597.29112
-1271928.84321
-1269898.73502
-1302746.52832
-1313087.01976
-1282116.31004
-1293307.86076
-1305362.36763
-1260111.76497
-1245301.37368
-1274952.61509
-1312656.55068
-1285410.9402
-1244001.92816
-1299732.76317
-1246956.83769
-1234880.74089
-1304491.91314
-1271430.72394
-1312942.88666
-1254844.94474
-1296239.29977
-1220623.01294
-1280218.9477
-1276812.65223
-1289376.80326
-1283059.05913
-1283289.65605
-1281777.4213
-1262498.69866
-1295240.24885
-1278981.55155
-1279146.76876
-1288999.43961
-1264440.87275
-1269404.59284
-1249154.40435
-1303072.90079
-1243965.01528
-1243004.04243
-1291966.19052
-1316478.80558
-1302796.19462
-1313956.95061
-1274158.92315
-1303822.6193
-1288890.04837
-1255774.13819
-1295176.81828
-1269393.18501
-1301155.62058
-1286646.19611
-1262485.60671
-1277481.25471
-1283911.82614
-1279696.77796
-1308804.54375
-1248673.41915
-1292768.92631
-1253662.99179
-1292464.87847
-1254374.89962
-1270429.88344
-1304524.86709
-1231460.54778
-1304198.28886
-1295016.9971
-1306627.80586
-1272948.20504
-1285051.96243
-1291354.70585
-1270798.48701
-1263949.81515
-1300788.44081
-1300742.18042
-1256011.4139
-1238844.41689
-1301612.47019
-1257407.45113
-1266386.89901
-1278145.41682
-1252696.00336
-1274572.62797
-1270632.25493
-1236997.13716
-1309056.41347
-1238662.00851
-1278922.47366
-1298139.30241
-1309331.56407
-1307129.52338
-1273812.12479
-1267846.27426
-1291173.25374
-1270084.65022
-1268913.18615
-1225264.6134
-1263854.60242
-1283821.38385
-1265120.81149
-1244691.50145
-1275391.43712
-1226463.46596
-1299368.52655
-1261207.6888
-1294878.40187
-1256771.24333
-1273587.96442
-1292752.01021
-1295204.61551
-1249731.69175
-1289549.5081
-1268618.06971
-1309291.77682
-1282130.44182
-1280659.69602
-1269093.95186
-1289370.23791
-1294114.4052
-1229585.47908
-1278257.22008
-1286440.28719
-1250700.08221
-1298034.87513
-1282151.77123
-1280824.67617
-1263732.79495
-1286371.76673
-1232243.71204
-1294032.82568
-1287557.2154
-1296989.07024
-1282799.49563
-1306296.4844
-1262269.71728
-1277444.71187
-1281610.45602
-1295005.703
-1278859.38844
-1221597.26005
-1253065.07006
-1251417.47601
-1257033.6484
-1276429.71877
-1278950.63681
-1268202.14176
-1267152.23064
-1286211.87466
-1270390.9379
-1287070.51622
-1293854.43992
-1289181.56947
-1266197.15332
-1281653.63818
-1277220.63562
-1252485.11023
-1264642.36182
-1294118.9873
-1261951.93587
-1235321.26644
-1268425.32314
-1248231.43
-1256539.13788
-1283324.8803
-1279991.54855
-1298074.69924
-1273166.77165
-1296595.57716
-1271348.17486
-1290709.22455
-1243939.52156
-1294446.79744
-1311549.39369
-1254886.7042
-1277879.78541
-1296669.07916
-1279765.50737
-1324396.04769
-1287033.45083
-1239728.78198
-1310954.00069
-1296281.66892
-1230396.32501
-1299417.26483
-1289847.58975
-1287495.73137
-1228933.64482
-1302166.54436
-1286999.52316
-1268055.65867
-1259349.24685
-1253635.75898
-1269701.60193
-1283253.2067
-1283701.85956
-1275039.39096
-1290058.09834
-1285405.7518
-1235247.6186
-1268184.3636
-1296380.97367
-1243505.95501
-1221838.94261
-1290332.39114
-1240464.30307
-1324985.09226
-1256901.36666
-1283194.21798
-1290899.98719
-1314955.94043
-1266070.55497
-1258447.694
-1264170.0783
-1288882.49699
-1284567.05897
-1274863.93452
-1287264.49727
-1264092.48034
-1292875.94554
-1236672.60828
-1311725.42423
-1248951.41348
-1262314.80474
-1300083.74939
-1272306.0586
-1285371.55508
-1241671.48989
-1278928.43422
-1284174.05468
-1309402.87389
-1284699.64332
-1281305.64663
-1260926.63242
-1273011.14683
-1266215.69372
-1253026.02161
-1240920.57583
-1305181.80885
-1287099.08198
-1253356.46209
-1289598.45931
-1272326.77796
-1305517.54506
-1309504.478
-1250287.71264
-1250339.47677
-1278728.42308
-1296776.39094
-1258980.93404
-1223680.60107
-1280838.2295
-1254216.72533
-1262698.1338
-1279187.62203
-1257973.04154
-1283342.92565
-1287328.92998
-1302613.05177
-1296623.41791
-1280897.98068
-1281634.57774
-1277956.43596
-1282177.24258
-1307626.01598
-1266908.36059
-1308558.54823
-1273609.58588
-1300438.03492
-1308601.07137
-1301457.89785
-1269036.37235
-1280244.27319
-1279741.97873
-1280074.01217
-1293144.15342
-1304138.39803
-1310404.87668
-1300909.68586
-1286475.80363
-1283088.03423
-1300590.90698
-1297387.68061
-1246466.24095
-1303866.81592
-1255858.97581
-1255786.50913
-1266263.10043
-1284253.65434
-1288638.51454
-1271395.74827
-1309955.72486
-1307714.84314
-1279529.33071
-1252149.4363
-1306093.23697
-1286948.21955
-1284457.59533
-1248948.50299
-1267479.93001
-1225182.50401
-1275346.93077
-1319208.04149
-1257922.92918
-1286580.89587
-1216742.01564
-1294215.55562
-1270675.41702
-1256031.69421
-1305816.28421
-1268858.82119
-1276029.66459
-1252988.22347
-1254728.38501
-1260401.88672
-1296569.00281
-1301084.93931
-1268808.60711
-1286240.45536
-1288326.2781
-1243889.13726
-1260731.35697
-1299856.64019
-1233853.21766
-1296861.18574
-1255937.37344
-1298776.05985
-1241763.31588
-1317611.73073
-1277719.22937
-1286287.21025
-1229104.64885
-1279441.84988
-1283213.24729
-1279531.21427
-1241750.39178
-1287327.04055
-1272424.19409
-1274642.98001
-1249563.63819
-1297457.38602
-1257227.32865
-1283268.87707
-1301074.1231
-1297965.22003
-1289939.29687
-1265380.60815
-1255312.36775
-1279744.26303
-1276105.95338
-1283534.19245
-1268515.40899
-1288080.95904
-1319510.81666
-1270839.95969
-1284829.96754
-1290318.34383
-1266683.07565
-1233812.01831
-1275971.36552
-1260939.31112
-1280773.55815
-1277517.26928
-1282499.13979
-1310235.39502
-1255872.70566
-1302722.42905
-1268435.51433
-1280404.33239
-1297500.77156
-1262030.60429
-1305719.71714
-1290395.60908
-1288800.59905
-1245915.09183
-1327714.53694
-1275426.44992
-1257284.22931
-1296784.02136
-1276284.47542
-1285532.44687
-1285722.48346
-1258726.31208
-1269702.98398
-1270227.20015
-1263651.11943
-1321508.8457
-1318419.54112
-1287406.26194
-1285406.40561
-1253596.36519
-1261063.36835
-1285724.76076
-1313029.84331
-1323326.20886
-1278279.82025
-1268207.05354
-1258730.78708
-1272953.64399
-1279784.13458
-1299434.86119
-1291213.59675
-1283541.21447
-1214310.27068
-1321179.86616
-1278240.78039
-1291541.2473
-1262409.92529
-1262728.8986
-1327561.97563
-1268159.04247
-1284660.86389
-1261215.60002
-1315054.47903
-1266686.52896
-1278791.28769
-1329833.08051
-1287325.52583
-1263153.78442
-1263583.99577
-1261813.38273
-1287711.84535
-1253095.4484
-1273932.12337
-1280178.3243
-1296704.16913
-1282008.88085
-1297948.88219
-1276454.24895
-1302602.31385
-1266477.05071
-1265252.34635
-1264385.36054
-1245557.41647
-1255836.46791
-1281741.87492
-1293965.26342
-1264393.78781
-1250298.10248
-1281392.55502
-1271745.11567
-1258823.7443
-1319408.62124
-1298349.50009
-1293877.50046
-1210859.77293
-1310521.20574
-1269053.70549
-1294658.37173
-1287947.92588
-1289955.0861
-1262809.71689
-1301171.82405
-1297308.12356
-1279340.18785
-1324067.18221
-1249906.27619
-1273198.2003
-1284421.5244
-1294318.09004
-1306138.26125
-1272653.62288
-1289813.02595
-1220630.64452
-1253984.24402
-1274141.26774
-1303993.89576
-1276575.38018
-1294285.47995
-1270222.17934
-1290089.15753
-1287154.71425
-1305852.47764
-1275009.16214
-1286818.61847
-1230018.91966
-1315270.1412
-1288199.49342
-1279234.97839
-1284588.29807
-1255201.50701
-1265389.64987
-1298746.39143
-1293438.9243
-1288805.94508
-1292954.02832
-1297237.3691
-1243480.6571
-1297244.67275
-1297145.09666
-1280918.0148
-1260612.46436
-1294966.23309
-1299372.34019
-1278650.11041
-1281746.50864
-1270978.6614
-1304765.3105
-1244712.22685
-1261768.93664
-1279053.24125
-1277670.1774
-1295230.61435
-1310121.0333
-1302821.51428
-1285190.92272
-1290706.54003
-1241620.37351
-1303964.44992
-1239947.25335
-1269245.63926
-1282441.77632
-1293547.30815
-1308945.84613
-1263076.77792
-1280456.24524
-1314328.91327
-1298505.61853
-1248452.33651
-1241737.12613
-1297326.26787
-1277225.23635
-1249637.37264
-1240024.63542
-1305581.49734
-1253757.96611
-1322586.25169
-1231817.21871
-1269514.14493
-1276204.6799
-1264408.91353
-1300865.01316
-1297122.49804
-1262222.76123
-1254065.01637
-1295549.58082
-1298712.43478
-1319752.68452
-1304908.42177
-1260509.43805
-1252993.89805
-1301487.21382
-1249214.65816
-1279891.32985
-1291689.77779
-1216951.583
-1282835.44421
-1236284.26373
-1321269.79558
-1287172.43508
-1305627.70038
-1296548.68232
-1270376.3025
-1238338.42542
-1249737.93064
-1288123.14145
-1297921.60794
-1270809.18034
-1307184.40102
-1291924.5758
-1303320.5988
-1294911.59668
-1250762.48238
-1268315.72117
-1261243.85336
-1262636.20939
-1315822.03487
-1244685.55885
-1272834.98665
-1280169.14417
-1284702.41856
-1288447.34858
-1275856.50209
-1292972.58217
-1284052.16693
-1287648.88342
-1298070.82544
-1268634.47581
-1298743.39606
-1275973.00573
-1248131.3812
-1291571.15816
-1250468.32171
-1278364.80758
-1302288.665
-1276935.85436
-1282622.26687
-1279509.47588
-1282144.42437
-1257896.78564
-1282307.5938
-1242870.94148
-1263417.08203
-1273429.39791
-1285159.86179
-1246135.16798
-1306446.93616
-1279664.33967
-1267728.59242
-1282436.7121
-1241441.47781
-1231165.05503
-1286227.38214
-1240397.02397
-1313852.13139
-1264908.57541
-1284171.62226
-1257498.72085
-1297423.53581
-1293854.75887
-1296931.67334
-1280483.0922
-1270017.8728
-1267361.09411
-1277200.50266
-1306990.73417
