-612064.060833
-591043.149573
-563758.106653
-580074.162065
-553371.051564
-592929.923383
-567860.551456
-561687.220371
-489427.458087
-547667.797294
-552995.708363
-600310.879365
-481523.56763
-535682.000617
-586089.611749
-568877.878615
-529623.71251
-537220.963186
-584047.398339
-610085.217943
-690026.202279
-681060.349432
-680257.796469
-670122.950688
-721445.757167
-691859.713367
-663599.217421
-644760.356864
-664525.423998
-676904.531733
-652285.056464
-664123.543718
-675471.713146
-675598.322581
-664359.455087
-676351.286044
-704174.042255
-675656.71118
-690493.925634
-620805.33279
-703231.809506
-679271.961904
-714065.756417
-708353.483123
-739673.705562
-740534.569117
-690602.905765
-705313.298641
-678686.091696
-704314.656246
-717837.526074
-665383.250348
-724116.450614
-653030.442141
-644957.658718
-704016.282474
-719304.359497
-635110.08251
-738770.689995
-740518.206617
-720816.972984
-688328.590191
-711231.605008
-718888.875143
-733751.853792
-728115.652557
-730744.407709
-733346.852625
-710939.044774
-737069.396915
-735221.864494
-736170.30224
-728739.83002
-684428.357945
-693145.466309
-713844.808375
-722768.074637
-719039.892917
-744355.599322
-730607.367486
-723659.036031
-719176.647017
-729160.68311
-733940.970713
-723134.700505
-727215.382322
-695924.121047
-741061.929814
-721911.464535
-719086.695529
-738491.760218
-704082.283956
-738850.786139
-707698.886739
-690764.48785
-744207.925985
-728503.355215
-734257.006409
-703828.086554
-727913.080936
-712949.744463
-724137.307816
-746628.778044
-738891.363092
-727630.145474
-729118.109161
-746788.832066
-741005.397753
-752845.964594
-710081.692591
-744118.040509
-715943.399231
-722535.846619
-722835.483099
-703265.144449
-692630.916731
-758151.334415
-719337.180174
-704661.712206
-726429.259871
-738414.738244
-732088.68408
-748163.990058
-737144.78484
-715697.485384
-716381.015395
-722703.360812
-718836.799462
-753170.139359
-708776.177226
-723028.083723
-739602.284584
-711737.919101
-734833.418072
-709650.079845
-747456.18918
-750216.720527
-697892.510408
-721038.575521
-731296.930408
-721026.900386
-725282.346586
-736522.263691
-755448.314635
-719436.836575
-727181.60492
-720995.296136
-745035.632323
-725295.680956
-724309.865652
-711814.270655
-726036.476323
-725937.17778
-730698.904841
-746088.386792
-718284.669659
-726121.201663
-713581.787487
-723591.440294
-747950.993756
-760538.666988
-745787.906705
-749175.857773
-732875.544465
-717318.47177
-713232.098481
-695779.839835
-735473.719933
-750446.486377
-737995.043462
-697111.863806
-729572.245118
-708048.421238
-740657.384131
-736797.623549
-732071.775914
-740450.587833
-721550.654555
-715931.083939
-733868.770528
-723118.857882
-720115.048649
-701446.715204
-727318.91626
-720050.760288
-742068.009317
-741184.909243
-718416.747946
-733513.820849
-680135.673846
-724568.657904
-731160.253873
-729598.606871
-720843.174713
-750937.636244
-741437.435079
-724592.961126
-709279.315529
-723444.756414
-724855.829887
-739323.964487
-719251.246335
-728945.383478
-738987.791067
-725904.516404
-731717.145799
-717531.514324
-736828.675269
-730084.041634
-744514.953048
-733026.5582
-726287.935816
-698972.745646
-739858.838924
-730221.392438
-726547.269263
-749391.263142
-720363.614251
-695731.536888
-709754.662637
-731904.054219
-707800.327212
-730645.595859
-727570.214051
-734421.492745
-732641.658407
-719022.650763
-743616.634787
-740271.242238
-710431.37315
-732959.530365
-753911.899245
-754013.357464
-727396.309466
-728520.465681
-746330.431607
-706727.228969
-730306.125325
-709578.226709
-739949.869542
-734759.164393
-721131.167351
-741578.134114
-742811.921347
-705437.816319
-766053.354934
-713826.443187
-719282.265263
-720488.347816
-733776.775142
-744314.694925
-715532.158164
-706315.982974
-731986.683224
-733565.502531
-713990.05253
-727136.763719
-735226.170837
-745626.425975
-737492.097629
-733037.7581
-729005.95788
-716554.005973
-736220.885529
-724611.63252
-703812.207873
-712013.356864
-726459.796842
-728980.099395
-731331.416987
-723303.772159
-711913.919572
-733616.353563
-730275.804801
-725822.219792
-743690.72118
-739807.399944
-720890.163574
-720537.741448
-729394.537832
-733637.89563
-713451.052037
-727465.772315
-712877.454667
-733164.979454
-743714.147615
-738482.467381
-731064.27131
-728992.92339
-726809.343428
-727874.148851
-723707.685515
-718960.757871
-706490.844467
-727146.823616
-726081.299778
-705045.122261
-738425.975382
-710383.303776
-729954.071636
-732173.168824
-739242.650316
-711570.181601
-741850.381916
-708759.356969
-740969.018568
-710666.31884
-728955.40541
-739584.026357
-688037.278665
-737679.350864
-721136.630091
-716552.100634
-734862.416294
-724272.633372
-736893.22328
-700695.571645
-720407.642401
-711313.52713
-716970.110813
-729750.204579
-741528.281655
-765878.203718
-733566.919707
-709679.755481
-726938.720192
-717196.788499
-728452.967743
-732934.655596
-713311.360292
-736176.133918
-735724.708478
-744992.800593
-721805.280317
-736493.368977
-737496.840199
-706667.000488
-727792.9242
-689925.978823
-704928.150865
-725793.992884
-700858.046038
-746038.430261
-726287.70213
-718877.140977
-733327.593293
-731509.489837
-727630.027959
-706972.06285
-734549.335953
-740571.583616
-696510.324657
-724837.418036
-731685.502661
-707622.385681
-706873.809525
-723927.185124
-734447.384194
-683673.579112
-723495.467652
-743389.567899
-710321.472049
-717319.286502
-739319.327521
-691779.835437
-705755.567195
-709163.566157
-697128.529501
-739199.286947
-741108.973834
-730891.804523
-741407.309687
-711516.770458
-720656.654998
-730205.16015
-738168.223658
-727457.861739
-717801.97802
-708428.56363
-737510.816574
-742971.421848
-722400.832168
-744197.955158
-705366.117854
-661005.620946
-727813.861114
-715365.386836
-717282.146003
-739946.458096
-739972.802792
-724093.137493
-734832.720995
-727049.501443
-704497.591735
-701927.548926
-722080.063237
-734693.975757
-709411.49464
-705155.231448
-731108.653152
-719187.640181
-740344.779213
-726178.4639
-719879.43804
-675216.853333
-739264.542353
-744032.757496
-714387.120803
-755680.96746
-743349.556261
-739211.564413
-718894.793933
-726022.314044
-714636.329103
-705426.206729
-731267.376433
-725358.623948
-730245.542364
-711737.342833
-687678.232994
-745190.486471
-712272.948156
-731488.60795
-752359.500358
-700546.031627
-728603.063078
-717980.982089
-694709.021579
-753873.218625
-724387.469227
-745201.467927
-734318.629301
-722515.647144
-718507.103621
-740945.985718
-716799.769093
-706574.77453
-733806.026283
-723054.390559
-735906.185069
-726774.690323
-732481.269532
-747374.4639
-724443.459112
-742393.192007
-704299.106443
-722663.528797
-731248.692489
-729966.03551
-712612.838126
-726430.910181
-742288.5904
-727182.708888
-720980.260754
-703550.429712
-740858.614625
-721617.23834
-753723.631195
-710558.854893
-739418.84484
-713445.552154
-733891.838768
-697781.755154
-730666.209574
-739380.998926
-734250.227078
-712865.065594
-728664.993355
-717272.20418
-717933.837699
-720539.180681
-739847.348542
-705087.772974
-713557.528577
-723747.675029
-723031.907372
-734127.734351
-738544.476725
-733770.62976
-689442.827433
-711075.608213
-734573.910573
-734936.695202
-711034.791553
-747458.712907
-713994.30214
-717265.131189
-705956.675976
-716893.168349
-724358.19673
-732403.680592
-746244.045016
-720326.085787
-730394.250167
-733431.457137
-705712.074687
-707725.871032
-730595.718643
-706004.489015
-712902.601749
-726523.450345
-736467.83764
-746515.7103
-704650.041838
-732553.763495
-733240.730881
-738820.765084
-717915.290873
-740599.763155
-739755.271596
-716859.477674
-711787.840987
-735350.853364
-728017.914728
-754526.138989
-732408.013023
-718338.151693
-727933.618436
-727609.893751
-728051.492367
-715117.842542
-694652.829431
-740068.662089
-723797.790852
-727843.112647
-738679.673371
-743598.083218
-717025.341559
-727170.417734
-743704.361044
-728999.982875
-730108.356953
-705935.584695
-712961.667413
-742989.906509
-721774.009285
-693099.026838
-709808.230137
-711939.622091
-719241.322202
-731530.880279
-746174.605444
-747796.830542
-710515.602826
-713501.896599
-732485.005271
-709960.041141
-739733.542318
-707045.076679
-701443.471438
-747253.132163
-717393.505235
-725272.742008
-694212.749384
-716764.071665
-734990.833834
-716057.812309
-740460.485387
-725625.552839
-732979.779605
-730483.122222
-719915.654354
-723321.736693
-745345.335902
-746984.48013
-699831.591203
-707365.803073
-715781.256991
-714004.097115
-739469.779579
-732843.310861
-738444.452229
-704540.430838
-727375.255965
-735194.665946
-707882.879893
-697758.213972
-730766.965453
-724124.258591
-739885.13943
-718435.65059
-730940.785473
-709713.734325
-740257.903643
-722024.92639
-691353.193483
-729060.008538
-705474.206606
-729430.208466
-721294.323882
-736952.412855
-712098.285206
-735175.660201
-709678.672467
-745208.852618
-710742.869831
-704009.02969
-742303.052166
-746014.753936
-730761.674875
-738800.902745
-701627.698421
-725875.989857
-738429.765647
-706788.554645
-715828.604274
-716654.31338
-743128.282846
-728258.909482
-719297.84569
-731673.26795
-656392.44865
-702063.495684
-733606.082114
-728592.975081
-734033.798069
-696010.058458
-726559.394584
-747175.185733
-705386.222383
-695708.020208
-706399.937655
-715573.476071
-719468.802135
-726792.789836
-723569.886465
-736281.235946
-710365.221914
-729277.058533
-726243.153441
-729292.381085
-736192.015675
-718017.761231
-742914.396674
-730750.825274
-729280.501077
-750334.899784
-727471.355617
-725763.176624
-742540.966359
-745787.877691
-730564.563872
-729960.251014
-732231.391597
-726416.509981
-738974.610861
-741768.062993
-746691.156891
-709437.239486
-715094.681849
-717091.48491
-722300.664817
-714097.985183
-732875.948587
-740196.6831
-727148.807164
-736541.636789
-726857.756898
-750097.759064
-743205.66364
-730678.217514
-727268.52975
-726780.59184
-734521.572691
-740221.977405
-749913.278762
-733035.143425
-732079.853273
-724180.044811
-681405.587514
-726976.240032
-715427.274231
-708088.225973
-694105.45713
-715559.266666
-739746.891225
-721709.752576
-724472.127477
-720778.993538
-719352.92235
-713184.829036
-699297.709145
-756448.739533
-722711.707339
-731893.785655
-763580.532068
-727067.265285
-713246.577733
-735132.73919
-738117.494738
-731824.082202
-727967.553993
-705056.199894
-723851.47482
-742855.279854
-710662.334902
-727744.256897
-710965.616401
-726455.785069
-714094.622877
-734310.471494
-723902.293291
-742590.071248
-720745.595294
-726999.292405
-752578.760175
-731322.84257
-721167.799239
-736155.864515
-739111.732038
-717323.196834
-711162.315559
-733863.747215
-734009.895534
-721933.231641
-747578.44845
-732985.698414
-726637.595512
-730620.408093
-732335.922242
-728039.421419
-709469.700595
-736704.174525
-714059.63325
-730629.009426
-722324.360607
-707944.45859
-741183.948301
-741232.101213
-720861.973497
-710825.950959
-703712.62853
-746216.246683
-724725.234789
-707296.330443
-697179.14489
-734852.242924
-711455.154285
-721289.971461
-699449.733578
-731179.994421
-755832.262977
-729839.652472
-716710.713147
-742698.970186
-699264.870896
-722930.052879
-712206.723642
-742495.88667
-721062.180014
-717590.250627
-739122.376068
-695051.149132
-739802.966575
-700807.684977
-729198.039009
-715462.117065
-713494.036217
-718536.858874
-732300.603884
-733040.067579
-741174.891247
-757012.034707
-724136.604847
-724260.95485
-725198.176314
-719406.148543
-716085.388045
-736466.024003
-702329.906138
-722647.715821
-704983.869973
-703522.096568
-725771.037444
-707252.749813
-746802.46967
-721580.155834
-745420.713955
-728451.468499
-711718.946045
-698288.418346
-735261.344193
-720414.914952
-717351.284201
-731389.875955
-727558.370817
-734139.801443
-750631.699543
-702732.692989
-725811.924928
-728871.309852
-728798.463643
-705258.336151
-710465.062849
-746212.302606
-718329.864
-719361.837846
-717376.876213
-722813.826917
-730246.194938
-732850.913683
-702896.71101
-729106.145896
-700570.51503
-732922.999786
-734762.258364
-721679.369472
-722917.667349
-716535.80407
-700978.788429
-739735.272901
-713471.8846
-720843.974203
-726900.187682
-715651.253136
-725673.739195
-727694.971086
-743350.300895
-737505.36218
-722027.327815
-723454.018281
-700059.727532
-726730.263668
-742112.854417
-738890.811367
-754491.486818
-714655.813171
-728200.201516
-733398.395977
-711696.432535
-718885.275085
-703732.611637
-694298.754319
-713509.406943
-718692.116195
-743647.325563
-716644.646379
-722455.574683
-736072.018945
-686584.673149
-747938.853555
-751420.545894
-729701.743747
-721800.85311
-740362.244029
-739746.05208
-733613.506625
-718896.976029
-748798.95267
-699306.067396
-720806.490117
-691325.133406
-719079.512468
-721614.500957
-748717.676454
-715502.926818
-729296.243847
-742945.388878
-717830.586016
-714166.888895
-715190.10339
-738064.305156
-745252.884726
-752071.829082
-746419.88535
-737606.533951
-719079.358892
-728552.109519
-715213.691644
-717352.325035
-733005.162002
-710662.288193
-714077.446422
-704305.700292
-716202.881072
-738393.765756
-710344.036811
-722591.948383
-747319.115311
-711870.587587
-705798.434483
-728819.672821
-747667.502252
-733987.045777
-745332.644466
-724182.408809
-720138.76385
-703498.334465
-753396.478863
-731747.442711
-696340.056452
-729310.334542
-727897.821661
-713903.530832
-723890.636895
-703173.990317
-724969.652733
-726461.789103
-724266.802614
-730995.845352
-701628.497448
-719721.563515
-740426.585963
-709811.726196
-714883.726094
-712400.092806
-736870.58168
-719597.87446
-721316.953078
-735313.051578
-729823.55794
-686781.435205
-733541.297001
-724197.127888
-734986.163233
-728669.763652
-738572.498273
-716735.663773
-736483.840945
-721571.244905
-714775.730502
-705868.382552
-711835.583759
-730188.961317
-726724.793959
-733529.887436
-761424.448583
-732345.674788
-709567.099134
-702585.451284
-702037.481653
-723560.226003
-695523.301274
-732864.772013
-723704.163064
-728853.820923
-699981.878746
-737001.894615
-739186.94764
-728273.765312
-731209.809326
-711318.20707
-733449.928387
-703514.222575
-738471.041862
-735347.106814
-722910.697705
-717615.535665
-722159.172132
-726806.322286
-739468.200062
-710389.892386
-706009.592836
-711186.019763
-699859.70898
-697988.561718
-735524.823708
-735893.662074
-717006.158874
-712893.99253
-737367.066991
-719309.828853
-703752.602654
-728542.242107
-714899.547185
-715003.613403
-725957.385063
-723279.090504
-743949.805586
-714573.784712
-703553.718642
-731095.653795
-710565.120828
-743318.042785
-721188.15432
-730730.821681
-693838.291182
-734286.41841
-748125.195426
-705592.670152
-729944.916302
-752920.577753
-723409.998462
-727026.999929
-740344.878153
-733080.758337
-748502.573934
-726955.978514
-744974.172645
-718510.392409
-710529.911178
-724042.140228
-719335.181051
-737593.370999
-734904.497811
-750176.444668
-710325.815656
-731087.497158
-735670.667352
-707502.224188
-753894.233567
-729647.295935
-743709.917482
-718619.34534
-741144.431652
-738357.84071
-733971.005621
-705523.166956
-720210.638048
-734934.57211
-739749.262418
-725559.155424
-731814.614925
-718766.093109
-749965.845901
-713819.131506
-719975.642951
-742959.366247
-745279.379878
-712814.880571
-717370.715164
-746391.37616
-743289.952454
-737793.688514
-730170.074344
-740375.881903
-717728.942896
-714448.339234
-721450.960497
-723795.430666
-749530.11109
-717143.046192
-736835.862818
-721553.805047
-712807.341375
-718827.652281
-736975.366043
-713393.36817
-736215.720537
-712639.434239
-717335.093127
-713296.353047
-720873.343072
-754030.700648
-719315.117258
-740914.020952
-756555.273851
-712913.058837
-710706.16039
-720386.835522
-740491.820208
-709852.044232
-703169.427089
-736008.29496
-732318.738169
-736461.262618
-722689.964354
-722301.174442
-735630.896493
-710693.489655
-713203.959566
-717456.38677
-732691.773341
-720900.522394
-716581.368777
-722153.218778
-704569.833022
-712694.934266
-715908.972037
-723314.296707
-722974.002701
-685104.151516
-715754.338068
-745298.464833
-715966.30773
-728018.495356
-723454.013677
-745398.940976
-692705.588222
-697101.013657
-691134.795086
-715496.585446
-731108.514055
-707188.632985
-729157.066893
-735128.154209
-749666.927376
-717595.555942
-744271.051045
-737205.585775
-720587.718903
-699515.247336
-686925.954693
-722335.962979
-721854.083902
-697353.34484
-742925.20751
-739278.099118
-739035.023454
-726631.093989
-737594.300348
-728325.630591
-735128.89134
-738807.663556
-717506.26854
-724898.262441
-721831.388078
-732319.708527
-732688.361942
-710980.647096
-721908.027005
-695600.516785
-712596.807902
-733504.451991
-715235.396462
-724384.264808
-693823.904434
-748935.191368
-745843.553295
-738290.355474
-729364.317977
-719820.024343
-713432.862423
-721088.460657
-736672.819218
-758464.372477
-717624.012251
-730907.03775
-732730.835203
-720114.469745
-732310.940721
-735371.137892
-718565.911971
-731038.881
-718323.790624
-743687.666816
-723066.009937
-750101.698783
-749148.642869
-706496.74892
-737500.242415
-739238.962276
-755103.633343
-709841.979705
-749507.647555
-754992.924004
-743195.995193
-737178.316896
-722356.058493
-742624.310148
-721389.469229
-739517.920463
-698231.739531
-744542.892409
-714542.096508
-728242.11512
-742077.061675
-738954.985025
-709149.732394
-719665.667417
-712382.232211
-742749.875659
-727095.878261
-720551.386706
-744854.883365
-734885.921142
-735148.012077
-745634.027251
-709720.142446
-725906.787164
-708855.25845
-741650.484756
-736022.767512
-760863.143275
-722481.618443
-759791.045194
-730088.02161
-765933.590242
-735293.824029
-706575.492916
-718701.765288
-755223.108254
-734849.148232
-724180.913918
-737126.855693
-734208.813575
-736994.997592
-708934.965205
-746084.898989
-726004.915481
-711961.57441
-720257.293102
-731439.304721
-749470.365165
-707085.73772
-741298.643607
-711131.610156
-737403.684611
-715020.642683
-725271.448813
-732873.022488
-733147.021757
-736191.720218
-702828.813538
-717740.714641
-742130.446859
-721986.918367
-707197.643908
-746294.98373
-733197.678037
-742540.479382
-755088.059325
-718663.361463
-731941.09302
-723245.431926
-740243.570286
-709288.7316
-715863.374159
-753496.505613
-698626.473023
-722042.897431
-757831.870989
-707068.514413
-747091.418715
-711855.660773
-751345.024889
-735213.190081
-712876.400673
-746237.98121
-728446.204976
-744596.57784
-762126.852445
-717273.382331
-709021.447304
-736689.41064
-696156.909808
-698378.60875
-733290.809074
-746789.2955
-736485.337828
-722132.001366
-710628.142017
-721139.497934
-717590.006401
-714806.898515
-729072.266772
-745725.056317
-717800.501098
-728098.858357
-742700.374886
-731458.652296
-720287.506229
-725179.094532
-743626.432655
-723204.983444
-695763.876841
-724389.82696
-727162.461034
-733542.635167
-736604.753259
-744132.593375
-716550.99191
-717364.706228
-707041.265343
-709354.979413
-740106.985115
-733829.947023
-709996.676496
-703322.990693
-706853.623015
-750851.106128
-692059.327931
-698496.720632
-722754.429746
-703297.972778
-733705.891787
-719277.488777
-709254.206542
-717420.710021
-715367.21184
-717788.890335
-695814.197777
-740708.311803
-702422.997134
-729825.871083
-733027.833374
-722561.845758
-740889.045167
-722374.784463
-719850.617459
-712854.457855
-728610.247959
-729309.206516
-743967.016952
-717375.052905
-716650.060779
-732082.000146
-732948.054439
-721872.804113
-724381.606455
-724374.245672
-723854.082003
-751385.878123
-719796.240532
-719148.46481
-737643.253838
-725281.719181
-713903.601453
-727439.438408
-729212.741259
-726960.559457
-713835.31642
-726252.414465
-720008.488314
-725658.327467
-716746.10908
-723589.662693
-742867.951487
-701740.311431
-716820.788819
-732913.232303
-729613.977401
-741575.943862
-750840.479989
-719221.411206
-704532.492694
-746933.021871
-708568.215969
-728073.843239
-729242.601999
-734506.896902
-718509.01295
-718106.694267
-733049.445563
-739712.492031
-731093.627258
-741160.175978
-693708.874594
-732102.548301
-711411.461126
-750688.63864
-738405.878865
-744608.610707
-716762.295421
-736362.523007
-721684.488791
-737576.831593
-725991.534253
-719489.135209
-716125.363758
-736916.155849
-709456.582159
-724136.439231
-724506.011906
-708726.840067
-714468.199484
-724075.702571
-737576.487386
-720040.059082
-715784.117664
-721171.716651
-712880.13756
-742443.203096
-720826.417245
-737928.597084
-732829.343341
-741610.103802
-722080.215902
-726764.633048
-704502.732499
-717224.034982
-722599.705548
-745481.654371
-744367.709987
-728246.886952
-741854.041503
-733348.286419
-739790.769635
-741256.229159
-712217.568199
-741430.356616
-739687.971136
-768051.905716
-700375.741283
-715037.096732
-745752.444099
-747152.107803
-716327.781654
-727558.179006
-721683.170438
-731125.775384
-730461.795439
-744870.650765
-741326.327021
-725419.145181
-719212.398474
-729433.989824
-725639.928196
-737906.918174
-666946.502009
-737394.690864
-738330.168755
-724851.1597
-731766.779765
-730824.723246
-732389.898967
-718850.340053
-744200.360824
-727598.736239
-728054.265143
-725928.512481
-712251.093014
-729355.183401
-740029.609802
-719661.345582
-742306.791313
-718166.023114
-753025.461245
-733323.249808
-729951.670921
-736565.680234
-753637.321937
-707555.951746
-742186.769726
-698444.556622
-727435.933157
-737429.646963
-713364.503178
-709329.693237
-710398.8934
-731786.059169
-721984.852674
-713524.316355
-702235.155786
-724094.712632
-722115.3272
-717675.307452
-737619.085426
-747538.448826
-738764.578457
-713156.347546
-748842.556434
-728278.118604
-721053.122804
-728438.97632
-723177.349585
-739471.3383
-726643.835318
-707652.248688
-728811.282314
-733649.50245
-723370.686118
-704217.834968
-746354.048573
-713351.06698
-751471.74223
-730071.254093
-718245.323624
-742290.427638
-712780.303472
-716067.286425
-745473.792225
-735230.925675
-750248.985517
-720749.697466
-717627.248917
-726356.352722
-722363.634509
-710559.506515
-725295.104618
-726181.51911
-723646.199922
-747269.195387
-711924.659887
-726043.175545
-742088.003263
-701940.401126
-716103.534848
-738117.697211
-712875.968221
-693066.403117
-742635.617507
-715499.22763
-735431.765496
-710069.39785
-722265.801305
-729716.270822
-736882.15329
-741478.016773
-741244.584612
-745685.316804
-745413.754764
-741736.95304
-728469.95029
-728821.377218
-729219.326508
-720751.538707
-734087.56922
-735484.543382
-691719.405778
-731322.628142
-731622.185759
-730083.085483
-708063.214486
-729865.030775
-726813.925739
-726779.841664
-726738.596996
-725955.636001
-736035.409388
-738019.512594
-729399.445453
-718871.668895
-735080.344762
-721160.116674
-720843.511739
-707755.965609
-706584.716009
-722779.880148
-718530.244432
-712605.239978
-748356.27246
-726003.272431
-717408.826086
-748061.342344
-721793.532742
-728811.072278
-716160.405594
-688620.172335
-744958.595184
-736405.763748
-730809.377656
-721690.946773
-734301.623368
-741191.398537
-724915.991893
-706831.175153
-724742.334958
-732384.491717
-732883.473238
-728981.968661
-747612.664526
-738732.233487
-704205.740604
-696690.933727
-721858.387728
-725444.281335
-719681.638455
-706943.648313
-732415.518231
-751576.45042
-724775.713253
-716200.532449
-726004.345023
-724134.697514
-739249.517068
-687831.055394
-740170.706546
-737038.127822
-731899.182952
-739428.243397
-730012.356494
-742634.286644
-721711.121921
-711824.515337
-719227.173526
-731653.373213
-728323.577356
-697197.383402
-756151.04673
-735467.5176
-717090.595755
-729999.698348
-741377.395137
-722561.828451
-711650.755431
-733428.65093
-747294.614129
-722864.587069
-724863.424402
-715062.600454
-734519.600351
-727603.528208
-736278.82288
-719000.643387
-746255.884144
-741916.338753
-729720.411669
-727293.402208
-733363.844498
-723175.329539
-723791.808544
-706757.093608
-737182.394528
-738797.137655
-718557.215399
-749276.648948
-747913.23289
-712127.884984
-700670.155855
-726321.792175
-739704.215222
-754213.18284
-708838.823361
-702498.571278
-735288.441366
-708467.913275
-725330.15562
-719931.728047
-720297.90833
-737756.709014
-709673.717309
-721130.34135
-734757.693893
-746574.525443
-709906.973013
-757342.810899
-740044.917276
-748832.11672
-725761.542929
-733823.068001
-708524.697299
-722528.685877
-718199.392505
-725277.19121
-733359.697947
-729144.73675
-705526.97792
-712659.820149
-718857.865068
-737344.304606
-732776.365965
-733737.038815
-721833.924987
-718570.135566
-712732.151551
-712092.178872
-724032.749568
-729746.722753
-728367.737694
-715196.680173
-722866.341028
-724651.343243
-725663.367127
-721806.286166
-718578.552362
-731565.036714
-698659.60662
-718293.599021
-725974.793181
-734153.075416
-726153.707253
-714664.992133
-726503.115491
-726766.019982
-699013.900078
-737020.948495
-680669.616853
-736090.70691
-721402.812938
-718226.525241
-731116.206396
-730312.576568
-678508.342611
-732084.213587
-720692.305351
-724396.349515
-746894.02825
-726743.163654
-723652.277155
-741910.609072
-723952.079717
-728706.365163
-728899.249209
-705724.667136
-718204.341212
-729702.306579
-721219.059613
-731734.239039
-742436.685489
-707492.231113
-745017.187606
-699762.557495
-732519.791892
-729391.187658
-729997.176502
-713756.613634
-722954.311963
-753589.29269
-720691.486739
-720924.185707
-734338.313026
-726835.318428
-730171.677309
-712874.773471
-725733.178296
-715494.16835
-739557.38556
-741798.948605
-723562.49679
-749313.157717
-725456.492836
-745559.4089
-722386.400174
-729435.22958
-695404.984595
-724543.977373
-713648.269027
-735689.161926
-741283.055889
-731011.308912
-706564.094103
-712185.472747
-739959.949957
-710365.911183
-719398.463448
-717042.41533
-735417.822438
-744084.191071
-732676.800097
-726314.597009
-727553.195964
-730571.422647
-724126.944072
-731005.093479
-738262.833122
-706822.538498
-740526.808423
-693107.335198
-744942.814207
-735330.412177
-713665.000727
-744874.919133
-754103.91786
-700291.30177
-751747.058245
-705138.594498
-733488.824056
-738017.351639
-703878.362219
-693660.426759
-728958.461445
-729368.130231
-724431.197383
-728251.809339
-727140.482932
-710460.791879
-745173.99594
-702585.825775
-708714.341048
-704144.284243
-694980.982762
-696052.827977
-733510.78152
-698242.0571
-736520.625073
-671310.699188
-728268.901924
-741217.161517
-713455.221193
-716913.186558
-706620.850929
-713321.809535
-752050.878754
-718793.970964
-728721.758563
-719183.273098
-718154.280376
-713445.230527
-738383.769272
-733500.343256
-723584.00139
-740447.876162
-730108.810022
-723938.824465
-716178.157297
-716117.013592
-737777.962396
-734752.168991
-721207.439342
-714700.050742
-731855.937763
-732336.241034
-721056.538562
-735793.519818
-714044.550059
-688021.061471
-715082.202555
-694699.0544
-715580.798442
-730912.273559
-722391.72921
-737185.711121
-730772.251002
-693362.426892
-697847.345523
-720732.659523
-717092.741028
-729574.723362
-725564.360764
-738069.000195
-725011.734662
-739151.111663
-726645.726202
-699377.869245
-739275.711595
-721454.921348
-699987.363416
-729698.057989
-754214.916082
-750299.511774
-716846.22818
-723249.617101
-722634.225533
-698784.573422
-728684.557809
-718870.787984
-744404.863696
-716812.467302
-707966.698726
-705096.491079
-745929.006762
-732494.375361
-735335.041698
-734800.973161
-741266.295047
-739463.233517
-712573.926429
-719502.233885
-741653.657928
-724275.091397
-709445.004492
-723847.289166
-729363.217379
-719489.38525
-714259.281891
-735870.303337
-737799.921198
-724960.014586
-739688.504769
-738187.704928
-731158.033119
-746581.000009
-735993.451105
-739571.728192
-723433.729101
-731011.258422
-726758.677045
-708826.487155
-737430.883006
-736692.780626
-732013.845809
-687775.814388
-726222.422642
-731755.715533
-711460.075495
-747175.067954
-710450.718287
-728029.340759
-701461.951572
-702445.60856
-728419.316795
-739382.842566
-702290.616291
-716747.54794
-694912.307062
-716004.758802
-700762.449582
-697727.421249
-720606.660988
-748451.826958
-708128.032849
-691119.115706
-719110.162573
-719061.370066
-723749.518044
-706731.412031
-737647.385219
-716410.674892
-744800.217496
-726130.726765
-743141.837383
-754715.64149
-681135.138527
-718918.717191
-740831.927463
-719967.832551
-715198.281208
-729577.438446
-726408.620967
-730783.011705
-694483.033276
-718175.262056
-745070.844032
-720502.560055
-729979.38175
-727440.606334
-741915.41526
-735169.103423
-720988.274078
-706554.627452
-708558.210053
-743064.888317
-719234.225554
-708445.567472
-749634.321615
-730367.925352
-725472.177167
-732274.378616
-735559.703047
-733109.099434
-714125.938474
-721959.842145
-719399.737085
-727194.062855
-730307.805333
-745582.769974
-701176.160637
-727971.371549
-729080.427176
-731571.26108
-722740.421611
-741531.751923
-729554.385009
-766212.549523
-709541.379505
-728273.360634
-702902.199776
-710303.929735
-746076.345206
-724667.66518
-716635.554065
-727003.438279
-721409.24124
-732219.244851
-716784.115434
-736209.567309
-743132.299012
-730428.776175
-721240.861133
-712876.475834
-705088.561925
-730169.677767
-721899.661235
-736690.652859
-747147.529451
-736399.293416
-723941.448876
-718769.175389
-736901.483007
-733567.467601
-702448.506705
-735449.726994
-721424.528925
-727000.351589
-741430.169881
-708790.897687
-706516.077779
-740272.054391
-742357.397556
-729336.701746
-726604.816984
-744428.945402
-728262.67667
-732213.564102
-723012.244483
-738474.633415
-746902.650059
-711555.89101
-741045.013883
-711123.188828
-721557.292224
-676790.447438
-748216.347718
-717541.185232
-728321.293128
-742180.304919
-713774.158232
-751166.938458
-752447.013919
-729508.214493
-712466.210903
-754643.437595
-717901.370877
-703359.825151
-707570.651997
-718694.975699
-703603.535738
-696788.802035
-733795.860628
-738106.253624
-725105.169703
-694772.357423
-740297.174267
-726052.996349
-744069.095228
-733124.74227
-725220.564857
-718125.793875
-735722.055424
-731087.081607
-717928.352667
-707248.609758
-737017.085034
-713994.744563
-733058.954565
-731346.886938
-733544.358538
-690811.740298
-725125.570299
-719713.80528
-712821.510618
-741348.295082
-731236.348147
-729889.836321
-735830.598027
-679685.263207
-723315.985885
-740629.453597
-727108.078121
-716499.952792
-740425.147539
-747984.124875
-713939.497642
-746883.359761
-742550.442208
-715596.57441
-756820.509715
-714842.494874
-741244.864536
-732767.294119
-722667.317856
-717337.853408
-732438.689216
-741391.791018
-740331.653845
-714369.184057
-722878.234258
-721700.05912
-738872.940551
-735531.751204
-741759.557585
-736441.010753
-724984.488475
-742188.148319
-745979.667504
-725633.219378
-743725.312744
-714962.810826
-715891.927126
-722640.592029
-718708.413561
-702646.726048
-721905.719324
-735209.634834
-698079.262541
-734627.224321
-726499.081087
-714604.950945
-733907.992096
-717093.739109
-732823.140937
-734758.15677
-734965.914708
-714168.979102
-742337.956808
-738947.0234
-739188.767252
-743597.590489
-723015.724055
-730101.097413
-704717.774861
-734782.886397
-722203.316355
-730736.632599
-713532.562993
-723139.284423
-740739.849647
-710302.74635
-728716.091879
-704043.240797
-709012.583389
-745608.19975
-710626.111989
-717891.009726
-732032.002817
-727509.129248
-739422.296057
-727628.21424
-749312.711853
-720547.351314
-715727.169804
-703813.993077
-715003.081133
-724158.020517
-736535.899929
-723036.626321
-708793.541303
-735554.613754
-718890.848633
-714501.153754
-728515.977858
-746407.140173
-704859.230724
-739509.447292
-694332.970395
-706189.836287
-735219.369309
-729583.867653
-722176.810491
-714612.195734
-708964.523528
-718150.108653
-736579.179323
-719943.087003
-748297.631305
-710448.029583
-727733.892017
-732820.639429
-723559.141244
-710560.3877
-728495.298262
-732211.324118
-718616.117055
-734466.204485
-726526.243019
-729035.464332
-732016.633974
-747407.918201
-738574.696051
-727031.045429
-712501.604918
-729907.442913
-741377.975026
-725183.535566
-729115.991413
-710792.559487
-730612.53809
-708745.224511
-713204.272905
-714027.993964
-761194.228544
-730289.80537
-705889.046084
-728211.886155
-700072.346784
-729493.045649
-706962.907683
-745912.073254
-740013.059769
-746854.364705
-730210.870727
-721266.011507
-737119.395922
-737964.80489
-735817.448421
-741639.795272
-708637.679442
-732676.002891
-718908.952123
-723219.740737
-744645.244025
-723279.738993
-735840.152564
-723522.623915
-709179.165958
-714177.212132
-738623.634835
-720375.112062
-719923.982957
-718838.475168
-712365.992618
-732244.47211
-725381.018971
-736603.095169
-695120.457778
-726808.651964
-752488.234703
-711449.323777
-733796.880094
-704133.901162
-732966.699769
-740327.314137
-733685.093971
-732526.612288
-749226.648614
-736809.16426
-707996.457625
-723494.001466
-728765.170104
-720745.036544
-708482.156283
-725730.382424
-746417.953888
-730544.342322
-712605.731393
-726299.50692
-731465.895892
-717531.679675
-744653.235782
-722410.258353
-734138.684346
-746311.293066
-757917.917999
-740214.587258
-706844.944569
-728499.595899
-737400.856696
-719745.443033
-731340.545018
-732077.212517
-717701.867262
-728953.175972
-716877.631831
-722857.082864
-702095.241303
-742232.035981
-732733.802934
-717100.952657
-717284.195857
-701338.604493
-727485.856507
-733457.262431
-731991.033518
-757697.568221
-750146.024611
-757576.924048
-711707.067505
-712452.514406
-715906.365953
-724244.652248
-729600.490917
-709466.213289
-739834.509308
-723085.156722
-696304.179851
-729183.70896
-746737.881615
-741765.433173
-719534.388098
-741289.436189
-715352.88819
-751933.785159
-716199.521482
-745831.072662
-727247.257883
-717908.731077
-732231.473866
-720480.914349
-702683.342427
-709459.11629
-709946.241007
-714404.044985
-743751.193347
-737638.944354
-717914.193407
-712255.900296
-716018.443338
-757557.249969
-710856.409342
-742345.47863
-737468.000246
-730186.450068
-738448.894836
-727754.984917
-727239.098184
-745198.429636
-731902.3254
-739520.127678
-733677.284958
-716129.497654
-736940.032418
-747802.766811
-724904.599499
-719974.222178
-715167.377563
-710051.75304
-727485.184338
-730755.352418
-729796.267145
-708873.86546
-719805.511181
-732941.80005
-735446.407761
-729935.28897
-720612.658346
-740268.617438
-711120.935495
-757331.317107
-724747.763864
-749974.944732
-701509.959368
-734407.682099
-720850.366086
-735411.210449
-713376.9442
-740317.968382
-714726.566688
-719503.323164
-747669.734474
-723457.903494
-718176.254222
-718629.879715
-711303.958999
-721158.834033
-718303.19066
-711313.06282
-717208.424868
-724589.682499
-735063.3145
-756558.951468
-716908.411725
-720635.52961
-721607.459699
-733887.320759
-726312.813034
-721640.454191
-728545.511591
-750844.861878
-758282.066452
-724402.1084
-724564.070822
-724529.179106
-735957.951773
-724376.320506
-732340.687733
-737287.265626
-729013.01986
-751941.746302
-722425.684055
-745592.73478
-707166.757684
-715920.712149
-718223.945614
-723149.79694
-718161.910815
-696969.460683
-741717.862891
-720228.451332
-725474.818226
-744415.936186
-723466.836861
-742060.747683
-706461.197706
-723549.510565
-725192.995345
-741958.99057
-722413.140093
-718892.391933
-729160.393314
-724895.957454
-699767.524446
-703487.212357
-724907.55436
-724016.601202
-705761.24972
-729541.481835
-733126.159194
-723265.912456
-722908.481598
-708247.164343
-707953.460543
-729294.003906
-720859.650579
-716664.441542
-721977.919179
-728684.739589
-720475.204361
-731723.143225
-749352.948362
-741706.249325
-708096.257859
-735476.348378
-735649.589321
-708436.513898
-735836.206557
-701554.949287
-720386.401735
-720137.910799
-709771.291527
-719073.717487
-736497.660038
-734385.513401
-713968.865544
-718212.198404
-725568.445433
-710725.295019
-723798.914404
-738454.472394
-719138.889003
-735634.332227
-713671.908275
-736166.068202
-741798.325166
-731604.658186
-691373.72878
-657423.150401
-733530.899115
-729915.406857
-722516.114933
-712879.780633
-727046.440033
-742092.732086
-724693.735045
-721606.110431
-736197.271018
-722770.613035
-715516.372119
-744400.712031
-717020.85691
-748824.28769
-730863.970708
-725731.920271
-740411.729628
-731283.794823
-718183.606068
-700474.04097
-719869.168689
-725871.298832
-739366.505366
-738515.470702
-751577.229646
-744614.130458
-725740.920503
-726948.580721
-721750.194387
-741391.992719
-734211.724418
-741489.176947
-728579.03464
-739083.685953
-739970.154862
-723424.14046
-706745.25396
-727835.097838
-723974.129152
-729941.044293
-733351.395145
-744409.3485
-720965.440224
-728882.092511
-748141.769256
-717213.290838
-718485.078602
-728560.444921
-728426.59071
-725897.066281
-754190.856042
-711789.883555
-728655.143281
-731979.259045
-718539.114436
-697672.376102
-714161.162724
-741392.565724
-729993.405029
-729274.700636
-750988.199263
-730855.386083
-731402.845322
-720774.645834
-759051.239345
-730429.37814
-717304.356606
-692467.76821
-722402.448566
-710215.885568
-722212.150956
-713758.419369
-744410.431924
-724780.643532
-725998.46218
-692498.585371
-717158.091693
-746029.301814
-716535.156422
-717279.342818
-715159.506807
-712760.692964
-729673.841631
-750584.1051
-717514.175886
-722660.877433
-736918.684731
-724132.955489
-735699.811489
-711200.911154
-746800.870474
-721117.223243
-737912.765822
-723592.994872
-723242.702662
-722100.636934
-734480.898716
-769554.969133
-727503.091516
-703974.680518
-728176.753522
-760177.51098
-726221.589968
-711183.154124
-745435.708636
-730242.92981
-714083.627439
-711100.166025
-724005.58676
-703749.762422
-724852.135785
-738530.546182
-714579.888135
-751216.613445
-713817.179795
-744564.608214
-729236.353982
-740351.319581
-728069.287351
-716641.184749
-687466.813607
-731319.88284
-724361.06431
-747308.93969
-738480.947424
-738525.337848
-726315.785652
-743419.808108
-734633.409028
-724133.963111
-721654.282739
-722280.014282
-738159.005823
-747447.22316
-719879.320949
-766367.257649
-737021.261758
-741561.321085
-709783.43429
-738449.708013
-719182.885643
-710416.215156
-719344.469104
-715096.80601
-739823.005193
-740073.453404
-724322.995941
-740718.898799
-724260.213937
-725355.00101
-715282.848381
-741219.015232
-726077.456978
-727115.331253
-707311.935769
-728589.529227
-712885.524114
-718253.36032
-726129.797643
-721237.062798
-732174.976084
-727417.099474
-719743.129447
-738777.201284
-725650.014921
-732099.847523
-721697.429148
-744754.339427
-725610.874979
-710842.747633
-694611.212972
-756088.787298
-724879.927586
-744597.550073
-716719.744968
-720437.769521
-712657.89326
-755320.187483
-719405.510787
-721405.097265
-722640.861724
-743090.700737
-714736.018756
-756211.202361
-698566.036481
-691659.278219
-722223.407247
-743983.569482
-755400.885967
-736735.499601
-724247.539067
-725126.688588
-721653.716884
-738893.404009
-718450.960303
-718990.350451
-733321.346609
-737922.926199
-726962.576645
-723409.439339
-740797.631201
-748199.980568
-726975.932872
-735371.572126
-727092.203217
-742810.101351
-736401.365221
-720986.931346
-731051.561961
-716014.817636
-734462.6668
-730590.847704
-712915.337683
-725306.963261
-727506.452869
-741614.726694
-726023.159871
-732648.053006
-727831.221619
-747912.463673
-726869.204993
-709947.944329
-711838.396289
-709692.857065
-735442.645712
-733999.779877
-709796.100105
-724264.706801
-742482.651649
-691911.601793
-723299.881216
-747282.291489
-724348.485363
-738278.991471
-728433.424563
-732054.417856
-734434.984111
-744107.937816
-714155.794642
-744908.143677
-740664.439571
-690047.613831
-693966.505545
-724307.963765
-733148.097731
-731438.649503
-726843.071525
-734642.942681
-714827.431086
-722204.029739
-733815.860396
-737662.374353
-733075.370533
-741970.126454
-724276.586052
-736968.461132
-716546.993194
-738277.227952
-708267.655424
-753663.619199
-739990.458346
-705959.59299
-729638.633736
-705084.049202
-714260.132654
-721170.671267
-743328.459274
-737261.22116
-743129.645353
-698998.458269
-722921.593493
-710766.104169
-734850.05325
-739723.016058
-730737.028273
-723562.020518
-737223.99573
-749201.015701
-738736.296504
-731372.642876
-739404.862763
-732114.393429
-721774.586391
-749244.430734
-731930.359149
-725124.569758
-693616.008955
-736454.352074
-747745.797397
-728007.285248
-738774.32773
-756562.781468
-724113.789956
-728979.202225
-721496.392742
-733190.127263
-726388.111704
-747820.247715
-733291.730886
-730508.701545
-710621.982188
-731130.784757
-734406.740475
-728038.130677
-724428.624221
-719903.722736
-724459.202126
-732813.129971
-727141.5694
-735431.646634
-704281.841311
-721186.003226
-732718.53294
-752056.777419
-701501.449106
-743483.05304
-727159.239876
-746019.968923
-717014.02942
-721874.053779
-721045.965994
-708170.632589
-725231.893918
-704924.346729
-727896.305607
-728668.413986
-701707.322829
-711325.573162
-726071.357792
-727866.535986
-721671.847782
-710697.347887
-738774.257558
-733041.148404
-715660.407098
-760488.722267
-720813.946511
-737209.080776
-738725.167744
-721272.332178
-720735.401678
-720866.757281
-723518.49667
-745702.085075
-743890.796079
-711743.490726
-712575.93711
-734981.137802
-727005.748751
-721694.460962
-728402.504697
-701069.736883
-738617.061286
-722201.110529
-700596.400636
-751788.955278
-722892.408519
-755482.228517
-740182.296447
-710839.358834
-709466.665294
-722747.107061
-724802.129307
-733788.422286
-725844.54143
-720480.754722
-760578.221807
-735622.96728
-700796.002655
-732373.132534
-725276.909759
-733997.891197
-722221.23987
-718958.955992
-700775.538794
-731967.387889
-725701.464022
-740224.177146
-723992.623972
-740258.956049
-692968.970466
-697965.531607
-703433.002992
-706165.669012
-737058.641053
-710355.471553
-729459.232422
-735263.068164
-709683.72758
-716106.653461
-738419.603212
-746807.951491
-712472.294648
-738406.405485
-726554.795156
-743379.58527
-731965.09588
-708071.062205
-718587.582598
-713416.723195
-747130.965151
-731684.714028
-731173.643463
-720332.61432
-704096.57299
-750082.205561
-734624.04114
-726677.333289
-708297.50959
-743879.49242
-721663.5933
-723044.992311
-722730.330168
-727641.284199
-723009.117078
-699879.601733
-748464.559968
-748497.550973
-751397.285577
-732652.2371
-709502.18878
-744118.752957
-744940.405263
-729662.76514
-723170.17606
-733921.070955
-728160.957065
-714330.810928
-735300.829039
-750545.868145
-736587.881856
-724066.499944
-714067.26401
-711895.578704
-745048.870165
-737287.946215
-732427.034337
-756422.647196
-727960.45911
-693137.907161
-737586.741808
-733033.914768
-726847.660971
-707910.98511
-720395.433485
-747937.592443
-738625.235051
-746455.018456
-738368.228156
-722919.531713
-727124.858953
-750833.292345
-748567.497077
-725213.947133
-732350.628155
-752932.518816
-718421.931847
-752639.833397
-733927.41984
-707621.950062
-719953.263389
-731002.497709
-711309.520712
-702911.033763
-733847.034971
-729880.936545
-751006.877684
-723181.653828
-705566.614425
-721259.932615
-745318.08096
-722698.308164
-722516.975757
-724091.033517
-730370.238627
-740686.776344
-689977.896722
-727590.247879
-711522.273662
-710513.612733
-725940.545274
-737678.191485
-719227.236438
-726027.643714
-750598.006628
-729665.744938
-737252.649217
-733488.298173
-712782.996493
-744199.069537
-719190.765575
-710133.78665
-741043.812423
-721268.205158
-720483.172136
-720300.699553
-715792.817596
-733141.42761
-725633.814364
-706913.298298
-736886.671859
-729623.119658
-706066.450636
-714773.12582
-738556.63359
-755613.466099
-742584.932735
-720783.080542
-735248.714819
-724785.20068
-735939.7481
-731293.590087
-734670.661201
-749969.849485
-749978.977431
-726282.109935
-721191.011057
-736679.912404
-717005.053128
-729565.692034
-713507.817048
-738216.73665
-720029.613633
-720060.188559
-730383.240641
-716170.349513
-741690.183899
-711515.900645
-691540.207096
-715636.093598
-705425.74997
-732390.78947
-709259.462521
-734543.055529
-726581.491993
-714148.498242
-732197.301638
-739565.746332
-707854.313037
-714494.112345
-729606.286182
-738758.652983
-740545.942394
-730145.219794
-730133.504657
-736029.061919
-749269.63492
-741281.039702
-720103.734158
-709825.556023
-715691.941356
-735706.72485
-727113.766303
-731699.247642
-724752.444445
-727110.717097
-720506.346399
-736156.679085
-690288.920901
-698347.756672
-721289.420037
-743892.538526
-683081.725811
-723713.103267
-719502.719811
-751266.558717
-728126.876335
-713255.468406
-711597.208655
-722704.27048
-727112.207738
-716497.662311
-738270.863851
-770280.388801
-727914.655782
-761526.491751
-723589.187482
-727933.985446
-719239.876756
-706685.063536
-709759.483516
-727034.200978
-717463.729771
-724506.914539
-703077.464714
-730494.429378
-737742.024324
-738418.981206
-728614.828486
-732104.064922
-692885.094819
-758233.796528
-730479.539829
-715215.582898
-702532.630115
-735637.204846
-727810.668385
-732951.042395
-699540.541121
-728303.160714
-736613.110055
-713363.324748
-714493.567252
-750060.4279
-729520.309035
-740695.52199
-734788.392881
-755509.653536
-733112.819349
-739455.322105
-712838.324059
-742937.618501
-732749.075544
-709212.470282
-745044.427858
-729773.269792
-727691.795886
-740229.069312
-725491.77459
-730466.894767
-753339.608105
-716319.28615
-706065.873044
-726782.430526
-738317.238031
-759393.065388
-736970.989925
-713922.882684
-735728.97911
-738178.657768
-735614.815634
-729607.797866
-723187.327584
-752807.407656
-717695.30934
-722053.332721
-721057.207883
-721375.491419
-729764.737901
-731813.715143
-738906.877194
-749086.416899
-738363.516794
-709397.347838
-726847.923081
-730182.008093
-746567.724824
-718457.331358
-734793.701932
-716568.332796
-729086.664646
-732186.495885
-713773.089218
-732418.196277
-707436.622751
-735304.08175
-723349.006721
-715386.593615
-738070.605308
-708627.871819
-746469.330373
-723577.6689
-729717.061143
-729403.025953
-709719.856887
-735483.961896
-741290.810156
-735872.715553
-742690.096492
-723727.743667
-708642.346276
-730636.359791
-727083.376883
-729899.53329
-715752.976785
-727297.171734
-737892.8285
-705384.038844
-739473.540699
-701103.344567
-728145.115394
-725715.655071
-731974.396904
-760962.636409
-713031.498308
-720871.441371
-731012.553609
-703343.617887
-752512.614918
-728361.408791
-728542.264891
-738494.474641
-711722.1825
-736363.922413
-729169.397973
-742672.233412
-728756.231551
-727430.958279
-730442.359474
-706990.519294
-723623.960309
-731167.127886
-699094.067713
-754561.92589
-742617.763754
-733584.527041
-740568.348335
-723371.792896
-725074.388434
-698338.205333
-716562.491879
-723568.085798
-715370.374349
-754073.186843
-711761.58541
-760030.290134
-730507.804008
-737350.740566
-741448.157837
-735021.947251
-730324.174627
-735178.678238
-733158.077886
-726680.044961
-734320.830595
-730647.225363
-740391.447956
-714014.372259
-750241.152434
-754655.374831
-729354.399129
-733508.146253
-725134.926934
-711860.077414
-733665.565905
-713948.801683
-714437.424912
-732325.814236
-713695.340764
-704359.593638
-730687.887786
-742108.155179
-716253.379142
-726678.631598
-716251.720415
-735311.908981
-722076.197449
-710132.486196
-723777.994693
-738033.201068
-740755.19477
-735652.257652
-709132.916962
-715667.145314
-716854.40335
-749852.128266
-725528.456366
-734925.240547
-730156.212583
-714582.909275
-723470.726606
-710910.30616
-708244.157305
-707105.990287
-721135.49861
-745189.485996
-714506.684236
-691753.813616
-731443.776968
-701537.612966
-735627.885917
-749235.879632
-711698.434734
-763489.723546
-732653.40176
-738147.365777
-743685.878213
-715671.995286
-724056.283488
-693862.808806
-742670.774942
-725494.355937
-726555.559671
-722382.859462
-740794.598754
-740074.333531
-723377.972793
-703550.704188
-735513.974994
-742066.728753
-719659.328231
-729926.284595
-715366.793919
-745496.613115
-725649.796255
-708386.817959
-742458.6944
-737692.391196
-731123.946055
-713771.210595
-721635.309453
-733474.703572
-714890.32013
-724568.884421
-726246.765662
-728171.903513
-729182.498524
-729778.146056
-740719.207071
-731019.148704
-702804.561984
-736490.683001
-726445.596502
-740538.735742
-747903.508017
-744750.00063
-737987.639775
-743442.206104
-728473.762246
-716533.851491
-743945.043561
-708980.460893
-736899.420679
-713952.154641
-747023.287222
-737034.792782
-748526.942166
-729605.128827
-729685.45957
-743556.134504
-741302.342267
-738327.35528
-722114.033179
-723555.248111
-724675.263612
-731505.810479
-712426.468446
-722336.277601
-714680.070629
-740484.259501
-739971.894311
-750213.06443
-720467.306071
-738811.576842
-738880.341215
-743985.83931
-715769.182726
-705477.635444
-710300.877823
-727457.940549
-699490.702098
-717870.393356
-731301.958161
-742232.358015
-735099.243881
-759273.017238
-732843.975083
-738054.149356
-732571.766012
-725348.363642
-754978.100021
-722379.782111
-720791.833972
-746823.195785
-719598.897548
-716413.486865
-738189.199376
-737373.802399
-738263.79
-722817.848132
-730805.031673
-739515.748687
-739700.173196
-734367.777766
-714683.761649
-728979.040957
-738968.076464
-732564.945759
-704545.877957
-739175.746481
-723283.990582
-731063.396869
-731576.026299
-734457.502682
-695000.067635
-733793.792647
-751067.802078
-707685.790919
-713750.881164
-716001.787673
-716538.896684
-740464.8698
-715747.486275
-748792.943843
-725773.551293
-739915.596608
-739273.282267
-717575.807843
-729511.515505
-740001.115392
-725078.600174
-704249.342043
-714838.750584
-726131.794763
-749230.935785
-736949.763677
-748832.786488
-716997.969796
-694191.73917
-718017.775587
-699574.316585
-729655.889353
-713067.68674
-737139.790277
-738498.9833
-735293.162786
-709362.306689
-724953.781055
-739359.536471
-697745.19364
-743591.759977
-698054.82778
-744663.339731
-750704.900633
-736825.513114
-727064.929149
-733670.245829
-724794.723901
-683608.649279
-712612.409692
-716821.713294
-734947.78209
-750812.451718
-730063.875599
-724634.116799
-743135.001575
-699620.350994
-722309.084854
-737138.385144
-723203.724782
-728341.902651
-724997.731314
-726249.574135
-731669.303659
-706646.864325
-722674.521408
-731833.902989
-728612.590078
-732191.29642
-710069.445012
-675058.171224
-746686.58832
-743686.110838
-732569.898053
-731780.985409
-731101.589365
-712073.650457
-721524.29396
-751752.492635
-714148.775339
-725157.973771
-725678.587594
-734822.786709
-738020.099138
-693607.566642
-721713.607331
-720371.487275
-723385.290517
-713911.731378
-707668.790405
-710845.867777
-752552.36589
-727924.014031
-743289.253335
-732448.788097
-709397.583031
-716142.030818
-700790.725814
-739351.147485
-727898.426605
-724449.981734
-714038.227934
-682359.296881
-728749.026654
-707648.853182
-737124.009093
-720803.66791
-723455.771604
-706097.341494
-732647.769063
-735497.3297
-730481.536711
-733725.632776
-765141.453216
-727930.189685
-729488.333861
-717104.502641
-743736.083372
-755357.319408
-721622.625297
-723462.543254
-731724.722479
-710371.110129
-743115.977672
-712755.871574
-738493.8627
-729300.905115
-733192.736642
-731679.896347
-717869.637834
-735301.239795
-715343.906552
-735304.803598
-755229.511777
-741159.852709
-735173.706999
-712833.069365
-734251.008404
-732784.758451
-725502.68096
-728518.440402
-727573.425538
-724690.038742
-748023.709374
-725989.558018
-716979.244897
-693568.596352
-699112.161031
-715097.879193
-723666.642452
-715982.594039
-735139.261968
-726362.418678
-739742.598938
-737254.514712
-738536.904617
-730383.778509
-737971.673943
-725832.468394
-699419.018198
-743823.702416
-740223.623273
-700875.098998
-711046.533647
-728666.318223
-729496.005815
-702260.532899
-712558.112609
-736814.118288
-718785.297044
-732863.045754
-719451.756291
-751582.711164
-732279.88795
-695854.539149
-709406.425091
-739704.960892
-725415.170959
-731214.670647
-728965.223981
-728774.963209
-747718.546482
-712242.396046
-746144.381499
-742171.91194
-727851.017841
-702893.268364
-713750.710051
-726110.284034
-704053.856658
-728789.501858
-741824.401585
-733037.324772
-726382.004346
-715644.606238
-743339.267539
-731117.521118
-732858.255438
-706104.785501
-711120.174991
-720431.353913
-733356.837483
-727725.186446
-757121.622283
-724066.832279
-715681.149909
-715855.50179
-739150.189569
-740939.266577
-707026.97838
-724610.151189
-708330.494455
-726424.374739
-719665.48646
-720209.321021
-740545.682992
-714046.976048
-736908.989134
-714850.784782
-729707.600158
-728527.399427
-723011.612915
-725546.955418
-711233.058136
-739116.082796
-731039.375814
-709252.939364
-733736.758515
-745291.461874
-740869.589331
-695780.880851
-735307.309622
-726608.343668
-744660.438505
-750025.743958
-728434.775901
-747028.501983
-727398.590938
-739168.657358
-721934.732127
-716295.572864
-725268.609584
-690827.545567
-748024.037312
-734141.220826
-743231.551885
-733224.591674
-743357.988721
-746996.407963
-706193.013931
-716638.180769
-722984.380276
-721057.774301
-718290.329106
-717521.093146
-709304.803172
-723457.671111
-732452.513275
-712850.613858
-727170.863662
-726867.249729
-736086.357999
-743029.991995
-714425.933707
-733147.420067
-739379.831728
-744171.419573
-754678.482135
-704564.253525
-723225.76764
-726363.240596
-746438.63886
-737212.768664
-732089.783626
-728183.665911
-735934.97975
-748423.461609
-734900.207955
-719562.631676
-733721.583947
-726468.758899
-752745.981545
-739174.264569
-740062.692309
-723609.618562
-734797.72552
-752143.922631
-755312.47637
-726473.89974
-742906.042539
-730354.583998
-753681.091873
-710463.297015
-757217.772214
-723009.526092
-733787.602928
-697555.820461
-749910.782686
-738213.261686
-732769.116333
-723445.395712
-715514.140687
-713033.533079
-717503.41285
-718901.473969
-738935.526415
-730942.815215
-708335.748711
-723844.709392
-731218.801947
-700880.560413
-739383.562604
-702193.624685
-742519.043428
-744752.433164
-724720.395866
-710728.595367
-721146.598037
-730562.011277
-715618.990488
-734709.800189
-737058.556205
-714694.859156
-713486.838862
-728457.705208
-739813.527194
-718576.440806
-717225.740672
-723831.453399
-700421.281132
-753778.512373
-737025.280442
-732095.654409
-751632.840531
-700885.349945
-718235.348352
-731013.995183
-732118.419915
-730504.552256
-721977.921749
-718192.443136
-755097.064732
-720419.565878
-732579.187883
-715419.418184
-720340.926643
-747146.421401
-734371.510297
-733803.474448
-718288.693953
-717240.930829
-739048.473033
-750519.761689
-751709.162251
-739903.547846
-706508.668738
-699136.753847
-738860.463971
-724893.380134
-709919.74096
-727147.521718
-740303.066342
-721592.36668
-748528.253526
-727276.648204
-727006.65906
-703340.456925
-714059.618872
-735453.062208
-733405.38169
-711654.261306
-702449.798363
-740777.179435
-727938.465276
-745781.621486
-729071.255215
-742258.459423
-725555.733585
-700187.194107
-713721.450415
-740449.116942
-740217.260541
-748636.776596
-732545.134959
-737434.227737
-716911.754863
-729629.651373
-741934.538696
-721400.771067
-716033.742971
-709125.677564
-739016.825384
-727123.397755
-734050.533587
-733106.145586
-758224.774137
-705304.810785
-743984.679539
-745902.978474
-721898.940321
-725260.741115
-725163.050276
-728653.096692
-736836.418381
-724534.754485
-711328.582901
-711516.693948
-716863.098201
-725779.009545
-722614.091358
-689150.086795
-735059.332254
-721126.511209
-748108.833467
-739531.035916
-682913.674821
-736207.584378
-740162.693381
-708244.933038
-740756.172947
-717548.78624
-720511.85759
-712153.708181
-735318.236776
-696936.159288
-741144.242824
-708603.051273
-709439.728129
-707374.837512
-702454.030712
-707867.782991
-760603.328167
-724182.61207
-727237.054606
-743566.070662
-742712.829609
-754314.633928
-711944.726925
-732974.984821
-714011.022195
-735034.012767
-727199.394574
-735728.48419
-720432.748506
-719059.120996
-742829.596567
-737529.860557
-702721.045333
-737872.758173
-714982.771512
-735780.109205
-729756.895438
-720400.993751
-723901.546404
-730579.879523
-709960.316025
-734760.885189
-729053.606397
-708917.823304
-716070.55904
-725804.561118
-717036.597398
-727704.492079
-733710.213362
-735765.779419
-746771.457544
-691255.09733
-696929.050107
-721072.180705
-738483.456953
-713370.016805
-728019.854541
-728530.282233
-726203.185494
-700253.078197
-720703.589111
-684159.261211
-757806.591065
-739158.874925
-699056.67085
-728560.746747
-706284.257941
-737221.798216
-747606.778946
-738768.898875
-715433.354583
-725821.752017
-730078.209816
-734021.176098
-745594.223773
-717735.530938
-710370.649341
-698351.740169
-740862.866971
-715030.185679
-733492.595962
-703623.16212
-727101.032549
-733753.004855
-713781.117322
-718869.942576
-742082.444946
-720649.24899
-720460.057793
-736816.822567
-698229.155314
-712837.927708
-742766.805796
-712364.488237
-754395.831154
-746110.66307
-744809.31721
-723005.747339
-711463.201222
-738399.876102
-727954.938164
-744695.594274
-708820.16968
-719308.48712
-740587.57884
-731474.521648
-713322.890914
-754632.649118
-700367.202028
-724591.651232
-720591.034036
-698716.426871
-734696.120213
-730519.137827
-727606.5467
-723455.160422
-738106.112373
-724751.884661
-725656.406201
-711436.82823
-748165.183524
-734561.047219
-705285.304139
-727848.513063
-741579.72812
-752188.727615
-706443.18105
-731589.191292
-714695.671817
-746222.017564
-757935.802436
-703093.713495
-721413.227946
-718283.709908
-721484.222212
-745626.799308
-745161.952401
-744645.827742
-747066.572293
-713893.105829
-728104.9649
-743176.0442
-742881.387961
-712905.834513
-726549.365685
-701169.808579
-734579.650972
-726218.820337
-725770.398705
-726843.923054
-716570.143974
-704862.042739
-752561.340374
-738705.078107
-715806.767203
-712107.449017
-704723.69082
-723891.909383
-709908.925375
-703078.792567
-701325.704422
-725691.842672
-727569.778388
-723063.591032
-709131.41522
-696472.11149
-743010.988141
-729619.897043
-702861.88679
-734357.037232
-736740.926077
-730022.252211
-724362.572505
-731975.914522
-741240.15185
-722691.516789
-724704.272993
-730281.388211
-729528.89795
-691079.104881
-738268.923445
-751333.262268
-750877.502407
-716916.41619
-728528.901565
-716938.792986
-719193.562937
-718169.318811
-747082.13852
-751357.402701
-723753.270376
-699261.564926
-694222.102972
-724861.58313
-734578.031224
-721098.003299
-741484.079755
-741781.015721
-736629.832299
-737119.82725
-734531.698024
-724700.768761
-715602.114286
-709889.195405
-760189.180139
-692265.067886
-707248.38613
-734997.915245
-732066.858661
-726928.134577
-731415.839748
-721323.243831
-714792.59965
-718926.364431
-741967.106304
-720067.639756
-730637.953903
-743910.939114
-734687.714741
-698434.787137
-735649.87759
-699724.409992
-743369.377952
-695667.262816
-734355.953563
-732564.177325
-735898.741603
-733526.64877
-729585.612722
-739602.318665
-713492.744143
-719968.089919
-748482.342452
-756923.182481
-703290.278337
-737631.973244
-728923.573588
-741425.684526
-720786.569075
-760033.784354
-732231.873848
-736366.794592
-752063.975277
-720682.822988
-719189.835975
-737444.539497
-719444.469604
-721847.06822
-734543.278619
-733749.994614
-745580.99567
-716557.174745
-717995.727425
-731851.031922
-704757.967724
-692730.138321
-732310.87354
-738239.886394
-725423.992998
-720758.379078
-719116.397754
-713852.300773
-710966.474117
-720451.232882
-747288.483404
-716164.580552
-750402.398129
-738376.464445
-739942.881448
-725451.460333
-725595.596683
-741335.795524
-728339.625051
-709308.875253
-720471.365745
-700016.063613
-740122.677098
-740989.861973
-738489.189351
-698255.677656
-740127.755582
-709687.293074
-742521.861037
-722829.798096
-726204.933655
-721564.751791
-744248.187659
-732946.901344
-743157.630998
-708572.594809
-752135.964034
-746784.755974
-713427.35845
-720138.049421
-705093.348964
-670899.812636
-737281.694838
-725252.73273
-736209.654495
-732123.684472
-744826.240115
-715827.45721
-725850.971333
-712055.813054
-724439.779529
-740543.115671
-706349.845156
-739299.861734
