-986358.192476
-1033515.54179
-951642.324212
-963942.252861
-986672.952162
-938079.811701
-904376.960644
-1047797.50661
-1103770.15828
-924335.187135
-994483.954558
-1021038.94697
-993513.798719
-1009152.13306
-935112.072884
-977200.254896
-1064631.31316
-985761.836307
-1021417.6698
-999992.615398
-1233643.60935
-1111436.92237
-1285836.32381
-1214497.00202
-1133238.38732
-1096753.11607
-1158554.73266
-1154547.41164
-1181475.00749
-1168860.95607
-1189640.79252
-1185986.12905
-1270626.66163
-1239173.16613
-1179479.47961
-1211616.46994
-1266630.93318
-1225842.81709
-1225804.06074
-1118687.22118
-1264394.18314
-1216115.83997
-1270415.00903
-1261942.61128
-1302100.76169
-1251327.01632
-1235227.22434
-1270320.1966
-1275661.08961
-1181714.81377
-1282441.64654
-1246719.92239
-1284339.85462
-1247975.45498
-1291321.39152
-1316983.66712
-1258268.24534
-1264398.24658
-1299389.72447
-1293980.02011
-1291715.53283
-1238206.52909
-1287388.40313
-1314700.67148
-1281076.9897
-1282393.19726
-1267871.27861
-1305372.4601
-1282753.70742
-1308133.07963
-1268859.61272
-1245680.05742
-1293435.26012
-1288259.36753
-1277097.77121
-1297859.15354
-1282104.42424
-1307448.86745
-1285612.20076
-1294899.60861
-1302638.6623
-1280445.8591
-1290128.67143
-1282489.08893
-1307653.18158
-1300857.4995
-1257049.31395
-1282344.76379
-1266799.63228
-1279113.52985
-1295217.17087
-1250316.06449
-1277395.08851
-1295590.58517
-1225244.34019
-1297977.48112
-1303781.14243
-1284508.58919
-1296568.34694
-1291040.06725
-1288033.00942
-1291134.96279
-1302796.27962
-1283747.13032
-1277656.28309
-1301498.00013
-1258678.30489
-1320247.12271
-1307610.2067
-1312529.52182
-1289984.57522
-1297957.92149
-1321528.56064
-1298917.27199
-1215709.59801
-1335194.69184
-1249536.41848
-1287820.10029
-1261894.0649
-1306739.50172
-1257710.7607
-1287093.49465
-1317411.70321
-1283935.05638
-1259372.622
-1244358.11008
-1253595.6693
-1255555.68346
-1309681.14966
-1284350.83619
-1276076.18106
-1302166.06159
-1262695.71388
-1279126.37632
-1288305.66774
-1283018.515
-1265532.58212
-1276628.99286
-1290487.43043
-1261866.90904
-1265244.85301
-1265920.60976
-1315644.82775
-1297544.805
-1302207.14762
-1299134.01476
-1270654.5061
-1284796.27572
-1282050.68279
-1317927.96229
-1227158.99285
-1275153.6303
-1320704.21512
-1303146.91671
-1270033.00202
-1304951.78675
-1270158.52799
-1253495.71257
-1299642.33629
-1262173.38328
-1263458.15182
-1289356.32662
-1304080.55107
-1290783.40885
-1288010.45505
-1280705.41676
-1289142.16384
-1299035.00487
-1295468.8888
-1312789.32609
-1254153.79189
-1278990.00826
-1294601.05665
-1302235.49697
-1258570.18683
-1302491.36849
-1309158.6619
-1282885.76484
-1266888.32168
-1294125.80503
-1254361.21385
-1247574.0526
-1307265.24182
-1300325.08372
-1229987.74061
-1290365.72862
-1306917.00257
-1280613.67803
-1278235.86563
-1306839.25388
-1278940.27487
-1306763.53764
-1325180.92855
-1276485.95468
-1260912.4811
-1304815.02788
-1298341.76365
-1253966.49798
-1298184.12598
-1328191.7789
-1271734.69356
-1218754.77399
-1299777.4377
-1297656.4281
-1281350.56975
-1313277.34693
-1298771.42194
-1283417.4645
-1289381.25723
-1272879.40177
-1238996.3891
-1294195.44463
-1249599.562
-1281474.25336
-1266426.41473
-1292542.40137
-1227738.13588
-1242514.74801
-1284627.63222
-1273211.12974
-1273797.01198
-1258644.76961
-1282225.31449
-1276104.86519
-1261898.20848
-1311627.90892
-1326623.5712
-1298281.69759
-1267091.22863
-1299066.58669
-1288024.32392
-1299589.78541
-1262426.60967
-1301129.69282
-1292815.4245
-1287470.34523
-1259810.15247
-1239296.84135
-1285104.31057
-1282068.54339
-1264205.71974
-1267618.31084
-1280414.76164
-1264370.2688
-1260821.08016
-1271189.42911
-1265810.5453
-1304709.66402
-1276127.43205
-1284140.55563
-1316237.29257
-1312233.96412
-1271054.19389
-1292172.9133
-1267237.08332
-1298236.76891
-1278743.58093
-1271450.71011
-1294444.6918
-1246098.53668
-1240783.29144
-1308628.0381
-1283780.30144
-1257197.23993
-1275299.62688
-1298968.00143
-1292926.38768
-1253612.92023
-1319960.45775
-1302912.77022
-1303224.3875
-1286034.43652
-1299655.54022
-1276085.38524
-1297135.12383
-1289833.61556
-1273505.49089
-1264109.71787
-1302864.82245
-1274111.37382
-1252393.97299
-1288201.05009
-1280224.99549
-1276691.49273
-1265162.53677
-1329959.57852
-1273728.48712
-1274309.26015
-1271275.90184
-1270919.02959
-1282092.52649
-1317928.94636
-1276623.9208
-1260694.79114
-1297419.17055
-1296759.71049
-1300858.96711
-1259463.97337
-1260031.84288
-1270054.78991
-1276366.98943
-1322522.17136
-1321753.24251
-1258490.97213
-1231864.01671
-1248790.44689
-1249612.98419
-1280623.44864
-1305507.53801
-1270571.20664
-1299042.72308
-1275740.17724
-1253795.00622
-1206353.15068
-1310459.6484
-1291584.36976
-1275020.90439
-1267935.16262
-1294497.46695
-1260573.87797
-1266871.36172
-1307566.90941
-1292048.42286
-1290620.92877
-1268238.39761
-1260182.82107
-1282075.46611
-1315240.99595
-1283951.50858
-1266037.11335
-1261129.55681
-1308123.93062
-1307889.92294
-1267769.95059
-1288534.53688
-1300831.08808
-1262343.14347
-1272073.36765
-1260618.08216
-1303465.62362
-1254009.134
-1275304.01935
-1295270.15062
-1312802.85405
-1284781.548
-1291641.34882
-1301793.24763
-1318939.08381
-1307975.03466
-1271326.8148
-1268002.76276
-1273911.78371
-1265973.62466
-1287896.11089
-1249886.5485
-1293890.23461
-1261871.08852
-1286388.73087
-1257778.06422
-1284631.83821
-1299010.70826
-1277209.28308
-1281600.63695
-1305084.98735
-1249382.00236
-1294426.50604
-1262215.60379
-1252939.67044
-1295960.11059
-1282977.86906
-1280278.97883
-1271520.15561
-1261061.96838
-1320343.87765
-1289184.78836
-1263518.39423
-1259734.31644
-1254499.65975
-1287467.94201
-1276440.60191
-1283932.94019
-1284308.99889
-1265654.08789
-1261320.84193
-1271883.6207
-1273108.01921
-1303324.15457
-1287577.48805
-1255858.44485
-1296417.19539
-1293011.23952
-1300058.83416
-1276200.81869
-1316734.84697
-1280833.71676
-1288269.29754
-1307433.30198
-1286667.91512
-1308734.00803
-1234124.20968
-1300197.91973
-1292000.21055
-1289611.03983
-1280358.98579
-1250999.36063
-1286284.61019
-1289403.83781
-1300223.97747
-1286885.02929
-1300374.11605
-1296214.56197
-1299404.75137
-1283427.61217
-1288476.79827
-1302263.13437
-1271396.2395
-1326040.46195
-1278456.68616
-1291056.42051
-1281005.50772
-1285679.31597
-1286567.3151
-1293136.90984
-1291885.22842
-1249305.85532
-1269402.65103
-1301073.1263
-1270734.93815
-1291415.72134
-1286625.29835
-1307709.11604
-1266265.65653
-1261830.98802
-1295873.43108
-1292054.6472
-1284835.55016
-1270718.17616
-1298259.62512
-1280149.97799
-1331590.29167
-1225026.21702
-1275668.37165
-1264776.81008
-1302582.34258
-1300179.28628
-1296612.49621
-1245318.6148
-1244864.16467
-1272272.95064
-1295072.36019
-1239597.11965
-1297401.20847
-1280169.72147
-1222379.63638
-1275320.49403
-1307139.39123
-1274584.64036
-1242929.99385
-1278051.63408
-1306272.5156
-1263104.8914
-1271766.23496
-1294512.93545
-1313517.55401
-1287305.43864
-1268715.56477
-1299639.83149
-1307803.62278
-1255240.62955
-1289117.58902
-1314964.62211
-1292968.04465
-1273750.3906
-1281727.86172
-1325824.19662
-1271303.20211
-1298443.25178
-1313198.79428
-1284699.26827
-1283563.57762
-1288532.41781
-1295959.17662
-1272654.40739
-1281620.34779
-1277539.73514
-1273152.69954
-1285229.33231
-1290722.60129
-1287493.69713
-1266043.11867
-1280409.59442
-1269242.03505
-1301659.83057
-1296590.92028
-1299426.7457
-1291955.11382
-1277274.65977
-1313178.85878
-1300172.87961
-1275834.28715
-1264481.52327
-1277778.52012
-1249466.91063
-1266369.08552
-1231473.69374
-1310417.69117
-1277071.78005
-1269643.01974
-1287338.32289
-1301925.91181
-1261127.08126
-1290117.58938
-1285923.27098
-1258537.60743
-1314430.81041
-1326884.29596
-1306253.52765
-1264428.45968
-1299205.85283
-1287728.41316
-1288109.96884
-1313780.21277
-1294612.21585
-1255576.42236
-1258051.51987
-1306507.34353
-1302821.01318
-1292185.16899
-1308163.22239
-1314561.83594
-1301040.48247
-1310783.60051
-1269462.02949
-1272459.92917
-1271248.52233
-1298634.09881
-1304845.50569
-1290336.29053
-1263267.8095
-1282357.05933
-1274113.82702
-1300913.86343
-1256569.05742
-1316294.15506
-1293682.75713
-1282682.57269
-1261680.946
-1294417.67815
-1297704.2958
-1291367.26729
-1301510.89883
-1306818.89758
-1288588.15045
-1276922.96107
-1329631.61771
-1310298.65844
-1291655.05874
-1301781.04263
-1297235.11469
-1289166.59543
-1286119.32043
-1287854.23058
-1313383.4421
-1295367.87584
-1263647.05421
-1273221.13821
-1290698.90067
-1258068.30639
-1298734.34581
-1303004.39198
-1260369.31038
-1304007.8131
-1305581.30697
-1274623.34709
-1313907.60324
-1285121.72277
-1287217.58719
-1255688.77494
-1289031.58178
-1295957.82751
-1278485.58508
-1301326.50628
-1265371.04092
-1260526.71759
-1273888.87226
-1274169.03527
-1277360.87114
-1219494.7758
-1290961.39373
-1292028.95259
-1293718.53934
-1294543.54722
-1307323.99392
-1264286.07614
-1300933.89084
-1332243.22589
-1301697.77374
-1271874.53084
-1283881.09323
-1304454.8562
-1254536.10732
-1292107.85586
-1274880.87387
-1290887.31225
-1303657.68555
-1279119.74873
-1284400.42803
-1241303.86517
-1259417.7065
-1282086.34582
-1241380.12833
-1297970.66265
-1293482.61229
-1279992.10274
-1270082.47013
-1286889.64357
-1278524.98908
-1275261.81395
-1282390.72894
-1273726.26913
-1274475.97453
-1272182.47073
-1281477.59574
-1299852.27831
-1285332.25992
-1284162.11359
-1314348.00198
-1273617.08086
-1284828.1864
-1296769.51032
-1281249.27776
-1281437.48587
-1278985.67726
-1284570.99355
-1281953.38007
-1279919.29599
-1273469.40523
-1283678.52581
-1267619.92916
-1248865.00265
-1318879.56908
-1272569.61967
-1283746.49317
-1282068.46193
-1251548.27382
-1317461.60706
-1272367.41224
-1279116.6949
-1309165.24287
-1293024.96402
-1281217.94427
-1284138.40756
-1291548.47018
-1269857.50885
-1269405.00425
-1326505.92469
-1292630.42358
-1323190.6514
-1271874.6099
-1328872.48244
-1288248.21479
-1301100.19453
-1288817.82204
-1270535.02768
-1309443.51566
-1310390.11075
-1327798.72217
-1283372.14947
-1311590.07094
-1256687.36156
-1287204.38676
-1291476.15013
-1268760.78632
-1304304.40023
-1306508.71682
-1307016.40347
-1274920.42515
-1236144.05787
-1250968.95004
-1262641.94122
-1204962.14699
-1281015.35803
-1313746.36337
-1312600.38822
-1281260.92983
-1268616.80646
-1297809.7698
-1292683.40407
-1294770.47011
-1308220.31984
-1259845.65069
-1283905.51005
-1284570.86437
-1291956.30772
-1296956.64006
-1275213.79341
-1284269.82219
-1199684.2944
-1292494.80819
-1267952.30044
-1274947.04201
-1310947.79588
-1293599.57401
-1256074.41004
-1271154.32697
-1296879.26882
-1284746.72122
-1304670.4742
-1307549.34213
-1278039.06409
-1278249.62317
-1262649.41122
-1224507.2378
-1271818.04673
-1278315.12217
-1296222.34233
-1310048.34788
-1255533.66109
-1305718.67761
-1287762.83402
-1305684.10359
-1274310.53206
-1306067.06962
-1308656.80525
-1296626.15492
-1283382.97744
-1306093.33579
-1311374.50086
-1277975.56446
-1277967.8281
-1275491.59952
-1277858.52156
-1329553.35384
-1299481.14049
-1303710.22455
-1265625.05591
-1282484.36586
-1265859.48509
-1294010.83323
-1274971.64394
-1306929.60461
-1295731.26453
-1302072.44927
-1294133.89087
-1313921.73877
-1305455.24441
-1249097.2311
-1271523.13881
-1278666.98144
-1285365.51712
-1284872.08835
-1283484.9667
-1315479.05095
-1303956.56259
-1227883.74024
-1277627.99933
-1284531.41946
-1243673.42854
-1330329.78227
-1291852.20933
-1268705.49518
-1290702.77332
-1327479.95069
-1323546.88113
-1253694.2112
-1287723.63864
-1295081.65081
-1284037.18294
-1310887.25216
-1273638.80953
-1257035.16263
-1291968.74563
-1281122.97495
-1275894.08983
-1306029.18979
-1298289.7431
-1312536.20104
-1295248.4933
-1300860.62832
-1274566.82748
-1286568.04966
-1305581.58582
-1264089.55506
-1309665.1393
-1279703.04739
-1285464.61884
-1269687.72799
-1287851.45229
-1288098.27198
-1290199.94198
-1222679.56536
-1301126.2152
-1294273.19284
-1273343.17147
-1252806.24202
-1273613.10513
-1296514.34003
-1241786.23693
-1272657.41368
-1262317.60691
-1316012.33628
-1298365.14105
-1319780.4646
-1276839.82739
-1312320.34355
-1300403.98653
-1285124.77555
-1297424.07427
-1283032.72715
-1302376.67354
-1300529.11638
-1270997.79544
-1292827.56599
-1259412.64748
-1291950.97399
-1297474.54647
-1283421.90742
-1277887.42144
-1287874.25189
-1266262.72859
-1289082.46611
-1309633.8015
-1291030.3093
-1301837.73793
-1278343.66966
-1316096.6469
-1293497.79145
-1258361.0488
-1306457.9247
-1277135.81969
-1288288.1771
-1266142.94354
-1288400.48527
-1244430.7474
-1298755.96538
-1302032.22163
-1288320.3124
-1283789.42993
-1281426.6972
-1321829.09059
-1280497.09348
-1280630.70881
-1259333.41304
-1301886.31679
-1286421.90399
-1268973.2299
-1269426.56243
-1288258.85837
-1314200.59606
-1280015.50087
-1267620.16775
-1304979.95883
-1274346.92714
-1289071.09556
-1302431.68489
-1261916.63819
-1274885.27504
-1301345.2949
-1297529.06547
-1313571.25639
-1264499.6569
-1239963.69407
-1291773.88104
-1275991.33275
-1257265.51209
-1320515.14096
-1282939.45917
-1317041.67778
-1282356.81206
-1303674.94334
-1289207.25826
-1265572.35964
-1280201.65554
-1284479.66346
-1274976.3327
-1286883.44106
-1331112.51917
-1288639.02871
-1285354.97891
-1289590.76608
-1289302.412
-1314017.76179
-1284311.59278
-1278602.37818
-1283088.96712
-1313179.39715
-1289570.65357
-1294809.68443
-1253407.54
-1274925.04324
-1275637.92841
-1291011.5212
-1299588.84669
-1286296.83812
-1295633.93191
-1304016.65957
-1299452.5937
-1276552.6683
-1287943.35413
-1329891.12606
-1265898.96411
-1280974.08312
-1271514.12315
-1292156.44544
-1271830.26248
-1273832.63331
-1245730.35346
-1277137.00593
-1286029.23647
-1291077.41373
-1283917.10638
-1271459.65206
-1297574.28055
-1309671.02278
-1286707.54705
-1298915.28145
-1297453.57285
-1268739.36177
-1277846.76996
-1262708.53919
-1305789.57045
-1302457.2782
-1254407.52822
-1283090.10929
-1280666.02878
-1284746.39117
-1257061.88047
-1277135.46181
-1294505.60851
-1263764.64644
-1280431.63224
-1269223.51158
-1262770.64591
-1266046.56459
-1264120.91593
-1277812.6339
-1258389.64579
-1280457.18943
-1248524.2969
-1289799.71513
-1282751.11875
-1288925.54864
-1293514.76502
-1264895.25228
-1301286.19904
-1284030.97072
-1274584.18073
-1247916.60711
-1262237.31665
-1280960.7027
-1261163.47492
-1270827.16471
-1281315.79074
-1263393.53077
-1258472.2216
-1314337.80788
-1274847.70255
-1300663.88145
-1281364.00864
-1268294.61933
-1256531.54773
-1319140.86582
-1305401.09258
-1261069.60165
-1290071.45521
-1291180.56484
-1248320.1832
-1309123.03724
-1297813.57386
-1293499.74597
-1298539.41498
-1301017.08265
-1258396.59217
-1324418.16493
-1283113.38072
-1276111.7013
-1277617.02559
-1297666.97245
-1266725.20756
-1283025.83568
-1284458.76828
-1294757.2319
-1299599.6803
-1306720.83685
-1314615.31437
-1325392.223
-1226767.51472
-1278437.30755
-1307455.57949
-1269999.13843
-1275411.06757
-1293772.38408
-1314020.5088
-1296882.99272
-1279730.9765
-1299288.17753
-1311273.44821
-1265034.84674
-1264669.30801
-1292857.15935
-1298640.5194
-1280632.97335
-1275683.27591
-1284756.09094
-1286765.05309
-1286151.98107
-1266268.60045
-1275194.73996
-1313549.32005
-1309790.88228
-1269421.75646
-1291114.28988
-1292255.34739
-1283628.35101
-1287021.37592
-1297210.73562
-1315523.58803
-1310284.36526
-1232670.52743
-1318353.06732
-1290753.48362
-1298779.44502
-1290185.62299
-1285571.73068
-1281584.95505
-1279197.196
-1262185.30257
-1240487.34596
-1277888.94914
-1297326.02927
-1249029.11737
-1284907.70139
-1260239.65164
-1279545.03144
-1307624.47867
-1281047.61463
-1275529.89009
-1270659.82668
-1307804.38622
-1305980.76263
-1283432.21187
-1296832.33965
-1281000.93885
-1262748.1749
-1268257.54103
-1289715.25632
-1291388.68457
-1254805.6319
-1239073.85875
-1262801.80123
-1252953.3147
-1274701.17164
-1310427.44957
-1307598.84276
-1298320.58975
-1303180.83238
-1295566.91037
-1297009.71416
-1310754.37093
-1290454.61209
-1301059.85231
-1308136.1809
-1287361.11341
-1294798.8127
-1310444.3153
-1303709.82549
-1248005.10355
-1322736.35843
-1285904.1868
-1298595.69219
-1260922.12554
-1292991.07434
-1297835.93114
-1280336.91807
-1268240.32869
-1296778.45013
-1280014.40652
-1266526.4434
-1277115.52759
-1274012.99771
-1295028.31039
-1291866.29517
-1274582.49094
-1259439.47814
-1275660.07083
-1283249.36284
-1282184.92931
-1290751.25205
-1277229.66017
-1307164.00999
-1254178.66745
-1295994.63644
-1293220.10801
-1306291.96266
-1265227.85219
-1304247.81737
-1297368.33039
-1251580.20757
-1257403.55111
-1272838.73011
-1276883.04695
-1269267.6702
-1284870.22097
-1275975.17978
-1288550.40662
-1281430.80111
-1277506.52808
-1285840.11241
-1291009.88919
-1300314.24821
-1266406.9344
-1284655.10053
-1285491.71105
-1296443.65182
-1259929.69217
-1306809.2073
-1306714.10353
-1289009.42734
-1312150.69081
-1290940.70702
-1286539.45278
-1271324.22467
-1325847.46748
-1279076.42915
-1264489.16788
-1296209.02599
-1286875.19696
-1289062.46657
-1268642.6889
-1297907.01958
-1253943.23345
-1255193.21514
-1284077.43444
-1279634.50628
-1296150.34843
-1281856.15105
-1318834.95898
-1295323.63281
-1284771.83085
-1269888.31569
-1280614.59026
-1293990.11037
-1310356.56388
-1293102.69283
-1289097.2263
-1286063.09515
-1280974.06261
-1265476.70843
-1290842.53741
-1289342.50731
-1291409.38279
-1295856.85298
-1298028.61286
-1332133.83871
-1266343.03215
-1295400.72935
-1292540.44471
-1256591.20852
-1296420.35437
-1302001.71031
-1301663.25288
-1302825.48991
-1262154.84186
-1253707.69292
-1289663.26951
-1295580.50093
-1262621.77628
-1287726.67692
-1228121.05168
-1310656.19988
-1230880.47476
-1289360.27147
-1303077.21399
-1291798.18847
-1274538.13648
-1318017.41507
-1296721.38113
-1235798.03026
-1311569.17586
-1299311.39455
-1256858.26237
-1312927.14305
-1300707.93492
-1301624.0481
-1286112.21929
-1282299.20436
-1276814.60943
-1279457.50855
-1287574.53309
-1321768.59403
-1290781.74477
-1284822.21984
-1297033.80074
-1278507.56831
-1288881.33416
-1293671.38458
-1267069.64223
-1277212.29851
-1285429.1188
-1264646.587
-1309775.13078
-1287468.31548
-1273181.03787
-1233439.8391
-1270678.65126
-1308634.30122
-1264317.16929
-1306653.83481
-1278478.51745
-1279578.60643
-1236293.40228
-1285744.38062
-1340527.91975
-1300671.15177
-1310931.32166
-1288973.68682
-1280663.5205
-1267865.52807
-1273749.56912
-1301625.07983
-1255307.81274
-1303024.61265
-1321742.88678
-1323094.2372
-1255519.65081
-1283606.61136
-1248351.35227
-1279814.89045
-1327755.43117
-1289870.58798
-1283411.81746
-1289302.22098
-1310205.52938
-1276667.97095
-1293571.94947
-1313536.37278
-1270184.6839
-1281193.68764
-1293308.24177
-1257154.75064
-1262102.4373
-1312105.49848
-1314498.33793
-1278283.77706
-1252041.78914
-1308320.02782
-1276117.94716
-1307055.10101
-1288716.87688
-1293356.8662
-1260892.04375
-1266046.92047
-1285283.52666
-1286155.42157
-1278734.87605
-1267662.94626
-1285085.92991
-1298952.41398
-1304871.15878
-1288907.99474
-1225700.73302
-1301940.63667
-1272296.16812
-1301582.24463
-1304731.42096
-1281807.33534
-1266674.25097
-1279153.42251
-1280199.56982
-1237666.37176
-1276979.84014
-1295269.98139
-1331247.70342
-1297877.08646
-1275435.43779
-1292350.34061
-1286145.36482
-1292373.4807
-1305102.90568
-1257318.59914
-1254561.83142
-1313645.49556
-1281491.40287
-1282743.48793
-1281237.933
-1290689.9136
-1268481.82537
-1319889.27029
-1285900.60194
-1245320.78127
-1291835.31776
-1274964.66906
-1307430.9419
-1243232.57323
-1243710.47871
-1284999.84119
-1230800.23607
-1296583.39628
-1304000.34928
-1264437.76938
-1240430.15859
-1277085.14404
-1280405.13601
-1287042.75655
-1296347.15926
-1274942.40724
-1274587.42788
-1264160.33408
-1284085.82377
-1298289.74999
-1301935.12296
-1262630.45977
-1325886.77971
-1278274.04723
-1264392.66903
-1269069.91383
-1304574.49795
-1260999.48965
-1285638.16024
-1298853.34479
-1237797.45459
-1284293.39008
-1289991.49549
-1278957.11164
-1296767.36479
-1254207.21391
-1252973.58958
-1289957.95733
-1320713.41554
-1280165.60879
-1270752.35695
-1274035.8224
-1273762.86436
-1284899.788
-1275564.48121
-1290335.80832
-1280723.86659
-1286564.54561
-1239551.43491
-1287885.60012
-1284143.66341
-1289301.81406
-1283269.92298
-1283048.25837
-1254375.53822
-1252467.00657
-1271162.52482
-1280617.13965
-1279627.77555
-1261174.66639
-1223113.83512
-1302637.9579
-1308385.4669
-1313033.10241
-1241173.50468
-1296282.64049
-1292817.9057
-1281730.96056
-1302629.69468
-1258798.31994
-1304950.44106
-1286536.21422
-1303190.77534
-1300329.27195
-1247230.26605
-1273140.3329
-1261002.41438
-1303777.40985
-1304244.06193
-1300624.20356
-1246423.41265
-1252204.32383
-1323576.36063
-1305694.88885
-1263000.35159
-1309789.38225
-1247293.58467
-1295006.40256
-1243719.83646
-1269208.47613
-1272034.37347
-1272926.35285
-1272498.03082
-1307141.63311
-1300872.74904
-1312939.03027
-1262576.78333
-1300308.05555
-1302701.39475
-1254959.76719
-1252309.88206
-1258925.83074
-1295719.09541
-1300887.40245
-1293041.93369
-1295281.83746
-1277076.34364
-1268148.11476
-1261503.56446
-1331288.30995
-1250835.29085
-1301371.08979
-1281591.91765
-1275094.20432
-1283067.58385
-1293015.77802
-1300281.6906
-1283677.83551
-1309270.84876
-1249503.52625
-1240572.45691
-1289700.68288
-1277783.9474
-1314319.6751
-1270846.50432
-1260134.5161
-1258481.03853
-1267515.52945
-1265077.72297
-1311626.96072
-1256257.96537
-1302470.33258
-1234845.19585
-1293362.43453
-1270135.55217
-1278829.64244
-1306245.40049
-1280030.32654
-1291300.95805
-1295466.79308
-1257449.77774
-1243647.66638
-1289482.39267
-1284031.97324
-1265089.56799
-1331645.6888
-1278913.86035
-1267299.81011
-1283867.81255
-1265151.63289
-1255098.6565
-1293616.0691
-1304816.40758
-1285008.44797
-1275087.92635
-1294171.07978
-1317138.85328
-1315966.90091
-1291118.75426
-1271711.36441
-1258408.91762
-1275122.2692
-1300013.18774
-1301313.76248
-1294709.73089
-1266635.21585
-1316212.70041
-1246271.98309
-1274416.9652
-1326816.46168
-1271151.21277
-1283878.94317
-1260056.47775
-1281230.82961
-1232944.0546
-1248843.48747
-1276175.86391
-1256188.48585
-1268513.50691
-1334201.27657
-1238272.85485
-1264021.08112
-1298127.28021
-1305911.77403
-1305829.96143
-1287349.49936
-1280581.97618
-1280045.05127
-1299489.60791
-1303985.12319
-1240809.4815
-1297224.28825
-1272607.32502
-1278649.81458
-1311029.78945
-1307623.36305
-1286333.11191
-1311858.06724
-1291643.50652
-1279365.56957
-1297945.84196
-1313500.74401
-1310209.91914
-1275412.4545
-1297255.49509
-1267272.92381
-1266233.20841
-1279722.37161
-1274135.65739
-1240679.71895
-1260054.32842
-1285985.92044
-1284092.08882
-1283065.70438
-1249009.88689
-1282681.00508
-1263689.12898
-1296981.7952
-1293638.33566
-1286469.9609
-1288084.58366
-1240642.97067
-1295967.909
-1303590.14574
-1292502.66367
-1291294.01899
-1277222.07879
-1275629.86647
-1267200.80097
-1272826.40106
-1296339.87326
-1293032.90751
-1278494.13179
-1294831.87782
-1251351.17975
-1295932.4663
-1292784.45654
-1302226.92413
-1309852.65641
-1298445.68803
-1268709.5326
-1252641.68667
-1317100.83231
-1295446.40298
-1258766.36911
-1291140.68757
-1297327.03473
-1270502.44727
-1276675.99198
-1256299.53839
-1263989.28723
-1259189.51013
-1268785.91222
-1241791.70003
-1268246.65401
-1221771.31623
-1256186.41086
-1284876.60593
-1275926.3353
-1264386.29828
-1274793.24042
-1321417.62609
-1308451.20796
-1289626.33559
-1281779.38705
-1299021.20419
-1272244.74073
-1309173.36008
-1328724.27173
-1270308.05426
-1263881.00738
-1253064.24965
-1294606.57802
-1264915.29246
-1281849.15866
-1242502.5243
-1283675.96714
-1276100.45504
-1281505.71084
-1257919.86658
-1290686.62915
-1265249.53304
-1294819.35809
-1291081.58876
-1270691.05407
-1286140.03306
-1261424.50254
-1263359.30446
-1291098.38557
-1296523.78861
-1272799.34805
-1268772.48593
-1284089.98247
-1333323.66575
-1272024.61621
-1267555.56256
-1259066.95767
-1306884.82646
-1281998.54831
-1286869.64942
-1272971.61507
-1272655.13958
-1305878.19699
-1300270.04241
-1292581.86924
-1276630.42691
-1286800.72136
-1224037.03452
-1292008.65377
-1246523.41313
-1247053.66102
-1261949.71296
-1290447.81478
-1265402.49702
-1243911.14122
-1295062.43655
-1256369.82085
-1294901.7985
-1267939.51304
-1297058.15208
-1301619.32704
-1263641.50534
-1298851.71903
-1252938.70542
-1282895.04571
-1292760.29461
-1299424.21485
-1313835.39281
-1310572.29412
-1292651.41261
-1274334.09184
-1289532.44714
-1282767.73836
-1285311.27598
-1262892.32599
-1270853.95936
-1231536.83963
-1312493.35955
-1264720.56165
-1265190.00095
-1306436.07262
-1258392.6446
-1296032.93143
-1298944.69982
-1299057.61494
-1295272.08495
-1289585.25002
-1243566.99796
-1261733.70643
-1308277.92481
-1254824.87335
-1263026.23997
-1307065.59409
-1256256.9174
-1294942.59496
-1293901.96064
-1283865.24807
-1307914.1781
-1293884.34768
-1302203.87915
-1289679.13924
-1225220.91849
-1273056.13112
-1297285.02911
-1268059.89319
-1282558.73941
-1268201.92662
-1272410.12584
-1267241.61944
-1296150.21264
-1289713.29183
-1278037.8149
-1286183.19357
-1247577.19007
-1290303.419
-1272577.19399
-1268812.77578
-1253876.33136
-1256267.67287
-1285230.56566
-1263500.40882
-1274751.19193
-1303455.51963
-1241720.26739
-1307516.49714
-1285418.22871
-1270349.84516
-1247787.91801
-1278962.5676
-1266623.20976
-1290014.33248
-1279748.59723
-1280933.11223
-1273658.4606
-1303672.67955
-1271342.92962
-1315206.59471
-1295949.79883
-1269487.02708
-1268672.82005
-1226701.64334
-1287999.56522
-1297842.8471
-1261804.9935
-1262036.03282
-1287176.57945
-1285626.61065
-1243921.6639
-1257356.18891
-1279846.46773
-1295312.27172
-1264144.12877
-1308238.21295
-1274752.43392
-1307012.74921
-1286815.34243
-1278478.60313
-1260784.00569
-1314987.56291
-1264814.47174
-1254283.02095
-1289667.07034
-1270528.61552
-1246235.94126
-1253312.17344
-1290251.44561
-1297082.71252
-1245136.82013
-1274390.36825
-1292591.15802
-1301277.97938
-1263985.25294
-1296417.55666
-1249422.24408
-1286038.1537
-1245193.41163
-1284018.5161
-1290443.20369
-1273886.03333
-1272593.08316
-1233461.53158
-1279102.78436
-1314669.57188
-1257086.38241
-1308737.00033
-1306359.16909
-1257673.14013
-1270534.014
-1267091.25635
-1299759.22242
-1312003.27184
-1260276.80005
-1268174.3698
-1281995.3621
-1281195.34844
-1301945.48472
-1272305.51054
-1286092.21839
-1274761.32881
-1287549.88249
-1287311.9591
-1291036.88818
-1290786.12404
-1278401.7999
-1246895.42736
-1278465.26042
-1273441.35378
-1300063.75196
-1292738.13712
-1297853.49456
-1309127.87398
-1302151.29155
-1275700.67458
-1268535.40284
-1296192.39901
-1269348.38858
-1225591.89133
-1262747.25859
-1280091.49873
-1264827.56455
-1263928.36684
-1297087.65969
-1291274.39673
-1223244.75414
-1265982.45597
-1291846.03064
-1262426.86464
-1284220.92307
-1286300.83579
-1271105.14686
-1268616.58705
-1309037.90723
-1287770.8078
-1297886.03746
-1237018.45101
-1269466.98528
-1262195.85993
-1285970.66929
-1282472.50078
-1281984.70215
-1321625.35676
-1280381.20985
-1293720.28928
-1290783.79588
-1286367.8059
-1287702.67278
-1264435.32277
-1298483.93949
-1287570.78906
-1296906.15654
-1254675.37499
-1294527.48683
-1294508.46146
-1268695.23778
-1283139.82289
-1254790.57615
-1300873.85354
-1307239.32599
-1288580.91496
-1297563.82464
-1282624.77447
-1296629.05764
-1296906.22329
-1295425.75206
-1266294.03025
-1292517.90056
-1301250.83792
-1239653.24474
-1286062.7023
-1291733.77806
-1260114.89103
-1294470.34095
-1296957.00553
-1298968.52337
-1303735.80039
-1296147.91846
-1237100.59735
-1246663.88084
-1265420.68751
-1289599.80778
-1267087.85217
-1254442.41987
-1285570.06728
-1267043.09546
-1302570.72622
-1303499.6911
-1272077.24348
-1274968.82784
-1263650.23512
-1284538.9549
-1244339.53073
-1310227.33331
-1279312.93104
-1317556.38238
-1271649.2883
-1295750.24975
-1270354.36705
-1301553.42467
-1282388.50264
-1279020.37347
-1283404.62577
-1285800.33089
-1272224.81279
-1250977.85495
-1254780.18229
-1275490.83378
-1280709.02577
-1275020.74062
-1280319.65801
-1284545.71913
-1236575.02352
-1257851.84618
-1244888.72979
-1274071.09089
-1252088.3079
-1289156.80135
-1255260.81958
-1247699.40935
-1287547.4439
-1287518.02718
-1266572.98947
-1266979.47799
-1282472.74296
-1245606.3707
-1249059.12589
-1264362.07649
-1291808.34571
-1252903.46212
-1284100.89953
-1294624.47857
-1252099.67523
-1312573.45968
-1279397.43722
-1276833.42367
-1235262.68638
-1311722.49606
-1253330.23237
-1275394.61359
-1272383.513
-1273656.11721
-1254126.77273
-1271035.89231
-1282151.12005
-1257109.48825
-1271887.05449
-1293473.82742
-1238738.11985
-1252760.71616
-1252669.35969
-1318983.12577
-1253080.5584
-1296310.49114
-1267623.38909
-1268046.11205
-1291956.48245
-1295394.52815
-1267343.23216
-1304770.58647
-1263625.79318
-1266476.03135
-1239123.88809
-1286716.28956
-1331851.70299
-1238751.3213
-1253589.06805
-1290856.91729
-1316621.2926
-1248706.51714
-1259756.98129
-1311269.53933
-1252359.77842
-1268410.19453
-1261004.24122
-1243571.25579
-1285784.60882
-1306124.13014
-1279122.7843
-1300381.26134
-1257450.80875
-1282745.17966
-1231929.79239
-1278349.56551
-1297555.82898
-1268547.67876
-1247729.53852
-1316546.61874
-1273325.38576
-1256816.23379
-1240789.31575
-1277490.62507
-1252629.22225
-1293636.61599
-1301595.9721
-1288124.99102
-1280625.70455
-1272001.99169
-1229860.28644
-1291083.33545
-1284831.55948
-1244528.50282
-1283300.08654
-1258772.01089
-1280082.06272
-1282818.17017
-1287409.25302
-1300294.9524
-1264149.78443
-1292885.29163
-1266200.18287
-1267868.26681
-1281702.51538
-1298357.30113
-1307126.46168
-1302730.27024
-1277636.95122
-1276904.46685
-1282298.1338
-1273538.35198
-1275949.01347
-1304160.12404
-1287666.83321
-1273744.88118
-1319071.35382
-1262951.73741
-1281729.11665
-1281767.78971
-1322248.56221
-1283585.11707
-1257048.76693
-1274367.35086
-1280492.74002
-1301172.41613
-1280791.65388
-1280332.5674
-1287921.36081
-1270075.57816
-1251551.20585
-1332181.45268
-1287916.76943
-1269242.94856
-1266784.2505
-1266621.03015
-1310697.72894
-1299917.52133
-1272454.07087
-1298956.8204
-1237991.74447
-1270827.65482
-1275975.63465
-1275577.31517
-1298442.87005
-1290841.77105
-1265796.44907
-1324341.35356
-1282290.46107
-1300147.72972
-1278503.2491
-1291108.19298
-1235895.37125
-1252009.06232
-1261556.26657
-1281732.21132
-1314169.43873
-1301629.41536
-1304872.76478
-1296981.4118
-1298797.27911
-1297679.54709
-1251350.74726
-1263120.14831
-1260239.83505
-1327884.39791
-1235616.73128
-1290678.81371
-1277550.86707
-1295417.61479
-1269952.14526
-1258519.42128
-1289848.2293
-1264547.43765
-1234817.12217
-1275585.13694
-1309263.63452
-1275265.68022
-1289651.86002
-1278057.30053
-1248807.30872
-1271905.93176
-1252146.77512
-1321648.63538
-1252237.76555
-1297314.36868
-1313734.4141
-1306492.28079
-1291551.32807
-1271105.94983
-1278260.61652
-1298944.41379
-1265531.13161
-1275424.98993
-1257255.63754
-1287608.12767
-1319334.55799
-1280485.3623
-1290298.60918
-1269572.60583
-1287630.20575
-1253271.2059
-1259588.79429
-1281781.06188
-1244155.68589
-1285126.26205
-1262358.4098
-1249855.4359
-1290361.63634
-1263420.04964
-1237103.86086
-1270881.87135
-1278394.21412
-1264567.98275
-1263229.54487
-1242186.06256
-1316905.64897
-1271339.34461
-1277530.09704
-1302878.49517
-1299234.15868
-1273608.94326
-1262404.57349
-1289076.64404
-1266487.40019
-1292383.60998
-1289766.21329
-1275649.09726
-1273108.97348
-1249693.46076
-1254816.98057
-1289402.09504
-1268495.11821
-1271623.70737
-1283851.70116
-1258460.61494
-1289039.18193
-1268728.80833
-1275111.89051
-1271822.59083
-1293666.91127
-1279878.86262
-1281283.37637
-1290399.48757
-1296553.51573
-1257895.51757
-1245913.98692
-1276138.36482
-1295007.88916
-1265899.61343
-1249311.22514
-1299277.16787
-1286904.31582
-1294731.60522
-1203869.86234
-1256818.66726
-1300023.5932
-1258382.29185
-1266894.35312
-1295048.05041
-1265141.75663
-1232059.57314
-1289800.16242
-1263400.55445
-1244950.30057
-1286414.19867
-1295959.62828
-1273362.78015
-1300179.77506
-1272708.68974
-1255025.99408
-1269563.58585
-1293373.2688
-1251444.72542
-1238740.27819
-1258536.94163
-1271342.27675
-1225718.48753
-1279265.26443
-1287079.00688
-1290508.16389
-1287070.04023
-1268788.57045
-1266505.35456
-1285834.91049
-1293755.95462
-1285074.84719
-1315170.38464
-1274670.41304
-1253681.94647
-1258595.10742
-1240709.43041
-1258834.51588
-1251140.62321
-1257883.82693
-1312037.04436
-1299027.27995
-1270673.18223
-1279977.21828
-1275690.27636
-1278641.67315
-1239856.8681
-1273019.48459
-1262370.56712
-1265516.69439
-1276661.9222
-1294470.26414
-1269975.98735
-1307766.50595
-1254755.33918
-1262999.28156
-1262600.60692
-1293682.26251
-1275056.80164
-1232641.28134
-1242674.90014
-1299632.89847
-1288744.09549
-1291989.04283
-1279388.55976
-1271578.0323
-1247783.82339
-1299664.11183
-1287003.14717
-1266037.39685
-1239897.87923
-1268240.08852
-1283736.98728
-1302965.97518
-1293080.39223
-1245102.61695
-1280764.21665
-1338506.18512
-1278776.0599
-1227491.55435
-1282344.58519
-1315834.66987
-1237739.9428
-1257463.94569
-1267201.2152
-1309675.29771
-1276752.53111
-1282361.63856
-1299413.48937
-1317340.2202
-1272505.95262
-1297343.43521
-1271675.24251
-1271358.07811
-1287559.14787
-1271891.22849
-1285182.48226
-1268487.41017
-1305763.06656
-1255938.07273
-1297771.65914
-1312809.20553
-1284332.3887
-1304464.20793
-1272517.80791
-1250990.3481
-1277413.39864
-1273802.11575
-1317481.94114
-1273766.48968
-1283196.65145
-1287799.51446
-1293327.93419
-1274782.74585
-1310684.81465
-1265798.87026
-1270254.53982
-1246039.58084
-1306048.52041
-1249912.25117
-1230093.24865
-1266649.05378
-1308205.76123
-1270151.07413
-1306371.29169
-1298689.86421
-1294895.1013
-1279881.91011
-1301246.64449
-1289302.2995
-1293666.40554
-1304529.49787
-1305048.24214
-1274498.71011
-1254320.88105
-1263327.32396
-1272378.65319
-1263562.2458
-1279339.04947
-1254506.60401
-1268211.3923
-1269060.45769
-1287221.24327
-1226715.11068
-1278565.48508
-1270914.10757
-1236358.34826
-1264183.20487
-1274108.25772
-1241453.08441
-1292789.35513
-1276218.72811
-1289988.0993
-1302756.73516
-1310152.08185
-1298406.66245
-1256436.26895
-1261702.95839
-1297076.33973
-1274297.51731
-1295583.92291
-1273232.01334
-1284948.69439
-1287141.40135
-1302128.2086
-1279518.76406
-1268154.42277
-1327758.2722
-1284650.10188
-1320494.43784
-1303040.01831
-1265898.40554
-1273787.73057
-1261185.43241
-1270542.56237
-1260714.83772
-1258467.19742
-1283146.47196
-1274616.48369
-1272887.92365
-1284476.63141
-1297664.97703
-1291028.47758
-1313971.44048
-1291945.68196
-1273371.41997
-1285114.98593
-1304425.41427
-1279274.88213
-1304138.07142
-1238374.14106
-1306437.42349
-1283794.7564
-1259526.73433
-1270991.90267
-1248799.34183
-1274607.07451
-1251234.34483
-1276235.3125
-1284370.52505
-1274374.14443
-1300758.11603
-1309602.62946
-1309016.66812
-1260865.31809
-1243219.98453
-1314682.51482
-1275933.85861
-1287276.82068
-1296500.00181
-1259774.97986
-1255950.76437
-1271855.13999
-1245618.02032
-1288519.70123
-1278963.67958
-1277253.15735
-1291962.31849
-1240763.99783
-1272149.66503
-1277809.11695
-1311390.07942
-1304481.78286
-1292718.38601
-1316220.67911
-1266718.48049
-1297437.75639
-1285600.13247
-1288549.07646
-1268086.52557
-1282218.81584
-1289786.63439
-1295346.69562
-1298756.44391
-1285686.63323
-1289709.99261
-1256082.07349
-1279771.13767
-1274974.87711
-1297812.3307
-1299929.47131
-1266932.98591
-1261929.45868
-1298565.73357
-1264770.21723
-1283755.38846
-1235514.79266
-1273014.05448
-1274792.15154
-1285694.93288
-1283567.76808
-1275092.11167
-1319783.06397
-1283976.17219
-1242362.93569
-1235669.21202
-1281514.02088
-1269257.97371
-1270882.69845
-1275617.98453
-1273723.38079
-1309347.97633
-1266201.83531
-1257528.17666
-1291716.02839
-1289718.42548
-1260990.66775
-1285191.23362
-1275890.70152
-1312585.65771
-1307416.72652
-1269781.99484
-1291711.82424
-1305145.01344
-1275119.07183
-1332125.88766
-1283362.04837
-1290457.98558
-1239451.34384
-1263004.129
-1261592.86555
-1296992.32682
-1287023.29171
-1274825.64149
-1261426.15715
-1266797.40765
-1290689.40295
-1277237.33415
-1278135.82506
-1312752.44963
-1283429.90031
-1267794.11657
-1294373.2765
-1255383.64862
-1303326.49803
-1310212.4754
-1276242.16546
-1260838.70315
-1308223.29003
-1277302.72278
-1283349.16129
-1281866.61164
-1269751.05565
-1282384.22453
-1291231.41563
-1298142.12839
-1254561.81954
-1268188.52468
-1278041.86578
-1313684.78627
-1313502.70547
-1297227.69111
-1246971.23169
-1270993.16743
-1243323.90011
-1276250.86465
-1293121.15233
-1292325.50009
-1288233.72906
-1285777.40893
-1290069.28048
-1314841.74644
-1260799.07958
-1325524.87627
-1258408.81031
-1302720.77881
-1246951.81275
-1313645.56293
-1276033.48902
-1301702.86554
-1302211.80911
-1301375.83884
-1228925.18476
-1263110.47725
-1281137.05471
-1275805.7135
-1265358.64447
-1313991.81781
-1293752.2645
-1230357.25739
-1297319.55477
-1279856.09855
-1245548.05968
-1300039.3848
-1276416.06007
-1285794.82552
-1294061.17254
-1297965.09913
-1276819.94483
-1296055.43071
-1307321.73194
-1285907.19588
-1276228.18102
-1281259.0808
-1282315.45962
-1281631.58819
-1237290.81458
-1248250.38242
-1310173.75627
-1265018.08448
-1303772.49795
-1319648.21588
-1285738.98509
-1272123.44425
-1298550.08883
-1322149.32858
-1290371.47505
-1270958.1793
-1292609.40916
-1297097.59301
-1282234.82971
-1283700.58823
-1325814.04282
-1282320.65831
-1251654.99372
-1330837.32313
-1269853.17308
-1259360.09745
-1265545.11377
-1246509.56251
-1293976.90571
-1306127.14746
-1288195.29372
-1250700.97922
-1312285.43046
-1313048.81738
-1195366.37604
-1257541.44763
-1296477.10625
-1296278.21106
-1277009.98015
-1250091.12594
-1271703.04292
-1299018.22827
-1301373.82503
-1266903.47901
-1301957.66982
-1285070.96909
-1278868.78247
-1251503.04353
-1298228.58592
-1250829.1591
-1268654.715
-1232760.77605
-1275597.24153
-1296638.99268
-1263897.55866
-1287928.86547
-1296239.01121
-1257614.45636
-1304763.69374
-1318605.14507
-1276860.10793
-1301851.25854
-1276731.39739
-1282166.44428
-1270169.35058
-1325383.69861
-1281497.11258
-1320804.73834
-1300089.31916
-1265943.71937
-1308040.14266
-1225943.27353
-1283987.75161
-1308886.18028
-1267861.04935
-1275348.52833
-1265155.53462
-1292418.97763
-1290159.6273
-1319845.63229
-1307467.14106
-1290251.68644
-1274522.99867
-1300667.52178
-1225886.03627
-1272084.40114
-1249178.62853
-1218948.91143
-1283020.05737
-1327220.66389
-1272577.03843
-1249965.57928
-1289889.39023
-1290344.32867
-1281599.54581
-1313471.69721
-1311951.47933
-1312611.20829
-1293400.78461
-1298360.80374
-1286725.17601
-1267612.6076
-1310948.74491
-1305137.46716
-1268896.34346
-1289012.03059
-1244717.72619
-1285531.00031
-1292328.47857
-1286276.44846
-1304298.42688
-1322626.98688
-1283368.27007
-1290271.01854
-1259987.587
-1286174.56019
-1288535.37345
-1246177.55888
-1271487.27308
-1288026.27684
-1224433.57823
-1282897.95519
-1299058.08977
-1289804.48459
-1279019.26663
-1275458.25074
-1262419.6826
-1290578.89979
-1266641.76948
-1299211.27419
-1261452.00251
-1288760.64794
-1270012.9465
-1271668.65688
-1276336.25905
-1268469.13917
-1299470.01174
-1277717.845
-1250883.59574
-1271566.50552
-1281191.4712
-1312833.18626
-1259461.5937
-1296652.78576
-1301317.09307
-1278327.85145
-1306147.32554
-1290267.85732
-1282162.41591
-1282956.3338
-1292840.59858
-1290092.6948
-1299657.19097
-1285918.09108
-1253335.83511
-1271338.61949
-1307531.97521
-1296647.47972
-1315753.32426
-1301268.25152
-1254113.81237
-1308024.71153
-1300347.15275
-1291908.44093
-1302551.48541
-1287848.40166
-1269786.18302
-1291551.80507
-1290461.45768
-1293433.31508
-1284877.30528
-1308518.1792
-1267024.8857
-1263911.21894
-1272202.43777
-1298998.46015
-1308126.08207
-1285821.78538
-1273234.21947
-1288232.00437
-1307793.86178
-1258174.21157
-1276541.30106
-1268590.32654
-1260059.40633
-1214628.55286
-1273287.07643
-1272858.6323
-1264275.99087
-1304173.63758
-1271455.90908
-1266244.37731
-1263028.47993
-1292129.2177
-1223234.27644
-1317765.182
-1284373.87243
-1288949.114
-1259280.61654
-1294237.44304
-1273599.82516
-1260706.29413
-1302251.76395
-1301736.57067
-1258586.47887
-1267197.29875
-1270820.80418
-1294731.77659
-1305881.34921
-1296617.89072
-1276830.74363
-1284748.09186
-1285916.43446
-1282376.77705
-1257651.84226
-1271330.83939
-1243606.65716
-1266462.51276
-1288198.9966
-1297977.56795
-1288925.02673
-1266523.08548
-1290145.07179
-1304557.70947
-1278621.93754
-1305161.41196
-1288130.33723
-1333978.33944
-1281776.83912
-1268204.45581
-1277500.41194
-1256279.85026
-1248596.24452
-1268076.035
-1299189.94616
-1230826.66266
-1287731.85009
-1272575.04934
-1280015.16771
-1261357.26364
-1297982.3071
-1251123.04826
-1266936.2976
-1299426.02056
-1271860.58511
-1268902.18631
-1256340.22908
-1312605.28497
-1283105.14364
-1289290.0522
-1271091.30364
-1239716.49347
-1319450.15927
-1285197.11882
-1272946.22784
-1295652.36984
-1315298.25399
-1303939.93083
-1269909.38214
-1315307.78132
-1275318.42036
-1301839.54028
-1276333.44847
-1304871.00424
-1255749.49191
-1292328.1032
-1307055.07158
-1306376.78964
-1285354.36638
-1295325.52606
-1298747.38278
-1275774.62211
-1256536.44831
-1296106.99396
-1260771.29029
-1298635.00784
-1329044.63334
-1287995.11521
-1283541.43749
-1247329.42529
-1298621.79109
-1298944.67648
-1245604.60089
-1280357.84156
-1288767.59982
-1278324.43385
-1278084.44802
-1258351.72343
-1263054.94213
-1297935.45241
-1286342.18535
-1303534.31855
-1300119.76385
-1315425.3672
-1283218.75005
-1284429.30696
-1298730.99481
-1316228.74901
-1286372.94872
-1276056.01615
-1277150.36837
-1288640.69417
-1253996.01804
-1301639.68047
-1275708.824
-1289239.78281
-1295636.80451
-1310995.53758
-1275396.01113
-1289687.88698
-1252168.86384
-1251634.51217
-1303124.42543
-1293515.61149
-1263457.64342
-1273279.65412
-1279870.97542
-1318937.96313
-1302587.34997
-1279997.97833
-1317591.07634
-1284172.3453
-1284463.42602
-1325195.80169
-1307501.66995
-1291902.80814
-1249284.88235
-1301407.27156
-1265434.37599
-1296072.14524
-1213133.9885
-1332905.45034
-1280623.18952
-1267844.73042
-1304053.47389
-1301252.9059
-1264045.15046
-1265319.12688
-1306263.54098
-1297262.68401
-1259869.71177
-1262189.74503
-1298786.81532
-1306231.09097
-1292828.76801
-1269004.36518
-1286378.3817
-1325814.41325
-1271852.43712
-1304105.964
-1252271.15808
-1257478.54366
-1303339.2579
-1248973.00172
-1285769.16249
-1289966.50079
-1286416.11079
-1315909.62527
-1319101.79017
-1290880.63516
-1306560.84274
-1283967.01288
-1284893.01924
-1286728.86684
-1274104.3808
-1266318.92978
-1297406.4038
-1292046.58225
-1284742.23743
-1311284.16033
-1235663.7868
-1301131.54734
-1287529.15338
-1278711.39585
-1276504.44312
-1284249.98444
-1256304.59647
-1292877.20241
-1307665.15883
-1302733.29507
-1277345.82844
-1308485.71216
-1262747.55621
-1268492.60982
-1307316.70176
-1291341.97623
-1236097.04705
-1289498.49056
-1262178.86042
-1303289.59707
-1229694.32962
-1280144.262
-1273953.11927
-1286935.29138
-1270869.67012
-1270238.82187
-1293511.87252
-1287226.86048
-1308093.90258
-1318859.07967
-1271459.43299
-1287080.54684
-1274248.61556
-1283411.49218
-1288333.81058
-1262019.72305
-1278850.39258
-1294182.03085
-1247733.45006
-1290870.00684
-1266075.53872
-1262310.71479
-1267536.12243
-1287101.74425
-1252939.95882
-1288630.5241
-1266751.38321
-1264745.90475
-1300444.54973
-1286976.07408
-1278285.51056
-1315515.36912
-1287024.55795
-1304760.88179
-1271141.28853
-1279737.03836
-1308479.68022
-1291269.25423
-1283032.4643
-1312872.81397
-1213559.38771
-1288476.25121
-1276482.47754
-1294912.6364
-1292746.87458
-1279035.0474
-1296412.98643
-1252525.68605
-1236008.46572
-1265219.5909
-1297872.55864
-1289173.75591
-1292476.7901
-1304762.20006
-1316887.94302
-1274920.03236
-1305690.25505
-1280952.77913
-1286365.69909
-1284422.75471
-1278625.99808
-1309145.41089
-1290398.14542
-1298331.17416
-1291621.15113
-1289039.65073
-1280231.23906
-1291379.76049
-1267631.34569
-1262572.76534
-1284219.97752
-1314569.51038
-1301995.33383
-1297589.1002
-1260359.25359
-1314075.3758
-1285829.05768
-1282213.67199
-1278306.44071
-1277417.04547
-1249101.35747
-1261812.15756
-1268397.88999
-1294915.64683
-1270766.5163
-1279605.59011
-1282294.25062
-1302084.0244
-1308853.51686
-1270390.19926
-1276725.69449
-1284018.39951
-1292688.21318
-1292772.16276
-1265103.94296
-1270543.97566
-1303643.6662
-1298677.98961
-1262118.70412
-1290137.43894
-1267937.47302
-1292255.6663
-1317587.1072
-1278047.01505
-1269143.82404
-1267396.61314
-1287935.7098
-1245997.01335
-1274809.84679
-1265430.34146
-1285563.86383
-1267259.96114
-1304457.11947
-1285688.79703
-1251975.77516
-1282326.57672
-1299476.62818
-1256318.78815
-1257231.55854
-1303129.26868
-1243487.85939
-1290100.72275
-1305802.17166
-1294749.30453
-1238307.17658
-1289034.47039
-1257010.1053
-1268067.14331
-1288625.12554
-1297629.28004
-1268345.17607
-1248892.92998
-1289266.91504
-1267235.22983
-1298932.1965
-1229410.76981
-1289204.30336
-1282099.78269
-1263093.25439
-1288955.84466
-1285689.99858
-1276864.26864
-1311306.14782
-1279066.23021
-1280334.46971
-1268542.33953
-1307615.76624
-1251913.62123
-1276189.66006
-1278956.72211
-1307028.57001
-1285847.25097
-1279827.66795
-1278534.47703
-1272140.39079
-1289251.705
-1280523.32242
-1271725.69718
-1307934.41507
-1296775.69852
-1238398.8043
-1300966.7876
-1274521.81948
-1260077.64714
-1304026.12917
-1252309.28221
-1277842.26077
-1276347.89781
-1278019.09806
-1258034.31163
-1300892.04146
-1299292.85853
-1261257.46754
-1276817.58738
-1299606.77512
-1256677.41872
-1274531.74601
-1281691.02276
-1274030.65258
-1236039.24999
-1267955.58621
-1304106.53955
-1308183.58354
-1257759.40306
-1256832.19335
-1273042.00723
-1279462.14159
-1303161.52916
-1244963.1761
-1269528.78165
-1288040.08125
-1275681.27224
-1292463.01542
-1265090.85856
-1290718.29692
-1245209.98294
-1290816.20687
-1261014.71886
-1238868.08839
-1261144.34818
-1259463.24959
-1262716.79589
-1280974.40758
-1263729.4488
-1275000.44553
-1293597.85156
-1278426.04132
-1266615.91074
-1284887.2874
-1295795.01297
-1270448.68313
-1287809.54131
-1275330.57054
-1289898.50263
-1238565.02593
-1277457.09038
-1288360.56398
-1311337.30233
-1273938.0836
-1277199.31764
-1279569.77294
-1274375.24962
-1286202.02493
-1297980.95336
-1269017.12336
-1252191.65743
-1236775.77234
-1294372.07173
-1265356.02017
-1293318.59659
-1265449.70305
-1283075.36483
-1296139.23827
-1290645.72449
-1278616.8058
-1287993.81485
-1279856.91827
-1292775.4472
-1288746.5385
-1279922.91077
-1260098.23629
-1296663.16941
-1250353.26495
-1292927.18324
-1279103.88858
-1258833.83121
-1277901.59374
-1273365.22835
-1274229.5684
-1287397.87389
-1262296.52732
-1270459.61259
-1309337.8188
-1280255.04462
-1275328.77457
-1280330.62435
-1282639.26823
-1322260.21686
-1277887.01831
-1286840.86994
-1287172.41355
-1276898.84307
-1261759.13056
-1275149.78393
-1244082.9111
-1258919.09696
-1269157.22336
-1305578.18736
-1286762.70112
-1290798.23002
-1279148.1021
-1272700.66384
-1293706.58584
-1281233.72075
-1302697.7851
-1290739.31418
-1316286.09838
-1287398.76065
-1297178.24804
-1325003.78288
-1279409.29129
-1311340.21241
-1295363.99523
-1263131.79566
-1299574.50587
-1274548.95679
-1289727.78925
-1253304.36359
-1338160.87069
-1256307.73049
-1302840.09938
-1262676.84225
-1294137.65651
-1269581.57227
-1266627.64819
-1299119.22705
-1290100.70403
-1262366.16602
-1286756.73939
-1293934.40335
-1254511.63876
-1248119.03539
-1228066.00717
-1262970.94515
-1279240.15206
-1251601.98241
-1251757.64577
-1299831.94749
-1296634.53692
-1292386.01714
-1293729.04204
-1262146.82726
-1279138.40649
-1269831.19568
-1254310.56028
-1245363.56933
-1273359.43897
-1301878.01542
-1277498.61692
-1299371.21863
-1290407.31059
-1282035.18765
-1267919.24046
-1294450.70765
-1279006.60059
-1277053.80583
-1289865.25701
-1289658.5605
-1312355.42851
-1304534.54486
-1302077.17431
-1290000.24699
-1276732.96542
-1289878.11659
-1266118.0614
-1258834.72961
-1290079.92361
-1257559.25199
-1289499.95835
-1285690.06037
-1276994.73509
-1268142.19158
-1266624.44494
-1238574.38754
-1262700.79826
-1271449.09638
-1244489.30168
-1282526.41082
-1313676.4961
-1296138.74118
-1265953.86813
-1298650.91162
-1297051.02525
-1284586.50827
-1249583.02841
-1274807.08048
-1290940.16264
-1276540.26683
-1315805.48425
-1299454.89076
-1285781.38872
-1270800.97331
-1297437.46487
-1272851.20923
-1248512.46742
-1268969.37295
-1285465.40442
-1273509.81102
-1314803.32768
-1311635.7363
-1286885.23619
-1296740.99867
-1247940.01699
-1308717.24244
-1292662.44374
-1304896.16657
-1278000.82573
-1303278.64528
-1297372.07566
-1279248.54414
-1256264.00916
-1288377.30697
-1262935.0296
-1265657.83043
-1257383.24291
-1314278.70206
-1296541.7059
-1231104.82338
-1274059.2507
-1278860.84376
-1274544.75817
-1257498.93222
-1245061.81231
-1267521.54078
-1304653.7402
-1318392.39448
-1268018.7132
-1299430.85716
-1298079.52298
-1268401.98305
-1256804.40796
-1278974.8617
-1290125.89834
-1275150.83352
-1302359.93974
-1297224.02651
-1266455.91059
-1254357.46721
-1279914.81388
-1301837.99233
-1280227.15639
-1298090.83266
-1290786.09988
-1276976.31313
-1267782.12388
-1316449.20996
-1261566.31745
-1296802.82399
-1293075.56886
-1298056.70043
-1291333.5868
-1261183.47183
-1274413.42004
-1256316.60836
-1259619.95583
-1297415.82182
-1245356.26801
-1272517.44758
-1283760.36351
-1275030.15419
-1299092.56137
-1279945.84504
-1310905.05848
-1280700.3653
-1287666.31944
-1296325.86087
-1301048.22129
-1306639.18322
-1240332.96738
-1260896.11724
-1256353.31253
-1289212.50648
-1299430.45123
-1225708.32698
-1236841.33258
-1289270.36981
-1310138.62398
-1306655.85446
-1328221.11491
-1283316.50814
-1272037.89093
-1265490.81552
-1291039.58389
-1307622.46698
-1308454.34118
-1282326.46994
-1242993.68116
-1266229.48731
-1272364.38269
-1287101.17392
-1248868.21353
-1298922.17907
-1267099.21318
-1304695.95587
-1240327.69988
-1298881.80857
-1288074.97127
-1268428.7705
-1292966.04024
-1300819.57197
-1266482.1466
-1258761.62118
-1273378.86405
-1299544.81731
-1288328.09233
-1275756.72274
-1284347.16143
-1257060.10012
-1239957.18237
-1290357.06619
-1286466.48396
-1275903.59237
-1259211.58764
-1267477.23526
-1290748.28561
-1286765.83201
-1277421.27086
-1293358.29457
-1291217.91538
-1300202.74182
-1262720.7934
-1246429.74388
-1298060.1071
-1280580.25121
-1285357.41586
-1303159.81192
-1228751.96688
-1284687.42403
-1258954.35565
-1281502.16593
-1238841.88001
-1303266.66717
-1255191.06083
-1245518.72233
-1263033.11367
-1291838.28977
-1262247.67106
-1316793.20799
-1276752.26637
-1279473.37231
-1272962.61679
-1267564.63473
-1266676.67382
-1307149.20369
-1271850.83016
-1272651.88627
-1257161.75667
-1283355.14139
-1287520.98536
-1284811.23799
-1257314.56577
-1315231.84479
-1320682.42006
-1240303.72718
-1276065.93702
-1242546.54502
-1290864.82604
-1319929.35817
-1263660.84419
-1280096.30155
-1291189.69307
-1278376.91875
-1264360.9871
-1278194.58215
-1253070.30562
-1307198.25512
-1303807.11765
-1289814.57491
-1281794.50584
-1294142.98195
-1250610.98039
-1272296.25653
-1281637.94987
-1253375.65062
-1316787.93757
-1263301.31637
-1261674.46437
-1317823.11443
-1278458.59151
-1314894.79595
-1290443.52317
-1267422.54401
-1286874.80411
-1297003.57619
-1281023.56088
-1301010.43961
-1278662.31223
-1291365.44794
-1318214.2859
-1289236.24413
-1268489.68117
-1288277.62999
-1291377.74854
-1262473.38919
-1258955.51988
-1298344.26291
-1279725.54886
-1310503.62093
-1292187.11244
-1281225.35203
-1257059.35442
-1280940.14923
-1295499.91858
-1285478.07889
-1251939.15885
-1291397.0298
-1313962.0454
-1314911.0472
-1252047.71905
-1297739.08317
-1265346.18757
-1269372.04655
-1268538.28205
-1269503.80828
-1282496.20176
-1285438.12985
-1269392.45025
-1287655.20866
-1277397.96157
-1267249.37603
-1293134.91951
-1240845.44092
-1298400.45645
-1279522.6629
-1268938.0541
-1309490.46759
-1287512.6074
-1294828.3461
-1289110.46442
-1296774.26398
-1284504.95487
-1297681.14699
-1256587.03171
-1251811.79955
-1266426.10311
-1189613.66409
-1281362.69546
-1252950.9901
-1267091.98274
-1298739.66318
-1247624.14863
-1238984.52519
-1307986.66105
-1308809.48811
-1286178.06151
-1261352.15719
-1243610.49698
-1290535.30961
-1258330.16002
-1275787.56624
-1259865.65333
-1285757.65099
-1286831.93646
-1272004.95845
-1289359.13513
-1280678.57106
-1279095.03684
-1268985.32347
-1320896.27923
-1305873.53976
-1281399.01755
-1275861.93841
-1301404.7436
-1314903.49009
-1269436.46956
-1296002.23258
-1259966.28714
-1305824.30103
-1286388.4686
-1305782.54957
-1263978.03736
-1285416.63388
-1297897.79583
-1283364.25828
-1286109.58383
-1289524.656
-1280408.41072
-1291921.25898
-1292422.65937
-1269998.77621
-1299684.65217
-1306169.73934
-1286577.49605
-1300752.23891
-1248758.82322
-1265484.02973
-1291313.52089
-1293358.27169
-1307687.59474
-1282669.8126
-1296853.00752
-1277510.82053
-1257936.94645
-1274794.58023
-1256837.2576
-1286549.013
-1300306.04138
-1292805.89046
-1291631.38919
-1260466.83045
-1276440.97085
-1273402.42177
-1278074.14312
-1310582.51068
-1267797.00355
-1309303.95564
-1292105.12655
-1291847.49188
-1253152.92272
-1305573.25676
-1307748.53885
-1292087.11259
-1292060.2667
-1277698.21985
-1286765.1167
-1253669.69826
-1299494.96999
-1276645.1072
-1277298.77581
-1290008.62197
-1259546.06237
-1247367.20512
-1296430.50753
-1283471.43857
-1297075.04862
-1309072.6952
-1296225.65972
-1267798.35072
-1284902.50923
-1295419.63849
-1286243.48187
-1336361.90572
-1260151.07421
-1272436.56794
-1292920.40351
-1265012.97746
-1254719.36427
-1292135.65819
-1287894.38194
-1287224.95821
-1304307.44099
-1254560.84867
-1285930.00019
-1306853.79955
-1296307.00024
-1254434.83969
-1271871.95138
-1308287.9995
-1259260.28553
-1262155.63965
-1276375.97879
-1277380.92139
-1322490.81192
-1289117.56452
-1249076.32725
-1240016.95534
-1288047.75132
-1302595.01419
-1301696.849
-1254837.35657
-1243137.67056
-1282293.87262
-1284833.35133
-1294295.59673
-1317195.52916
-1279374.13377
-1185829.64793
-1276611.53762
-1291732.68235
-1316545.51242
-1245904.05409
-1287257.15696
-1279442.02976
-1318584.60842
-1285787.47667
-1295532.40512
-1278824.93358
-1255609.13474
-1339059.75396
-1287851.30154
-1259830.12322
-1277545.53771
-1308641.8831
-1303313.32589
-1273316.51186
-1270799.75609
-1302789.86918
-1270561.40504
-1283431.48114
-1306014.08083
-1264975.18864
-1282585.91284
-1284459.87147
-1290002.65305
-1262890.90667
-1278996.12192
-1288285.09319
-1283460.57741
-1304529.13488
-1273246.32479
-1262367.98805
-1302725.03341
-1315699.4665
-1260636.30097
-1304019.14766
-1264305.08447
-1273210.7517
-1299224.77267
-1291411.82337
-1327438.2917
-1258677.81015
-1309879.50595
-1301652.38737
-1264141.21707
-1230075.94852
-1278179.87983
-1246102.05947
-1275992.05413
-1307753.5802
-1255061.78132
-1272971.21651
-1296128.57246
-1252917.38654
-1298951.26081
-1294646.57177
-1305176.62514
-1274546.20603
-1261229.97223
-1253671.93879
-1306946.26998
-1281123.17502
-1306811.82565
-1271385.9827
-1310188.82922
-1281999.555
-1268233.40243
-1318671.48453
-1276932.26191
-1287494.73584
-1305842.34409
-1275023.415
-1308743.09124
-1282324.76956
-1235783.79228
-1269580.29742
-1319233.77257
-1301523.11186
-1253829.137
-1253031.81861
-1296028.90447
-1277499.88192
-1235889.09085
-1290768.4181
-1312913.86914
-1300828.13576
-1298585.82259
-1306811.53965
-1306621.04526
-1336205.87679
-1273708.77208
-1249778.74131
-1263423.20549
-1250693.24747
-1275093.12349
-1248227.68443
-1289463.45417
-1303230.81683
-1301057.15416
-1304517.47887
-1294976.71498
-1271292.1765
-1274941.87134
-1244700.48681
-1296412.52991
-1286160.80489
-1289538.35421
-1237686.10795
-1288603.6852
-1264530.43726
-1290214.87098
-1277055.5953
-1272114.8612
-1271740.99348
-1297032.261
-1275837.89146
-1272273.03531
-1306851.05733
-1294501.1552
-1241650.95588
-1308536.48935
-1274978.06416
-1289867.5987
-1249885.53194
-1240844.36161
-1278630.94435
-1233209.90706
-1292190.43549
-1245045.9664
-1315897.36379
-1263605.19868
-1279738.02446
-1281674.53614
-1276659.52827
-1250969.99519
-1278453.84584
-1303578.19387
-1311907.88151
-1312886.05448
-1258644.05666
-1283630.99323
-1248572.46765
-1295800.58491
-1315116.39763
-1281939.43349
-1238326.96212
-1267859.21858
-1250367.76266
-1253144.17445
-1289862.85079
-1300959.80364
-1297356.9469
-1256915.5441
-1255019.79202
-1315175.53558
-1266217.99375
-1301363.47611
-1300928.43363
-1292200.19759
-1319500.62841
-1294721.03305
-1289811.19152
-1275104.82387
-1281086.19181
-1308306.26778
-1276934.55831
-1276088.08267
-1304721.08813
-1278108.15835
-1290081.59229
-1311558.39429
-1284871.0771
-1276577.43561
-1250606.73302
-1277749.72718
-1288620.58274
-1261739.56788
-1296254.84057
-1267042.96176
-1274495.53229
-1249347.49644
-1290752.78411
-1238964.84021
-1276362.79567
-1291668.60803
-1240057.74831
-1266241.03558
-1268718.83161
-1237981.21636
-1273646.34112
-1293372.27973
-1286551.63587
-1284669.02976
-1288696.6127
-1320003.78654
-1274365.38539
-1273945.23645
-1305664.98059
-1281653.92638
-1253484.41683
-1268884.57297
-1303544.36154
-1264755.48013
-1297281.05223
-1289460.53223
-1296491.07441
-1272733.83032
-1270838.70012
-1270932.69581
-1299691.3741
-1285521.28446
-1293334.09382
-1296385.41069
-1282425.26783
-1304414.0217
-1291157.09729
-1296896.97629
-1250152.92291
-1257051.4549
-1270539.29648
-1320129.85457
-1284108.0485
-1265662.33319
-1279878.85674
-1319587.88342
-1320728.53675
-1308558.79789
-1324230.70957
-1290298.63603
-1276697.59356
-1275885.27555
-1281640.36026
-1279980.2391
-1275721.00183
-1333462.69441
-1307522.40726
-1288974.91125
-1287070.83581
-1302722.27282
-1251681.88153
-1297404.58967
-1240779.79514
-1291214.9905
-1276754.25106
-1263329.69928
-1256780.85526
-1294514.32812
-1293090.62023
-1282404.84986
-1294522.41468
-1329010.63009
-1288783.11454
-1291260.87655
-1295021.89303
-1269737.52173
-1261447.09375
-1295496.39824
-1277879.26256
-1274766.84412
-1261219.58798
-1308411.28587
-1285071.56776
-1299937.67965
-1297383.94404
-1286801.83254
-1270448.45338
-1260465.79519
-1292615.14673
-1286683.52506
-1299890.12222
-1301897.17427
-1290483.95269
-1300388.84146
-1252185.74311
-1303885.08209
-1251917.72538
-1292293.96079
-1280259.65999
-1256091.75715
-1243880.17054
-1290437.90447
-1236308.43885
-1313002.42862
-1265065.22254
-1290377.75651
-1274463.11917
-1269404.72538
-1273544.89214
-1273450.54842
-1286843.12738
-1286819.85726
-1300719.0195
-1277508.2475
-1245348.66058
-1268236.93565
-1305011.95493
-1274053.92835
-1261671.70462
-1295424.98168
-1279618.74985
-1282294.45548
-1279277.46264
-1298371.91385
-1241367.20396
-1287128.19894
-1294282.52415
-1216965.87842
-1267627.29584
-1275325.6476
-1283708.5989
-1308383.49278
-1322940.09455
-1265252.29548
-1258864.45388
-1279600.83179
-1299839.45734
-1267053.72859
-1260758.1966
-1258833.35154
-1305754.00623
-1289716.70162
-1286207.15799
-1292907.20943
-1272888.37038
-1295537.76752
-1284482.62812
-1258415.6942
-1277201.39009
-1283266.20123
-1311350.27298
-1308054.20135
-1278074.28778
-1285948.19824
-1296666.75749
-1282116.99777
-1293970.82308
-1270756.6971
-1259890.67335
-1297241.32307
-1256506.05515
-1293815.75635
-1272439.83279
-1280358.69143
-1281268.98975
-1307597.97847
-1279032.36094
-1291462.78989
-1263462.09824
-1307633.27347
-1313226.73333
-1273472.70136
-1302839.67294
-1274541.16928
-1255335.85404
-1259707.99498
-1254474.30082
-1275052.66827
-1300325.27773
-1311694.00938
-1295468.02323
-1281004.00143
-1293128.72531
-1250408.16885
-1287985.43996
-1278952.52012
-1255940.77453
-1269685.97884
-1300322.37749
-1287603.75518
-1279785.44983
-1299845.03498
-1313421.76451
-1255612.21123
-1310102.74891
-1300377.89164
-1254632.25135
-1259127.39132
-1281066.5775
-1325106.1478
-1264404.42987
-1271513.46072
-1279159.94563
-1274732.80412
-1286704.86099
-1251381.25829
-1299454.4529
-1297338.36516
-1284065.36737
-1305232.76476
-1264145.18438
-1273528.60933
-1300049.17797
-1238717.56395
-1299240.37723
-1289509.04927
-1263242.58644
-1277591.14842
-1297001.94332
-1264988.49859
-1283760.17237
-1276730.65632
-1278613.85296
-1274900.34161
-1305758.69247
-1254562.35903
-1300814.54328
-1259263.74388
-1277498.955
