-309004.016654
-309303.46965
-260002.058327
-308917.163938
-285678.820011
-271944.341425
-285404.814923
-303242.426127
-263699.246289
-301587.60797
-244253.153199
-304227.413318
-249276.392141
-286607.596504
-330379.882434
-273736.220194
-285831.338055
-331992.845674
-312478.122476
-228744.35067
-319019.819718
-338479.374989
-358613.268994
-335870.441417
-322889.649375
-347990.033064
-327743.35057
-351451.114467
-330951.339861
-341224.676969
-341528.374057
-318887.240302
-311605.85412
-343275.937501
-325514.005326
-326250.294597
-323635.450401
-322130.478269
-302498.966906
-337069.923029
-345596.368822
-358552.118682
-369606.877907
-370905.841986
-365563.82976
-373965.360606
-356564.13871
-353046.750986
-354410.69658
-364824.353578
-359769.718626
-364571.630905
-338641.125861
-348673.658812
-339819.818238
-363085.178583
-354801.28794
-356836.327388
-328380.369294
-336259.234915
-380108.572934
-361529.235222
-350218.334489
-354718.358703
-370902.833161
-354492.528176
-354814.994626
-354536.940297
-363379.015162
-360200.291627
-374174.341259
-363986.685014
-342427.63746
-353407.73292
-352946.603247
-364958.487944
-359309.065406
-355397.800086
-331556.165416
-356988.161581
-359171.535103
-351524.790873
-358501.257997
-369750.039904
-348807.825059
-341827.015312
-368201.52991
-346559.647038
-359531.469761
-354894.930411
-367578.415379
-354732.367253
-353628.152984
-374241.794802
-354648.477737
-369037.411672
-345753.935418
-351683.816783
-352190.003016
-361908.589333
-360802.614194
-343091.109229
-361449.435809
-361893.454288
-357966.899202
-345106.687804
-352116.159362
-358166.941187
-365290.059824
-375100.156998
-340403.603808
-358538.187103
-361496.053444
-360806.34841
-364230.795326
-355169.6118
-354945.690909
-350217.351305
-374718.724036
-354125.706513
-371433.692701
-365905.74806
-357682.782605
-347894.224134
-354654.955394
-353790.52831
-361880.337501
-344754.247186
-362465.601087
-366262.618283
-354871.502148
-367797.917431
-349118.565459
-369506.204449
-353877.287381
-357333.283858
-363867.789496
-352488.966267
-355473.303295
-351538.425573
-367883.709536
-346958.104286
-357391.186611
-350062.38052
-349544.364107
-357170.560568
-378201.25003
-369408.109391
-360157.606335
-369008.230516
-356976.062531
-362542.696226
-348716.668276
-357333.220571
-364586.051609
-357070.688095
-372824.56896
-345374.17239
-360439.745322
-353116.562249
-363784.894037
-355613.628469
-358268.566764
-355184.704428
-360531.626011
-366283.94384
-380432.289173
-357238.027717
-364073.98926
-345253.407794
-352046.115776
-346515.601558
-361334.005489
-355885.418911
-357745.939146
-364983.625077
-353543.175667
-349388.486871
-353912.051228
-366130.645016
-374391.265551
-363700.560212
-363644.866157
-366591.999802
-350280.368039
-366419.352494
-355706.356623
-354658.612053
-353084.256525
-361485.461428
-367022.429084
-345194.471314
-360996.910906
-359590.251414
-350222.965817
-361357.425004
-366891.336358
-363172.351227
-346757.026437
-348057.55872
-366989.98647
-366057.822383
-354154.608032
-352309.540492
-367552.844133
-364072.49542
-347929.561334
-345426.62283
-354615.646378
-370509.894362
-357916.472323
-367660.87988
-361373.808534
-371345.266897
-337324.72609
-349361.863407
-368157.012639
-368775.667834
-370683.305113
-362182.127866
-352543.104738
-362827.973368
-358974.313339
-350229.293544
-358001.984975
-365344.123915
-364818.053154
-349345.695433
-347691.704464
-364680.181977
-366853.019409
-356609.386894
-369247.722671
-360878.544329
-356276.018427
-360969.082214
-366144.060535
-360903.354253
-361405.038041
-362026.797328
-345938.515798
-354511.97487
-351624.695985
-355587.001193
-343401.264241
-361930.586217
-356695.820928
-348235.773518
-359352.604352
-345931.41176
-358508.510076
-361220.795778
-353091.035336
-363933.220657
-363134.257772
-347962.537569
-343661.588009
-372055.299934
-344289.123415
-367971.374766
-368632.932795
-368670.58429
-350811.935322
-354761.868459
-355961.693605
-348051.640344
-353731.794087
-361741.517005
-360612.942724
-352638.617034
-363759.397626
-375238.634374
-349101.223439
-362967.982672
-354224.891847
-375811.586645
-346766.724245
-352541.66145
-347774.93117
-351004.234568
-359581.860413
-364837.65137
-361376.166319
-367192.128135
-363360.55461
-363203.452673
-362454.444124
-356303.912833
-336946.318785
-354829.729484
-355546.989823
-344920.275567
-356509.99352
-358784.155971
-364313.503672
-363194.74484
-367055.543309
-368066.778757
-346910.26153
-352924.829774
-362942.57808
-374533.092832
-352527.16524
-365317.479827
-341979.419294
-350639.068811
-361905.210753
-346267.137105
-353119.767853
-353193.795574
-369516.102952
-344994.712645
-354990.836342
-350653.934105
-360541.997464
-362677.279628
-360485.04081
-358335.03541
-348055.715743
-354611.579366
-358225.636201
-364833.763853
-362746.411789
-362797.506133
-370516.427202
-361349.805321
-351530.112014
-360481.654535
-360491.80541
-365252.277949
-363208.246393
-342338.761432
-352975.197075
-353647.277908
-365132.136307
-346446.2067
-338939.831625
-362154.788079
-361258.811147
-361065.860761
-365462.327897
-360486.814771
-358260.440762
-360812.129203
-350284.943405
-350895.219576
-357279.098973
-346833.294069
-348926.696076
-347107.849454
-355550.43388
-351566.578735
-358624.876054
-361234.383272
-357321.605026
-359929.242747
-358088.794775
-366716.427283
-363569.426765
-360819.476561
-367639.427609
-354350.442278
-352817.181066
-352308.482686
-355155.713987
-355413.692187
-352732.130191
-355123.766147
-354644.175825
-354830.660907
-345670.432774
-352024.746958
-359523.570484
-360388.459367
-352823.562765
-360372.463762
-349678.687381
-358101.008866
-360424.344771
-352169.060144
-340064.06792
-374937.739536
-362823.298818
-362124.053158
-356609.168248
-347752.954196
-357214.076723
-355620.091917
-364593.020791
-364820.375948
-361654.20886
-360024.412061
-349739.549766
-341590.564139
-341249.509181
-363068.376394
-359083.335685
-363763.181428
-355408.01064
-340316.729813
-362357.522531
-353339.199037
-349028.870274
-362686.188509
-356400.954627
-355896.919348
-359276.015706
-348622.52586
-353248.508137
-363194.011627
-349358.411334
-342883.214023
-357623.036283
-349463.496369
-351771.432499
-357725.088901
-370195.70218
-363981.694797
-359940.698276
-346811.915596
-355818.391504
-361591.644792
-350980.241379
-355145.466954
-361456.991188
-363864.013963
-355277.117011
-365634.771875
-354127.936891
-343895.463794
-355302.286484
-354037.956505
-351381.131988
-359108.998586
-344108.862258
-352577.636096
-362469.014639
-352924.900814
-358504.11724
-347445.21017
-351868.449894
-345774.507101
-344411.499613
-366826.452369
-362620.929643
-358498.315882
-356868.44102
-362118.157198
-352315.602684
-349991.05357
-349691.478144
-338354.748534
-364327.660991
-354221.397636
-354169.735448
-350486.731294
-352198.027949
-362687.828926
-344399.222692
-354932.791394
-351977.093006
-368821.181779
-348153.182229
-373347.434984
-368245.363255
-364408.175974
-352752.897724
-355588.67332
-341827.895312
-356413.116081
-359435.822782
-354452.066625
-357396.687622
-361779.314984
-366498.38862
-352056.448432
-347294.675074
-363453.889246
-358573.337457
-363483.941165
-364039.064932
-352134.862482
-359399.264055
-357339.142361
-359197.958103
-358893.436857
-341918.051161
-366954.56449
-363070.404985
-334501.663041
-355145.348183
-364443.424082
-354744.299337
-361737.132919
-366340.979773
-350618.039311
-364172.203354
-354215.405659
-341728.989146
-351014.407314
-366958.597986
-339104.933562
-361197.889499
-344513.251152
-362719.531406
-363034.912525
-340529.165043
-350048.381012
-343099.528349
-351751.393713
-356496.556969
-355477.991321
-351541.880129
-360089.762241
-347942.385347
-341316.912337
-354504.90905
-369876.64455
-356727.825586
-350454.10105
-361963.106028
-347630.948239
-366932.906162
-343431.811562
-359360.261004
-353517.88016
-352807.687741
-358262.24758
-361301.69716
-361821.060564
-358619.541482
-352462.919489
-358753.661481
-347762.974314
-351888.676041
-350980.139215
-363482.517017
-339461.012559
-363091.162301
-354270.061881
-354995.012721
-358811.592735
-344620.451326
-345928.026847
-359934.368565
-358678.365324
-359292.126484
-360239.998288
-368702.137932
-365381.789456
-356798.039057
-362262.813915
-370206.449287
-357713.702949
-334842.380621
-356945.117148
-330544.997878
-356460.329929
-363271.215614
-367150.295802
-342474.618903
-356190.817528
-350557.144267
-352252.55659
-356054.923037
-344730.500233
-368988.831819
-361697.541075
-351280.124573
-373338.761687
-347061.650467
-349884.048134
-354407.656939
-361670.104344
-359532.853076
-347992.750566
-362023.83204
-349360.539513
-368647.469344
-363411.585663
-346075.650024
-358513.657115
-325593.214121
-349769.22812
-364523.136884
-363082.935646
-363286.821554
-367684.514707
-364312.187352
-362927.509509
-363889.116553
-367437.649462
-362634.053126
-358433.343359
-344156.357004
-362615.90968
-357371.007878
-360046.638463
-346120.490615
-356653.397511
-347431.787492
-347394.474826
-334386.619642
-353590.071794
-362323.629645
-369999.873245
-359441.43768
-352755.494348
-358537.603138
-358093.465352
-345384.15206
-350334.872215
-365123.572326
-360177.348491
-354088.522199
-365981.010613
-366206.717507
-359233.553006
-358954.389106
-344383.504516
-364882.796356
-355578.257227
-351272.327731
-355240.176559
-358836.13242
-360248.144447
-363225.244904
-352778.244302
-360412.733678
-356607.1675
-352429.128527
-358339.197722
-350793.027614
-358355.996142
-357489.818839
-356624.536937
-359915.096795
-364128.794917
-363163.060293
-373099.877591
-366964.349308
-355054.708009
-356611.938219
-370412.567468
-358178.00444
-368942.268886
-346632.774279
-350944.822066
-368648.84947
-351050.78695
-358403.947767
-347700.034086
-343097.495183
-349867.39734
-335962.102159
-374831.903194
-364569.496057
-356993.583223
-361076.111261
-363627.68656
-343928.788967
-356777.932221
-336818.711001
-360584.267218
-349587.462663
-356617.843683
-344434.056433
-351437.994108
-347441.977078
-378674.067767
-334231.307523
-347572.679493
-343681.112093
-366158.764135
-338212.920255
-360207.102484
-370462.772302
-354893.00736
-359973.506247
-362385.296131
-355869.282559
-353193.663303
-359438.382177
-359482.627975
-357684.848726
-353265.02206
-367331.914133
-356275.250984
-343145.372911
-367052.733228
-344698.949978
-362114.375627
-358505.002199
-354762.03817
-354439.759719
-356455.627708
-357854.444021
-335488.320462
-360696.323249
-360551.005716
-348325.818479
-357174.297936
-351833.896157
-344533.925336
-362832.761768
-353754.630239
-369751.473592
-362334.753938
-355742.560708
-361966.149134
-352385.550785
-362204.888424
-364951.478058
-346672.770113
-357121.011482
-356398.832393
-363128.363091
-351918.025393
-356015.758365
-331636.385668
-362235.42656
-370202.976499
-365154.445754
-344695.363502
-357615.987557
-356583.881287
-358360.404777
-361028.328953
-361908.611858
-347028.194345
-359590.554459
-362930.350854
-365992.863964
-342795.144133
-346028.619461
-359209.920686
-364146.495418
-371223.825149
-358425.52942
-352553.68662
-365565.249253
-365000.333254
-364656.973838
-341543.237342
-355485.302918
-369005.203999
-361167.85387
-343721.138452
-338646.012815
-361836.277838
-357558.941438
-359031.665346
-327522.894434
-360584.903018
-354207.332786
-341481.346361
-357915.009129
-354845.326206
-347456.329825
-353925.659868
-362624.297648
-358965.273084
-353494.236751
-372732.18276
-362481.438031
-355577.167939
-353533.221976
-356641.569341
-325075.240569
-363427.452005
-364580.1348
-356877.827857
-350562.418301
-345087.182093
-352861.756557
-356963.735917
-363881.951226
-353549.43311
-355842.365509
-350921.992133
-356082.887402
-357195.840977
-367880.097561
-359505.750707
-350275.364795
-355924.077095
-366939.015284
-349451.146389
-380751.875601
-359876.40742
-348253.303724
-361696.563386
-344949.790895
-358972.956734
-363874.033206
-370538.602492
-331151.89702
-362276.548156
-348000.735602
-351408.813104
-364077.416887
-367148.479893
-350731.793686
-357008.322437
-360209.058605
-353238.237055
-361428.852224
-361187.740651
-358215.355957
-355666.009736
-346646.39484
-363538.242619
-347519.959298
-374508.902042
-358730.513761
-348170.399452
-361258.128364
-351956.644122
-357521.451821
-360207.59081
-368526.926421
-357154.799389
-354842.154439
-357507.144974
-357916.684994
-365449.293594
-353163.784324
-357886.133313
-376745.878188
-343534.659866
-363216.559106
-355283.752234
-343486.348981
-356262.471408
-360966.788623
-341509.301668
-363294.626245
-377655.054719
-361536.673745
-358442.333726
-351125.951071
-350347.430351
-361464.91509
-355385.064074
-354864.745868
-355379.851566
-362015.645147
-358195.090258
-368337.574724
-365191.589629
-342546.719055
-356403.701174
-359426.775805
-354827.477372
-355876.50008
-347598.475087
-360693.864941
-353813.401715
-345479.731598
-356341.687226
-371703.87449
-361162.292883
-360443.154037
-348127.42737
-355561.400684
-364922.03705
-360718.640352
-347853.033627
-351377.360663
-342988.837634
-371016.235144
-349940.466231
-362775.968248
-367974.91023
-359890.778128
-353074.603408
-351629.116386
-378896.626587
-360297.017347
-365421.133493
-349165.723666
-362672.281012
-365683.572473
-359377.556736
-361388.807041
-361182.313472
-364310.45091
-359080.51501
-350711.289725
-360112.888774
-364621.394251
-345242.360943
-356471.367368
-357460.964749
-354632.615858
-352550.120126
-353582.878649
-365201.051437
-367544.345711
-357379.912246
-361249.054134
-348964.332776
-362745.98671
-358698.103071
-358631.66623
-354910.878778
-354090.064481
-362198.365771
-361979.485933
-344711.260657
-348956.861002
-357973.598227
-367303.486876
-369874.255494
-356716.73918
-364793.381736
-373823.637889
-358788.945942
-362867.805142
-352927.147222
-340933.024097
-366476.628322
-349823.105633
-344175.137365
-361826.38819
-362154.348462
-355588.980642
-350889.622817
-339070.288101
-358731.074386
-359594.569406
-361932.727173
-352143.71319
-352722.542849
-342252.290747
-356654.359218
-354114.182698
-349175.456566
-352439.383346
-362491.053525
-356362.324665
-358068.936109
-345663.181784
-340374.519421
-347274.413088
-362575.038144
-360008.401774
-367170.210131
-368082.1462
-325775.586694
-370000.040885
-362820.767012
-351362.235383
-373074.382963
-339497.945374
-359470.444866
-356007.003191
-364724.132344
-358988.616449
-355997.87321
-355526.671741
-357348.109873
-348418.905688
-341705.408639
-353043.103722
-360649.343523
-339260.450807
-368969.361539
-368014.610167
-376478.273268
-347201.776995
-351339.136707
-350926.403517
-350248.914479
-343114.849241
-345815.949708
-347702.52264
-355812.7312
-356608.188938
-357615.541915
-361890.119193
-368018.046171
-357167.042928
-367516.938103
-366099.46987
-360698.848857
-352764.736493
-340574.686538
-357606.93189
-347710.023717
-351083.076309
-364317.910656
-355191.626103
-359098.41509
-344021.141866
-350699.378451
-354540.213001
-345790.914178
-351734.220373
-367754.649474
-359242.604654
-372644.149444
-374562.83741
-367016.40951
-357901.543356
-365276.825863
-357773.022819
-362675.770457
-346297.370987
-351666.377589
-346398.117311
-351574.483985
-358238.587525
-359665.894007
-356372.381387
-348229.123368
-355720.661223
-361520.651342
-344817.554695
-357502.918266
-355290.393651
-357233.440658
-363046.560859
-356344.182283
-347545.175403
-354489.167542
-361996.326038
-357653.257397
-359856.319099
-359681.1104
-359251.580237
-358489.520057
-364567.030448
-352527.30794
-372867.533494
-364640.523244
-353828.079034
-373196.305537
-354920.885524
-365430.4971
-355799.275116
-356712.734461
-349688.454722
-353357.41677
-372368.283514
-356541.868427
-352229.457781
-355502.698016
-364620.014164
-351515.959382
-372688.628231
-357567.963768
-359978.190175
-364218.909633
-351253.206759
-344397.971392
-358855.858914
-343457.96212
-358573.574328
-353837.459244
-363498.448563
-368996.692924
-347639.44394
-351294.553588
-358599.174297
-362943.166364
-357698.407492
-349347.656124
-352818.457563
-352344.259761
-366219.851879
-356407.702668
-360531.269452
-366024.405698
-355962.245571
-345432.354046
-362473.921856
-356138.763439
-366306.461463
-362875.891519
-368916.236953
-362792.718111
-364284.374442
-347418.311927
-358825.169017
-359158.44927
-354503.556926
-372445.142087
-371161.939694
-341590.684097
-363743.42671
-364345.964032
-344511.734775
-364148.438264
-335402.752507
-368970.541015
-360051.597961
-357245.967481
-365974.625984
-347930.059136
-359230.636175
-362641.57847
-349718.840617
-351696.455584
-343026.556578
-361581.511775
-342528.268073
-352939.562974
-376329.31615
-367658.725641
-351712.933342
-363323.455068
-333039.616568
-364157.131777
-367201.028047
-351697.299839
-359486.927834
-357480.358442
-369516.382907
-358507.606686
-364437.41
-351343.934947
-358210.053145
-348246.682373
-355800.911768
-357222.764499
-370141.330774
-365126.076613
-349813.565103
-344186.691688
-366123.332461
-350091.275583
-358891.678448
-348233.24523
-343844.871481
-353444.325338
-358452.991317
-341030.691022
-366597.081849
-359645.656186
-355461.317111
-360895.28315
-355139.605525
-363473.346696
-355048.426431
-351688.686584
-347955.865735
-345541.791577
-366577.629227
-340189.043718
-367679.072826
-361991.901645
-364262.373251
-362870.089731
-360279.748962
-343857.511782
-348365.000098
-345602.332335
-355388.663173
-366655.737585
-370426.78472
-349621.489665
-363540.918169
-355495.561064
-355572.361891
-353014.192377
-368077.7382
-362364.941967
-358828.673061
-353862.231994
-353008.820539
-353957.41934
-363239.194623
-354107.739221
-354293.919409
-360634.463607
-355045.792364
-356842.376852
-365929.692325
-364055.35399
-360503.788942
-362906.630318
-359516.792767
-370822.438103
-356153.629296
-366158.829871
-346520.686285
-363532.051731
-366084.548574
-369317.122426
-358365.848489
-341992.811164
-366363.530083
-366718.765667
-370903.50365
-350981.97984
-355197.631186
-361777.819413
-367717.375501
-362772.77422
-362158.059333
-345065.926966
-353197.137306
-343344.616385
-365233.548338
-351992.631641
-360493.625269
-348080.574007
-364781.186642
-358386.277277
-368835.443185
-342294.535479
-368762.390187
-365335.748645
-359173.218059
-368227.429504
-359000.980755
-345181.410141
-362700.346356
-372495.715986
-348879.690955
-351698.751149
-352181.090572
-348095.802289
-350670.026357
-353745.333195
-365452.10012
-345327.385313
-361770.105403
-358501.531468
-353432.169032
-353044.854293
-345681.696543
-361555.845699
-359896.894034
-352614.267309
-348200.037382
-361327.57299
-362917.632708
-338630.20264
-349975.695125
-356921.393932
-366278.379101
-354731.715281
-355731.595275
-355425.24509
-354288.592482
-350459.931628
-351298.76244
-336795.892791
-334380.096068
-364449.170717
-370400.541498
-373926.936893
-341582.193129
-351677.383625
-339526.232316
-356201.73879
-359750.069496
-358135.245025
-361256.405578
-359358.571522
-381359.240709
-357739.055192
-340836.068652
-353659.045261
-349796.650225
-356919.822858
-360532.400989
-361859.937918
-347941.528374
-364435.168497
-362715.587552
-366466.954198
-355082.598081
-355573.370366
-363011.760535
-358623.699531
-358090.233141
-357784.25432
-360832.837428
-369385.636
-358432.957195
-373091.814038
-362418.687623
-368916.646677
-361847.740377
-353777.380975
-368955.981368
-361822.118389
-348291.324272
-345267.573903
-359122.201567
-354283.771906
-352968.351328
-369998.050756
-354486.656044
-358169.028887
-347442.865409
-366375.573147
-367327.919593
-349118.505875
-336588.514231
-368595.177057
-363404.328555
-355311.926065
-353972.085113
-364594.035744
-368402.820105
-357264.119707
-351757.819793
-340162.404389
-365258.568977
-370595.064505
-345373.711275
-346435.192621
-364972.004277
-356009.131496
-353385.187202
-367990.774436
-361210.16653
-359495.243209
-356820.511942
-369690.807769
-350764.594972
-361844.130012
-359248.784415
-364718.327257
-368579.059178
-358941.692415
-366783.397684
-356316.257108
-350033.065178
-360268.715182
-352303.940322
-352731.114834
-347871.978965
-356878.717327
-360592.097131
-364190.969313
-352726.854979
-357387.366039
-358064.000594
-353925.803109
-341018.257944
-339276.337263
-364880.779263
-360619.164045
-353733.464431
-365822.359806
-361954.88537
-365575.117681
-362087.189398
-349052.916204
-358270.762143
-356637.636947
-354966.289775
-347184.947812
-343115.612286
-357142.924297
-349479.828563
-368485.933612
-366265.557721
-358969.428622
-364364.670432
-359119.952049
-358115.189085
-352919.445939
-348769.7475
-359138.793431
-348414.753832
-354180.117695
-362798.002824
-371602.9103
-366084.713032
-357624.714563
-358091.086526
-355245.518499
-348365.492505
-352486.211918
-370913.528798
-362791.17676
-344177.801235
-368825.489576
-350622.286687
-348646.242515
-350007.546173
-357861.909093
-349899.070528
-350869.719294
-354225.274692
-347174.909274
-366024.400823
-350696.443338
-362472.326252
-356334.226026
-341500.711769
-347408.632826
-328457.965038
-359367.146048
-351142.657639
-342469.488498
-338663.1629
-364963.089035
-361933.449853
-350164.736689
-336607.688479
-350324.239817
-347322.416709
-351429.037254
-366708.655176
-352979.30128
-360203.163776
-365646.888052
-349476.996329
-360087.109092
-327363.931871
-365676.893144
-357511.650364
-356385.467445
-369101.804093
-335623.814421
-340113.180043
-368596.481476
-355315.152989
-354260.860913
-365505.256673
-356271.458189
-355831.226746
-341146.309824
-346612.408403
-365049.219136
-350652.041463
-362638.986092
-349465.360155
-354283.068042
-361206.350291
-354390.108085
-370896.550223
-340990.380662
-368005.514633
-350049.902688
-357895.645855
-359213.167628
-364308.099011
-371313.854052
-358800.540503
-341270.438018
-355813.132671
-374893.88257
-378811.029893
-358400.276881
-347732.026979
-362509.625473
-364053.606824
-355811.031244
-377968.97362
-340431.415161
-329866.292243
-358454.107593
-352073.155696
-358613.623202
-366170.600854
-347439.368266
-353039.164069
-362672.621055
-365485.915958
-352090.163693
-357687.692733
-348034.429259
-361438.765854
-361941.580287
-346310.160837
-358546.933141
-350306.502517
-355310.128909
-354254.522266
-367337.734841
-361172.690494
-359270.919298
-357599.990934
-344158.753326
-359964.89359
-364301.143806
-355620.199158
-362352.023229
-347368.965741
-362595.484514
-357120.748901
-364498.059557
-366053.813565
-358856.767696
-334489.846741
-367249.318452
-360996.79776
-335706.096532
-366699.308654
-368393.989775
-355353.635006
-351829.235878
-367471.067081
-361624.211151
-371262.918417
-360254.310783
-345445.620147
-350380.290006
-351432.922379
-363719.346225
-364828.906664
-357287.623168
-355352.352851
-365124.468814
-359370.622242
-376840.826484
-356512.080461
-337743.209001
-350383.774286
-359696.490254
-354599.841735
-358841.794173
-353393.141925
-349000.144159
-361882.878033
-359467.422592
-341859.775331
-350666.389719
-345169.59073
-372131.689113
-358843.994833
-347603.143737
-357397.620259
-361764.895268
-344856.250044
-361918.030067
-347987.167746
-359183.135298
-347761.970506
-361911.935781
-342069.70081
-357116.935323
-344528.261897
-355084.151949
-369851.695653
-362245.333252
-361762.948843
-369235.173243
-365995.233312
-365600.890502
-337912.146756
-363194.645911
-367595.135681
-340013.79352
-363964.806476
-356284.768808
-364715.945962
-364086.256986
-351107.606175
-351207.327384
-323690.663029
-360174.408008
-343533.663126
-352627.553745
-350225.966987
-337236.446969
-340656.319873
-370044.92771
-357195.749815
-369419.804393
-360144.582094
-348584.713758
-360366.56436
-367791.237547
-345646.797315
-354296.964853
-354419.930603
-356194.278271
-366956.35058
-347075.450607
-339320.363469
-370571.903105
-382990.21733
-370037.686548
-352567.476507
-346456.26937
-354068.820011
-369939.090014
-333726.416789
-354960.611278
-358646.688211
-358312.384648
-365668.311502
-362843.404795
-372438.504567
-369789.723217
-350957.378304
-356740.670203
-350894.005385
-333732.75706
-352935.850556
-359738.349198
-355053.984055
-362186.989269
-362691.465778
-365328.283788
-363142.686312
-355544.178888
-348873.360849
-349234.069011
-365093.239766
-357361.903498
-338740.70501
-352064.067402
-352133.794479
-356752.632184
-359235.295612
-350867.636014
-354678.746965
-362633.632124
-353164.471053
-351073.236501
-359511.711023
-367188.461119
-369526.312315
-352542.622597
-356024.837809
-355592.883756
-333399.018969
-364227.426096
-345919.291043
-372058.311868
-373766.210954
-353825.006298
-357629.788646
-373756.904975
-369840.485854
-353061.300131
-365908.446513
-356463.07496
-360442.308448
-338136.786493
-356469.399449
-363753.890215
-360335.537798
-345541.706482
-351803.666868
-366492.224135
-349947.91439
-360613.129461
-357462.977252
-371797.918192
-341578.521038
-362203.839981
-355530.976329
-362264.586532
-365213.202182
-348318.505151
-358712.810132
-353092.231578
-354878.007298
-369613.71658
-364613.311503
-361443.087124
-361483.71441
-360700.214974
-355144.441348
-370315.041415
-364699.617728
-366260.84243
-361377.045731
-353994.388135
-358980.398434
-361210.5797
-362013.077475
-366348.596829
-351739.626444
-354411.796163
-356307.887358
-361330.484703
-347318.265122
-358597.388134
-362217.990119
-367078.844007
-356043.402248
-369551.223271
-360981.414475
-367570.718119
-359678.58191
-364810.397527
-346379.96675
-348528.774595
-359177.404699
-356873.625677
-350914.627141
-360200.804535
-355514.847088
-350806.987473
-351205.549074
-368450.101472
-360072.04846
-368375.604335
-365384.397559
-367217.233731
-366958.366157
-354064.850776
-345128.432925
-350584.785334
-368001.565385
-357149.764776
-361425.429915
-346231.772867
-350387.767512
-345564.918552
-358097.080894
-351585.372466
-355186.342987
-344038.108315
-353813.631515
-351978.595864
-358082.522319
-349286.279709
-356988.781766
-347898.939321
-349815.223488
-366591.697628
-350934.947485
-352085.429966
-363438.797659
-336324.640659
-365225.111468
-347001.099731
-346851.762201
-357650.277824
-374861.875922
-366145.238344
-366925.282589
-354442.103007
-346558.07611
-359274.233835
-357184.863304
-357820.453679
-368754.039252
-363542.724607
-357646.51387
-339220.659411
-357916.526096
-362948.788085
-351677.740754
-359639.586845
-358951.416678
-369555.248219
-348194.51683
-364584.792218
-364245.558009
-362631.151562
-367021.891835
-349613.35612
-362240.550611
-352998.170749
-354194.503249
-354254.873407
-368834.967117
-336646.082765
-371967.167697
-351363.549226
-348575.111169
-365302.070929
-357378.034614
-351876.845099
-351741.094061
-347634.924306
-357181.131577
-374983.096216
-357949.931148
-359533.149261
-360954.427385
-354359.876407
-375253.501275
-339712.411738
-374957.391687
-349733.404851
-367807.153421
-341504.310775
-367130.1036
-355904.531142
-354910.764846
-349501.003758
-353948.105613
-360808.012721
-363704.867074
-351238.659516
-361041.74707
-356533.111947
-366675.169368
-353297.698859
-347702.222642
-356483.305214
-365282.09898
-368018.058448
-363026.429853
-361593.503962
-352097.789461
-347352.843565
-352848.452101
-343471.139077
-356812.242301
-360225.987993
-349942.52962
-349505.946998
-341205.149831
-351217.377823
-362966.395053
-349752.598165
-368537.656799
-359021.890729
-357215.648971
-352375.404592
-353739.578333
-362849.796002
-365116.279935
-367936.47538
-365990.521071
-357154.637584
-363853.829949
-351932.464213
-359012.934019
-356890.574429
-364300.85092
-354931.199889
-365656.771702
-371595.724068
-354010.508978
-346741.061525
-349505.724172
-354892.645241
-365155.667977
-355907.524207
-353524.833133
-342447.427384
-349447.848498
-359886.973857
-355526.657922
-358980.666289
-362012.630295
-359632.131245
-372699.229974
-347258.685603
-358501.77887
-363855.477524
-360020.656935
-346537.943496
-362924.499977
-368386.343153
-350721.92637
-353083.164851
-353504.378752
-371279.575556
-373845.62881
-357634.895418
-347992.40671
-354209.706822
-367140.356082
-360318.660746
-369198.715249
-333195.089555
-364885.786911
-357817.381638
-349005.649378
-359711.312364
-356888.790008
-349383.35645
-349328.957232
-362643.14186
-363543.478614
-356296.712458
-349130.480846
-363009.275093
-348612.213968
-362251.49144
-351266.705337
-359636.992116
-352218.009988
-366151.590134
-356602.575163
-361779.52645
-362748.845065
-347496.345799
-358693.555415
-355344.36787
-356411.750682
-366096.721883
-353057.335633
-354717.388054
-361887.227199
-357630.203245
-360739.082946
-373061.343352
-361329.320855
-343925.939572
-355903.937565
-362651.557581
-362730.503356
-354396.296116
-361279.776622
-362740.624152
-377248.578004
-364266.771554
-349011.246784
-352659.444518
-352337.07407
-357731.452646
-367141.413056
-359172.460587
-356355.037169
-370270.568481
-358318.922875
-363200.578446
-357987.835742
-354890.352332
-358447.330095
-351735.46217
-373457.148167
-364367.648385
-362373.757192
-357637.415832
-353646.273333
-367856.384535
-361728.689925
-353670.778505
-359859.084981
-365063.667653
-355068.799251
-353940.283362
-359011.908942
-352958.525475
-362392.421482
-343096.078334
-360067.707439
-361468.352477
-356330.241423
-351175.208635
-354061.106883
-361730.817978
-348582.351797
-358974.627936
-359980.049322
-351043.624683
-360602.26654
-363141.181913
-346284.384604
-362878.899142
-365441.288301
-361107.621421
-360983.914899
-371593.447116
-338251.099805
-344663.630568
-345020.745308
-362841.568086
-365447.228931
-359125.022848
-368525.857911
-349065.665722
-365477.383792
-362596.456544
-361729.581542
-353075.189388
-351342.372946
-362758.285159
-347587.068815
-344947.181218
-363486.774548
-359575.231618
-358089.959891
-354019.59891
-352434.884968
-359771.058719
-357057.448679
-343833.36336
-345619.937859
-362565.742919
-373355.153148
-351668.746807
-358107.188775
-356223.736614
-360908.505677
-366051.88756
-353915.224359
-357681.66755
-345357.912473
-352563.034531
-350896.6971
-360123.272707
-353379.736803
-359089.637013
-366386.061517
-355199.884586
-375389.18818
-353647.196663
-365487.049768
-348870.65481
-373924.0886
-352137.107903
-360498.329456
-355707.926215
-357687.60954
-365672.572732
-363837.363896
-364860.896876
-363219.258605
-344208.105823
-360893.586748
-362096.24351
-365397.446659
-358324.128049
-358348.890215
-364180.315924
-359957.355636
-357924.207457
-343918.761406
-355073.788106
-359887.292795
-364602.300037
-367552.749253
-348737.301586
-372955.278314
-376532.647467
-352438.368881
-355703.126855
-356269.857201
-361184.668969
-356436.201754
-355000.588201
-341229.878232
-349778.968391
-356953.272346
-375395.825347
-351639.931914
-351712.051421
-349088.629645
-357465.287223
-358400.539316
-361139.038753
-351441.817897
-365799.606366
-350353.093343
-370416.401285
-354429.427263
-377008.390882
-360346.731144
-356991.446834
-368590.675052
-355517.333652
-363749.57205
-356416.206813
-343090.151493
-344501.529208
-361201.911851
-352758.33833
-349641.495559
-348529.861851
-373616.512392
-362404.050834
-356245.83606
-355297.038506
-361332.419267
-366072.507805
-362566.488864
-355124.44971
-358233.78725
-353944.218674
-355210.230809
-350325.560807
-362537.620312
-359446.347695
-349389.21608
-365269.606234
-362039.384842
-355411.864498
-353547.8236
-358490.156657
-365122.7078
-369156.522316
-367731.942046
-351793.20731
-365107.331132
-363283.065274
-352472.738883
-367069.346043
-354610.130737
-363306.475845
-349493.858442
-358895.866442
-354084.635475
-355411.603918
-363312.014069
-354119.938866
-361400.067121
-361604.341266
-367804.579516
-340861.283601
-368651.147571
-347313.101689
-355933.175838
-360612.250742
-358442.639838
-345731.59106
-354751.179936
-365690.238538
-347310.934754
-360195.341832
-361268.062829
-361108.638984
-369901.50273
-368877.470794
-353549.042679
-362157.664572
-351791.925026
-357390.702366
-354329.178071
-370032.310989
-363215.26761
-358009.652906
-353482.761199
-366374.846274
-358230.578883
-355113.244461
-353990.842894
-351230.154069
-359234.415357
-366948.167834
-352625.302114
-364461.041193
-370694.026493
-351478.683307
-362794.867623
-357919.269971
-336586.207806
-350907.832775
-357768.756116
-353244.909742
-358728.406159
-365040.824644
-363922.123456
-343368.945156
-363507.062596
-368683.88582
-363761.234784
-352922.954548
-347047.315959
-364378.807908
-358387.702449
-358668.658199
-341775.568078
-355953.257215
-350023.703754
-363919.350177
-357995.59248
-352514.855379
-336139.07112
-365064.783896
-373835.322581
-344369.471053
-362866.395307
-349486.310464
-347873.9634
-355561.990598
-356232.208641
-337908.478077
-349810.806963
-360474.191085
-353080.772071
-365936.75306
-361104.569131
-367419.112044
-341324.780458
-344616.209543
-362631.173728
-357579.892407
-356830.325866
-358909.055793
-359311.276232
-335089.746777
-360562.905926
-370286.968422
-374996.434739
-376116.271363
-345911.123176
-347115.193207
-361773.348857
-365474.831707
-332591.266333
-353466.442483
-366694.103929
-363766.620823
-357468.93437
-332407.24538
-351871.985126
-351018.90922
-352179.565967
-354605.607684
-350431.208575
-356438.057042
-357928.970351
-350584.956951
-361261.878908
-353708.239465
-353859.790845
-358004.898323
-358952.200811
-363502.015054
-349146.823347
-344384.912796
-359783.99368
-361128.916095
-349582.86151
-371028.596913
-360846.44428
-355570.480699
-362848.906197
-361790.071919
-364765.387214
-358855.20199
-359692.088936
-360270.870685
-354037.05506
-336027.85312
-368784.482695
-349329.591698
-353059.112894
-365558.269118
-368315.883512
-344834.501556
-364434.159346
-354143.135006
-367756.864262
-357256.282024
-346989.440359
-356320.280191
-362126.363061
-361875.799702
-345040.847271
-362414.347052
-342866.661322
-356318.443308
-354681.204706
-344029.512938
-362825.083018
-347715.287786
-356579.723837
-365706.997142
-356963.155326
-351653.081506
-347022.57713
-365302.392193
-353108.364527
-359916.911934
-355503.581919
-346083.663865
-350343.578472
-345092.010877
-355003.422987
-361412.180529
-366114.173465
-353176.840948
-363080.694836
-365230.924642
-347492.360088
-350146.209758
-344699.289416
-352879.053935
-350518.874803
-339904.003735
-345036.227285
-360724.145208
-355845.627989
-352329.262034
-363699.372292
-363587.189756
-360917.298231
-370418.159512
-351807.953723
-351922.414731
-369740.789416
-361053.083407
-365967.08203
-356131.527109
-360192.093056
-355832.328136
-361083.011579
-359989.398321
-355694.579108
-369750.054473
-357903.594988
-354560.115635
-364529.420255
-361190.085526
-360426.732761
-365012.330028
-352198.929422
-375987.695557
-347743.104702
-360339.370905
-354218.09615
-349774.521304
-356311.861566
-371830.817654
-356748.474177
-363251.157438
-373547.804311
-368451.941501
-363760.064298
-372601.298994
-358351.912024
-345001.384776
-352267.426514
-363392.909305
-356938.200421
-364059.644903
-362948.601276
-365481.867318
-346479.083041
-350831.154284
-366394.033068
-364858.209026
-359553.390139
-359462.631891
-360451.490198
-357790.783649
-362845.11998
-359376.260385
-365839.45589
-365457.506378
-354569.447744
-360339.93677
-365842.435752
-351932.875635
-357225.926506
-351813.488273
-353167.418614
-363935.98981
-356157.173014
-344595.479935
-359888.028782
-360765.603505
-343167.668892
-358611.097187
-342692.114634
-371731.256189
-359470.832473
-339349.675032
-363860.516298
-352203.456723
-356986.841076
-362890.27254
-350482.543246
-355407.027562
-357626.341752
-354959.293504
-363172.509786
-362401.500136
-368220.240698
-343924.910153
-361025.322258
-357818.201219
-342069.602612
-362727.765703
-343194.175632
-353684.702326
-349969.680095
-352366.506426
-344213.537036
-350596.662203
-361883.916318
-361239.266731
-345140.328662
-352893.526813
-363222.583665
-332279.92475
-365269.587601
-353605.056848
-359525.725603
-332734.870551
-347332.081679
-346047.391777
-369025.085596
-366172.950229
-345696.83953
-367455.413829
-348538.399858
-354411.110567
-359155.620856
-359462.059866
-365742.289317
-364911.569343
-367707.921101
-361750.749177
-351930.597086
-334687.007076
-373617.880462
-347648.221429
-362815.06772
-356628.073503
-359646.059104
-345279.27188
-362513.87947
-350058.519669
-354476.821199
-359406.011137
-344983.617816
-360530.134408
-347414.753131
-333141.631243
-357664.368053
-350911.25703
-336301.3399
-348817.339283
-357744.274259
-369394.387545
-365264.882061
-348774.917198
-354897.36307
-351595.617756
-351866.136915
-366701.602986
-364812.5208
-349577.922338
-364774.737743
-361798.369343
-375446.610144
-351255.2667
-357320.681407
-325532.262478
-370240.446874
-348624.300418
-344867.163922
-364363.22876
-361104.233248
-358016.722441
-339426.868069
-352290.642039
-361625.884779
-320535.079492
-351849.33552
-347622.085827
-354126.333531
-351971.351191
-361046.501305
-352354.108695
-343950.978145
-358951.218118
-363087.405691
-352854.588077
-350785.583203
-359776.850004
-353969.728562
-352237.673819
-351504.250766
-367245.562433
-360548.801801
-351797.489077
-360302.206103
-363517.481206
-342762.91621
-359412.71944
-363572.059634
-364701.097792
-365487.144342
-350358.247403
-362195.406926
-346495.066101
-363096.06559
-345581.099952
-353162.533728
-361236.418786
-350432.089618
-360972.621505
-341486.138955
-368650.391848
-356335.182694
-357079.375342
-351783.654086
-355121.864958
-364741.856561
-358781.295063
-354780.355576
-368571.850243
-346029.067531
-354527.723809
-365578.400265
-350664.758896
-361219.145055
-351265.798092
-361960.939353
-373982.700125
-368125.479895
-364848.719201
-362174.917607
-341461.495899
-364961.341092
-345941.981388
-351946.802182
-355494.343311
-357480.16274
-359808.901785
-350015.05821
-362077.496409
-329614.496004
-369146.792251
-360844.836051
-336154.69982
-355405.820547
-367188.056447
-364395.675174
-361966.421814
-365608.644746
-363586.81802
-354942.236216
-364768.779302
-333701.58481
-355329.017618
-347065.056485
-365926.821318
-356467.176731
-356933.191061
-363628.506222
-355828.507787
-345042.477293
-351920.596621
-362638.727106
-364732.188541
-358328.920613
-348888.666341
-369469.680608
-343426.988468
-365368.037703
-356814.190057
-351015.685026
-360978.37288
-352591.091719
-340822.388253
-364461.138858
-363067.576629
-361385.212083
-347344.971654
-362193.853511
-364438.141203
-350039.643204
-351974.915356
-334895.139328
-349819.572759
-369309.473761
-350511.270032
-349544.865187
-349188.561568
-350261.821626
-357581.91282
-360743.417053
-360033.230154
-361094.643772
-364235.211897
-363811.034899
-352046.598487
-359601.949499
-371900.474189
-357515.440522
-355833.314541
-365723.493595
-361447.141787
-365471.440498
-367051.150835
-354574.167807
-345889.908076
-351289.964396
-358243.825018
-348163.960545
-362088.310121
-362739.44755
-356752.922239
-367561.895503
-353212.708718
-352013.002723
-334825.398726
-362867.273539
-357059.57084
-354600.211751
-345591.536663
-348774.402407
-356448.249941
-361442.9984
-340296.362945
-353062.551061
-355868.914709
-342836.965538
-354315.233232
-356849.375244
-361852.318379
-359012.989065
-360479.863335
-360434.089039
-342848.425907
-346956.379459
-363126.651508
-353113.679906
-338332.686992
-352720.89569
-362842.523277
-360512.798639
-360808.12596
-353299.210666
-350179.366917
-355674.1241
-369001.653981
-371191.270824
-356097.787505
-349215.393572
-343394.359851
-356997.631774
-367053.488317
-336910.363461
-352342.648312
-372443.659102
-370380.809714
-344431.200625
-369505.072197
-366076.575118
-337249.015861
-346088.846504
-363849.177891
-362676.515181
-348652.334407
-363683.933242
-354840.53758
-350694.787222
-366271.829369
-349974.088757
-360539.655948
-346491.523069
-362256.938543
-357264.445487
-351568.752684
-361499.311726
-357101.991294
-355631.200298
-357106.517648
-357566.684949
-364251.836572
-355802.815114
-360838.499676
-351097.754694
-349095.824387
-364048.353882
-354922.951808
-357582.399242
-353786.406412
-356514.499225
-361425.253469
-362770.739528
-352356.074202
-360381.718546
-354290.176175
-372258.22915
-352281.188448
-358697.544291
-369215.164443
-373076.388384
-369299.684959
-363702.804868
-356349.843942
-356771.363961
-355037.905964
-370045.034332
-365896.732163
-359866.742725
-337378.70219
-352581.301953
-350956.198049
-350255.191649
-350457.659112
-341891.215122
-365940.344493
-354560.408041
-354160.16463
-348199.005133
-344100.089175
-352661.91542
-368111.920796
-359090.241533
-353052.176712
-356204.543552
-353353.410511
-358520.223737
-360536.073205
-357188.672473
-356330.926695
-357648.111562
-353100.258222
-340765.909092
-366246.380334
-346853.933943
-365070.196722
-354927.774161
-352509.512987
-358008.396106
-347106.865584
-355108.049369
-347759.275449
-357345.916828
-353418.110734
-349578.25186
-356578.711921
-360739.426158
-347490.976606
-362199.011436
-366134.516242
-363454.300918
-375483.930317
-353922.511464
-355189.927974
-375008.801975
-364406.89435
-365622.452776
-347101.842531
-358008.522122
-362997.740922
-359087.899938
-354305.475557
-338521.165079
-368974.553676
-345222.016082
-356638.766874
-347248.026899
-362089.060181
-367769.34758
-362329.757566
-353246.862339
-355871.524564
-364086.237623
-342995.452616
-369006.02396
-370972.804563
-364814.953416
-360584.239155
-357994.979496
-344238.3319
-359109.036451
-361546.283013
-346905.98918
-358983.098049
-352138.881042
-365332.732034
-365525.411745
-357232.530256
-342902.355588
-348021.37322
-362693.284334
-354587.314229
-363130.119268
-353616.075536
-359285.409603
-357941.088339
-352879.865999
-361860.099526
-358084.40223
-349097.816435
-354157.485154
-357664.24786
-364233.488586
-348980.255384
-356443.361095
-371112.723873
-355600.68354
-369715.407179
-356584.722462
-368752.055715
-354341.786638
-350378.716584
-360771.732684
-347608.2484
-364327.449973
-346446.104375
-362117.662393
-356965.771332
-359277.19143
-364633.388956
-347706.586753
-336611.397267
-353460.396881
-366579.043213
-352333.225486
-359550.64462
-364523.702741
-355472.197274
-348002.380501
-340625.406315
-354108.779218
-352838.289519
-365368.220158
-349216.849172
-366368.040983
-353223.04231
-356496.070611
-345382.984106
-349923.385899
-347895.502231
-349956.111123
-355268.141351
-356809.104651
-363187.365627
-373142.224947
-359029.094635
-372831.678753
-352967.324867
-359118.369473
-361192.73075
-359166.08775
-355487.387135
-345791.490033
-364103.034411
-364259.11695
-358279.775136
-353989.871174
-341937.542103
-356732.29239
-352885.151887
-363825.768144
-355533.659579
-353960.916461
-358200.7756
-353539.756536
-353943.795016
-362525.469024
-348092.572396
-339759.810311
-347284.830445
-366319.077666
-360074.789616
-354557.485555
-361294.377454
-346801.494294
-363027.716855
-344390.686791
-345913.14148
-353442.786316
-344683.545305
-360765.016917
-373482.706606
-335368.956111
-348561.874385
-351591.303473
-357325.372454
-357998.705502
-357607.86051
-357131.772131
-374106.276982
-348668.670035
-355055.800543
-361462.923718
-343660.351025
-359403.686502
-362042.646338
-360438.855309
-367133.595778
-358841.257645
-349734.09938
-379302.027896
-355876.51381
-360643.59725
-346732.178936
-351830.853935
-362968.782391
-342613.118238
-343841.95322
-362348.616777
-371545.193669
-348082.636589
-359047.634158
-357862.032702
-370736.876641
-361481.914781
-369488.088371
-365706.398141
-340788.897455
-369183.822919
-358095.861986
-364446.440404
-349099.986735
-344028.000157
-371199.411726
-362251.33821
-371964.941251
-358224.478388
-358583.320151
-357393.650286
-365282.142672
-351186.516876
-361237.743429
-348853.599883
-344535.968953
-357374.090034
-353549.984597
-370799.923373
-359990.24393
-361489.714603
-359189.825002
-354289.507056
-365330.53064
-355235.039686
-339774.332325
-358343.01732
-365172.188991
-375469.638475
-358103.428289
-367946.319463
-353923.580533
-355780.591421
-340905.462583
-362518.75187
-358082.086709
-359670.00177
-345994.579887
-352718.295083
-359811.770838
-362805.326651
-341828.616351
-364441.460318
-351934.847589
-370629.674314
-353781.003535
-358167.245033
-351475.27682
-342572.897418
-352453.679275
-358216.130926
-361568.636733
-350955.91606
-356250.195666
-346899.319941
-358522.556371
-356336.495269
-363984.767231
-353727.293997
-359855.028194
-366854.163843
-350586.337131
-352670.306193
-368792.873658
-352806.556176
-357598.87546
-336370.043478
-349752.377654
-359324.679747
-339419.467566
-363541.988151
-365788.070578
-354404.574902
-357906.407185
-349533.923762
-359305.091798
-365033.093303
-356740.061204
-356306.476645
-354680.849246
-353856.828316
-358867.76904
-353032.187544
-363064.39524
-354639.580052
-366604.829029
-355571.324603
-349242.720476
-352205.802059
-361376.535678
-354245.902805
-345304.336139
-372539.908609
-357153.413544
-353198.021239
-359398.539837
-366081.31389
-352181.906486
-353346.891183
-352992.008357
-355266.160879
-365255.720262
-355305.542694
-360255.732942
-365719.329186
-357209.600347
-344479.653315
-348425.720253
-366562.310959
-362955.230613
-351895.304669
-370830.530656
-354235.154235
-352933.601774
-363234.831113
-346997.528607
-351867.296026
-350309.876159
-367661.912232
-353557.967169
-351657.620635
-356331.379534
-368599.267157
-350040.192323
-351371.389679
-344775.70632
-361658.810233
-360855.857771
-364800.58591
-362285.15758
-367410.950382
-361884.229982
-353508.70841
-353017.169277
-344044.249079
-344506.524997
-351583.205464
-361699.624801
-355539.813873
-355137.835582
-356104.432084
-350486.741646
-357316.890934
-354547.923691
-348212.061837
-350222.396394
-362434.317917
-351269.450356
-365665.683622
-347591.645112
-352194.053721
-346416.307957
-363897.173329
-334169.024844
-353618.243661
-364517.381305
-347310.740612
-364085.948157
-374594.421211
-342344.791742
-370633.941188
-358053.429725
-351931.010526
-355396.606492
-342988.205603
-352213.593988
-357464.526137
-359146.430771
-355491.826097
-354801.915302
-356687.745259
-355140.822732
-354128.658498
-358554.870831
-352226.196281
-340707.949859
-351495.129827
-355708.504507
-357117.137582
-364724.493284
-358110.679921
-363778.281842
-357083.074727
-364964.976622
-367002.542678
-366006.698189
-355004.7284
-352403.048676
-350586.005539
-351580.323725
-349398.803027
-344369.505068
-359127.422227
-360347.198952
-341653.216848
-353681.454046
-376849.063959
-365834.736641
-374711.25617
-352426.398127
-352349.563374
-362630.428808
-354014.605697
-362633.476487
-345890.01558
-363153.816573
-366815.288319
-366113.891928
-355749.698598
-353429.257923
-353217.960976
-352168.785982
-360637.060233
-361053.83392
-343389.697405
-360622.118299
-359186.700247
-351623.809702
-368308.417143
-358322.970747
-370075.868165
-356730.862718
-366806.317409
-346813.036533
-357674.939035
-370723.421958
-359998.41284
-371561.029826
-344872.096702
-355211.405331
-362924.588637
-342590.380892
-352389.182577
-371812.461024
-364267.631636
-365443.068516
-361374.561094
-347618.298778
-361128.995711
-355676.765209
-366951.57173
-360288.515298
-354859.769444
-367501.861027
-336752.885864
-352063.474365
-356398.121763
-328534.573431
-345461.619301
-361474.837171
-362701.983725
-352919.599885
-353176.084361
-358592.194007
-366287.687594
-360588.228368
-357717.656506
-346668.924741
-368669.397951
-365161.950101
-368128.072278
-341720.224869
-365259.105796
-351741.201295
-341086.086079
-358877.088173
-367819.237225
-358175.567037
-362388.162097
-358462.645199
-369223.866846
-354056.864965
-362398.69379
-363385.829852
-360713.20736
-358967.574812
-356091.388309
-357326.914185
-370546.308528
-361148.960215
-355346.728513
-357351.148514
-365715.913854
-368443.754802
-367202.470138
-354166.299725
-360857.485388
-345121.060497
-366449.789578
-360200.790673
-350194.679563
-354589.27516
-372663.67173
-345883.268966
-351972.792201
-351677.833892
-353334.074628
-365456.11324
-352442.751774
-348783.118926
-359992.778288
-339730.480813
-351390.568305
-360054.882408
-359015.974932
-364592.087327
-340240.609069
-349600.840777
-355255.386164
-353162.744596
-359365.400945
-361195.70964
-344811.307418
-352371.369348
-354996.341173
-365537.286374
-367248.855346
-359790.544896
-363719.917958
-351312.701243
-355644.145666
-340701.512248
-356904.505197
-358854.644954
-358444.241894
-354847.669019
-347034.047671
-360549.590465
-367805.664357
-356917.294004
-356061.302069
-363244.985366
-352036.044681
-348761.343013
-349554.732235
-340287.244841
-350638.318953
-370182.156925
-375457.184794
-361417.112755
-361856.005511
-352306.670968
-368691.160741
-365530.472171
-368460.927351
-341721.748243
-364363.378531
-349238.420199
-356569.819328
-339139.345417
-354764.699117
-363496.451385
-350841.243604
-354064.068234
-358857.689234
-359448.562552
-362844.096212
-346667.526875
-367518.490496
-356153.032446
-361365.807758
-367351.410488
-354098.964192
-366936.94269
-359475.126585
-357202.117288
-368682.257816
-359232.695574
-372474.543685
-354603.80399
-355841.760152
-346001.048627
-346504.530191
-360666.508793
-368353.672342
-360938.474839
-352170.318362
-357897.686265
-352356.346725
-363898.284818
-353434.234238
-339472.768034
-368196.839775
-364139.225772
-331886.502789
-357301.978242
-356474.074206
-352071.437039
-355970.418081
-353173.158675
-360679.100963
-362624.664087
-350040.269764
-370595.201937
-353625.882353
-366053.590333
-364892.62185
-360959.245821
-362525.917086
-329586.595436
-356769.524138
-344812.881525
-366138.684282
-352406.114599
-363013.3029
-362322.751588
-367580.798445
-364234.766295
-340189.585456
-355101.051927
-373530.109776
-358095.653432
-368432.573963
-350346.761216
-365015.360963
-367682.856924
-373935.785873
-347070.439316
-354670.930784
-333593.852313
-358418.179298
-354718.711548
-358905.812177
-363616.656996
-344524.290426
-358761.256402
-334842.692761
-360688.240013
-355199.2555
-359281.635656
-358027.789651
-361797.019653
-364550.811683
-361689.649509
-340643.206395
-343758.35515
-367777.231421
-360133.687889
-357196.276142
-340494.400853
-348093.308722
-364973.824589
-345673.84563
-360531.487049
-346693.83282
-356815.381349
-363680.038125
-348480.000921
-350385.156661
-342516.967593
-355945.557122
-353944.154972
-361139.686285
-365686.374437
-359424.858366
-337329.384954
-368763.922382
-362495.423895
-354193.199465
-327531.494487
-363328.143274
-361710.425667
-365289.230831
-351353.760351
-348471.576373
-361786.604116
-358583.009104
-345800.174132
-383648.134955
-347589.845731
-348382.444638
-368917.238603
-364565.710939
-342673.752784
-363077.075577
-346298.678559
-355220.795166
-355504.033348
-365136.692495
-364990.958479
-363507.972197
-360824.873059
-354775.867656
-364232.882214
-365391.413606
-347674.796974
-358280.428294
-356089.33769
-363571.22554
-362749.245895
-362584.074233
-368118.196577
-350184.175854
-357716.038568
-367147.325766
-363551.114411
-354582.421796
-361322.830285
-362766.948954
-353004.938371
-362109.146241
-363531.466155
-367794.044946
-342573.086653
-365857.67134
-350057.904684
-373096.683329
-351153.766924
-370811.237354
-368226.981899
-366215.495404
-369516.611945
-369990.65018
-359764.327847
-336258.171581
-354212.928197
-374741.273105
-352636.711641
-354721.291055
-361942.217191
-348980.821513
-352228.759108
-366701.882621
-357729.739786
-350120.155391
-364867.530813
-357215.277869
-349318.141828
-357122.804196
-355720.274377
-363809.963989
-361532.723774
-353097.126027
-364950.514584
-366489.340901
-357032.98543
-344547.879759
-333835.79934
-359703.018736
-348688.527055
-359309.310378
-359844.00113
-362171.704125
-356255.006171
-355781.226893
-355469.662147
-354165.05119
-357150.466179
-367162.106086
-367311.087843
-367782.924772
-359878.056088
-368232.156062
-358512.956189
-352857.438925
-348071.997715
-376302.093921
-363030.591193
-359226.239191
-358913.740158
-364066.669289
-363125.154948
-369663.529191
-347553.089316
-366627.903633
-368434.947027
-366650.0274
-373696.227182
-361133.661922
-357761.091174
-372657.416762
-353952.425103
-365923.418759
-358256.750885
-362608.441855
-346639.982616
-362758.863772
-361282.423782
-364732.486239
-348496.76655
-358008.751538
-371511.803396
-359803.289478
-353979.682585
-357870.19278
-362371.028767
-360682.257776
-367884.783159
-359362.545295
-348318.618295
-364519.022418
-356270.726113
-360349.961821
-351143.79071
-369538.299676
-345246.470458
-361495.966436
-362770.980566
-365246.677807
-356983.502594
-367590.015711
-366338.594205
-356726.563658
-349439.681142
-347637.878783
-356175.243173
-352639.574473
-359200.685062
-367436.54764
-359024.70553
-359678.371687
-367497.035004
-342243.433247
-355434.02918
-365156.604293
-353080.459273
-362243.281529
-354003.771989
-370916.900834
-343887.184923
-361611.094855
-338885.476312
-359662.812938
-354677.191909
-368519.929234
-360719.231858
-367766.110161
-356030.501596
-369399.371661
-345957.459032
-352136.299379
-361393.372282
-356641.73538
-348111.332578
-372154.826679
-345629.633727
-351646.082247
-357182.13897
-364106.182745
-358371.385366
-369399.086588
-360587.7758
-360102.104811
-348189.836618
-357633.573536
-347894.696259
-368593.075693
-370533.137409
-358302.969381
-356941.34422
-344772.236839
-370538.107226
-358819.339706
-362928.970101
-355558.692951
-358325.840606
-370263.268941
-358958.286991
-343481.173776
-329947.408529
-373050.333228
-350357.84257
-350684.51474
-355313.243721
-356952.229672
-346718.460133
-360276.47999
-344489.485871
-360239.891772
-361417.70726
-360275.360569
-357476.442515
-363802.703823
-355942.212725
-359436.516639
-361155.237189
-360391.949927
-333938.574813
-364108.903165
-344211.702593
-375383.968479
-355027.6183
-363047.751644
-354985.254263
-359175.008543
-345404.115557
-356863.220355
-342637.166527
-339355.208951
-360013.472793
-370037.005983
-361297.162832
-342101.252423
-357054.347783
-364751.246045
-350815.721462
-370644.622136
-375850.277614
-366360.15994
-354902.766633
-345763.378938
-345442.718731
-363469.197423
-345538.410967
-365283.307001
-344357.858974
-354848.955641
-347281.565178
-353503.769576
-352976.836399
-359120.339577
-351833.134864
-344755.0633
-352352.565473
-357225.46444
-352519.985577
-359858.073656
-344801.827985
-346679.437776
-355977.785036
-370971.020868
-353177.361944
-351887.935949
-349339.821737
-363159.298955
-353186.659308
-355911.079737
-352957.166777
-365342.881836
-346329.073648
-376560.840526
-353421.742156
-355672.197895
-361268.912837
-355952.635846
-365984.682909
-351178.127124
-358162.21641
-353026.963683
-341558.496385
-353542.769771
-357769.320679
-353574.39263
-356537.462639
-353136.525607
-340260.541343
-372816.055921
-347663.529811
-360891.231022
-358172.767371
-353886.903666
-360959.489295
-361802.663317
-354634.775151
-361044.03505
-354707.750824
-369738.768214
-356702.697695
-367744.272288
-358532.858302
-369587.639894
-349390.79835
-374633.76687
-360329.987761
-351674.463897
-354264.226102
-361103.356463
-365537.206856
-359406.889311
-349004.045006
-359345.599565
-335647.871762
-365804.696713
-355461.993224
-367722.680645
-361210.471936
-367943.66847
-359848.35629
-341349.454345
-363214.549693
-351734.373557
-364632.557296
-347120.75118
-368341.530591
-344343.641514
-344358.109037
-351807.709288
-346585.554066
-359015.189395
-347772.488581
-361196.133438
-352566.802556
-356433.522671
-361504.960949
-358079.131355
-355228.148913
-353918.199038
-348768.10901
-354549.498307
-358669.617561
-359538.090586
-357382.840292
-358455.792587
-354681.90662
-352120.984486
-346837.428801
-360080.571394
-348330.715551
-359741.948568
-362978.72226
-352953.689159
-360647.365167
-352018.616132
-359535.31942
-356287.778812
-351006.396284
-368148.088695
-355475.342923
-353000.846001
-351654.441951
-361650.759401
-365586.843095
-360388.914009
-374684.649773
-349592.617808
-353604.016477
-356405.120719
-353552.30672
-362007.668454
-362918.659998
-366968.044927
-355826.372734
-372412.811938
-350054.293536
-372531.423121
-353110.982095
-341737.170723
-351183.91181
-366282.044144
-352636.183153
-359701.832071
-356053.74172
-374642.36305
-352310.492342
-364588.932413
-362613.687963
-363056.091131
-370930.824915
-360769.221789
-368207.387504
-360350.213042
-361006.671741
-362488.174292
-346702.626954
-348894.594394
-361932.351385
-365906.143751
-364170.123352
-363443.911838
-356485.61846
-353305.097708
-354731.692841
-371029.03251
-357681.924215
-350982.598825
-346861.188324
-349304.661613
-349055.440657
-351351.398877
-357702.70581
-322354.673669
-371268.545305
-365161.825643
-348829.410769
-366312.491793
-367034.70297
-356650.445974
-364202.068315
-359300.573058
-360096.86603
-352825.291165
-339820.782696
-361548.652472
-346782.606357
-355257.182699
-344923.136062
-359734.434462
-334281.127744
-359568.098988
-355015.29185
-357358.936655
-364447.735444
-356854.808518
-362907.716797
-369206.356616
-342190.66507
-375346.078651
-361754.675789
-362905.100333
-353525.374157
-351350.860389
-342330.92819
-368104.007982
-358848.62087
-351651.636461
-356391.573422
-359190.76011
-351860.73003
-354116.517771
-364905.104214
-350299.431405
-353562.28241
-359077.772115
-370931.120643
-349323.824481
-353886.73593
-368376.739096
-350755.048505
-351642.884685
-343231.501594
-345791.322597
-337651.355097
-348233.598281
-360824.218274
-351436.971138
-349254.971333
-353822.138477
-360721.571936
-356217.949088
-363786.053487
-374057.010901
-360039.773416
-362501.656037
-364629.786125
-351159.867865
-348930.868239
-355702.084878
-361434.803627
-367255.783051
-362470.767128
-351703.892052
-354861.317479
-355726.144916
-345674.119465
-340015.168052
-354255.679537
-359287.223899
-357516.874228
-369901.291067
-355020.248124
-363395.505079
-356555.492134
-359275.754815
-353506.840948
-352402.415134
-349642.702008
-355279.250484
-363602.29419
-365787.968669
-346159.528568
-365467.137554
-348943.48058
-362016.627449
-363224.205614
-358734.493772
-353281.158717
-357014.699598
-342325.484355
-363433.147542
-347661.560808
-354626.138908
-354290.595094
-366326.463317
-361075.280006
-345096.940135
-348034.856378
-363140.034118
-356062.569726
-353111.674664
-351155.545321
-370828.05966
-367856.358573
-354533.623677
-362863.072886
-355917.078552
-354292.268124
-362973.871412
-355822.578025
-363093.956657
-366971.247765
-358760.561406
-349273.591264
-359566.667871
-361929.687671
-351992.038821
-368374.115543
-359690.461306
-362395.037302
-357999.712513
-357517.719715
-362133.871813
-340577.736753
-351796.697995
-338090.521259
-355886.200115
-361642.423233
-359751.563547
-354868.631913
-362086.381635
-355483.362447
-368222.763552
-361710.952872
-365973.612637
-342586.960015
-361073.901209
-349296.366307
-371597.697985
-348871.270795
-360628.298164
-365639.340093
-354465.61927
-358041.053878
-346942.689622
-363824.785873
-360469.170817
-336749.4934
-359104.32898
-358339.210305
-354928.514936
-346713.919175
-353551.537464
-367733.423293
-356608.98349
-353055.609532
-351454.553314
-348664.279914
-373915.345601
-345780.770146
-364528.329548
-356556.102057
-346854.418331
-357634.066666
-358625.419495
-359259.69218
-358455.279299
-359916.602857
-367712.783021
-359466.994448
-364433.101532
-358947.711271
-357783.521655
-347366.162776
-352975.295536
-356117.486636
-356136.906804
-349349.499216
-351380.806306
-359244.672022
-357961.320761
-354596.087375
-353550.905862
-361781.771205
-355403.061078
-370065.31075
-353542.452206
-339538.548412
-373476.338715
-343713.79079
-351805.305782
-350506.695502
-349973.092572
-359493.261191
-354883.585298
-347985.317375
-368379.92738
-352298.135081
-350341.27068
-364507.90869
-354649.259255
-366722.650736
-362280.906585
-346552.765115
-349898.36046
-375135.105132
-352010.493794
-352275.768844
-359457.1988
-354751.15271
-365391.847184
-356591.756757
-356607.442258
-350585.685788
-363639.173998
-356292.708377
-363150.027448
-380495.307242
-362401.230992
-345470.482016
-359027.248624
-359308.995723
-356225.13335
-363006.982644
-356536.291794
-361076.956176
-361783.444641
-363982.698379
-368902.401659
-362468.121556
-361351.175441
-377306.682703
-369631.562836
-344984.405718
-350485.521885
-343447.987871
-352571.178391
-366594.598371
-364033.467605
-364441.600811
