-1088003.64948
-1043451.91447
-1037379.31812
-995554.256043
-1003589.74454
-1075591.13322
-1049943.65181
-945564.51579
-915712.755253
-1003170.77507
-1048891.73827
-1032202.64874
-932361.867487
-981309.105093
-1050101.95963
-991445.677765
-1030305.92518
-986490.066316
-1097223.01882
-1058008.98299
-1140867.46981
-1134764.38464
-1231692.32216
-1139164.25452
-1136947.60365
-1222502.14405
-1108072.19067
-1125339.25907
-1225456.77746
-1183459.47169
-1254691.88342
-1184674.38817
-1181295.51132
-1230320.02226
-1278787.86782
-1183332.87651
-1160978.73294
-1212822.64451
-1179497.74721
-1269629.36277
-1263970.56266
-1270156.04629
-1281938.33857
-1265746.42603
-1237047.30334
-1256414.46132
-1263778.39857
-1292985.16878
-1259883.21171
-1246134.37861
-1318978.69764
-1183990.7131
-1198102.82736
-1231518.67244
-1307301.64682
-1264987.83835
-1196643.51239
-1274025.94819
-1226636.88191
-1299210.66842
-1300011.77586
-1248654.74182
-1255123.05577
-1286584.10012
-1248788.5077
-1298448.58911
-1286632.00647
-1290132.51993
-1290288.55909
-1294248.5089
-1284042.7212
-1170235.43283
-1242555.62637
-1283494.73652
-1302377.56651
-1261621.98867
-1278846.30157
-1225369.48338
-1279590.89597
-1286449.8013
-1296793.08169
-1281292.26993
-1246537.81831
-1265777.39335
-1261549.40512
-1309868.28443
-1268726.85174
-1299573.59919
-1262144.27457
-1289267.93723
-1240293.34438
-1209287.70002
-1289303.60388
-1323672.00978
-1302194.43639
-1288862.93323
-1264017.17494
-1261777.6382
-1281879.14991
-1248520.01703
-1286489.48775
-1308699.9714
-1306889.7727
-1266604.72886
-1273718.20721
-1298563.01607
-1264617.28494
-1272969.23632
-1268186.25788
-1256753.92036
-1295710.87165
-1232347.97343
-1256162.02405
-1289611.17849
-1248156.464
-1272820.14987
-1269692.13724
-1245928.31636
-1252808.78438
-1281319.76611
-1271359.00562
-1296382.94664
-1283034.26767
-1210661.95533
-1291318.94252
-1277907.77414
-1280385.10857
-1293562.52354
-1215554.43651
-1285254.35002
-1292547.13734
-1228280.96512
-1280104.53199
-1320284.15233
-1245258.51373
-1314144.40648
-1274787.79866
-1267414.53369
-1287824.32223
-1289776.40616
-1258824.2223
-1269076.51519
-1298928.71677
-1286832.91336
-1313606.86827
-1277763.07949
-1269416.46788
-1266514.52155
-1275107.7567
-1244497.63132
-1270018.11875
-1230408.0079
-1290491.82479
-1296521.66366
-1247811.92882
-1282114.20266
-1264069.31838
-1286641.03703
-1301111.37473
-1249436.23704
-1241100.8598
-1297381.33822
-1245993.28031
-1276607.37144
-1288206.2909
-1274159.65003
-1251607.50834
-1317966.52979
-1281659.90225
-1283237.17304
-1309386.768
-1229721.80387
-1265209.39133
-1302110.92796
-1284382.911
-1296628.54779
-1234744.33402
-1298990.20784
-1268828.85066
-1293409.41308
-1283460.78103
-1255137.14301
-1271229.76208
-1295229.95768
-1274042.80769
-1244533.59972
-1295219.88594
-1276301.92312
-1277310.11853
-1287366.14287
-1269396.99238
-1242091.43232
-1278521.10223
-1295594.59728
-1315603.14661
-1296966.4199
-1265613.10841
-1310407.01028
-1264529.3411
-1275851.102
-1284058.52944
-1290089.10214
-1246971.63028
-1290458.66592
-1257396.02483
-1301438.77125
-1275820.69348
-1293723.30312
-1259215.61417
-1282261.69289
-1283018.40537
-1230458.45311
-1284542.62489
-1292583.20439
-1320546.41691
-1284569.89963
-1260125.44734
-1325936.91795
-1290414.8138
-1286566.00333
-1276734.40665
-1285616.17259
-1296709.04223
-1271496.45099
-1234830.03119
-1274081.92534
-1287664.94693
-1312953.98376
-1299834.90391
-1287497.80011
-1294651.79871
-1207878.8982
-1268227.66308
-1293528.99297
-1260108.70135
-1256089.52346
-1264474.00076
-1316481.09451
-1267059.31202
-1287319.256
-1274947.6318
-1283056.2145
-1241192.57625
-1278990.12611
-1285256.50622
-1290928.49457
-1276713.28767
-1311501.43057
-1283856.27342
-1232599.22139
-1314638.34148
-1265768.9424
-1318168.64914
-1292715.69059
-1271852.35265
-1283948.78976
-1274288.69063
-1306843.25321
-1298976.97927
-1268878.98315
-1300787.13375
-1277342.26278
-1244314.93695
-1271307.05646
-1270248.13055
-1266730.37203
-1307069.51232
-1297582.21564
-1289729.08926
-1309065.85641
-1318686.39949
-1318890.65767
-1300088.67849
-1277260.835
-1294147.61302
-1258072.36614
-1231115.90109
-1281850.45941
-1291667.54587
-1270900.11382
-1300948.13786
-1272372.22036
-1225496.16333
-1277782.6432
-1291404.45675
-1280326.46306
-1306841.1872
-1293338.78961
-1279455.11421
-1309446.88635
-1278073.41502
-1296173.8464
-1326276.33573
-1256426.05601
-1255064.43845
-1261986.1479
-1271660.95083
-1274536.56522
-1289346.46604
-1277536.55211
-1303098.29156
-1315227.93038
-1284865.45067
-1246331.12854
-1286888.18627
-1286983.28086
-1273510.99113
-1300977.04902
-1236743.75784
-1298941.44614
-1290103.77418
-1306787.37327
-1290111.98889
-1260018.89216
-1233944.17425
-1290601.38216
-1234728.47373
-1298103.23283
-1270979.17538
-1269239.45176
-1327526.00014
-1308984.48827
-1259345.46206
-1290638.02795
-1291999.32274
-1270274.14561
-1281606.72767
-1288715.81149
-1238452.20858
-1287899.4624
-1298618.25935
-1259225.33179
-1264228.83935
-1289195.06832
-1270797.0953
-1304607.03139
-1229715.71401
-1275357.5021
-1245889.01231
-1251416.13409
-1285926.51256
-1288252.69929
-1239286.51581
-1271244.30143
-1271432.90384
-1282809.28158
-1318998.14016
-1277931.66077
-1281837.67249
-1301338.33825
-1291524.90077
-1294985.87026
-1296242.38997
-1292545.68407
-1284015.38028
-1294328.20331
-1249574.18912
-1319737.16021
-1286528.10028
-1285874.25722
-1306149.58364
-1244188.0915
-1221539.76636
-1259081.45022
-1245715.3433
-1249364.90422
-1291367.45561
-1225396.47887
-1250149.88821
-1286719.40599
-1317268.26048
-1302585.0955
-1287394.16311
-1305804.62784
-1239086.81367
-1270685.17164
-1241374.48041
-1302370.85564
-1277757.97613
-1294704.44118
-1285035.96904
-1230497.70065
-1293912.4173
-1280373.84958
-1276756.13433
-1233589.92923
-1286394.64712
-1257970.07673
-1279190.18205
-1292701.7215
-1318236.59322
-1282282.28447
-1280375.62978
-1306109.16296
-1289036.36826
-1290587.35082
-1289570.18192
-1291528.93345
-1278429.65513
-1272121.42176
-1283490.40979
-1260007.84865
-1256470.9332
-1298788.93247
-1274987.59248
-1240506.98917
-1299449.71045
-1296318.86869
-1197941.68715
-1288370.12014
-1292837.28881
-1256963.51538
-1301759.98327
-1287147.74721
-1312161.64902
-1273980.84284
-1292266.38972
-1332873.31698
-1251002.50881
-1300439.60152
-1292211.49795
-1294037.88176
-1281867.81716
-1264417.44537
-1290084.62085
-1279377.73842
-1282801.30827
-1304973.65177
-1242645.4449
-1282948.19582
-1271873.79094
-1335670.21927
-1269194.44142
-1297185.58861
-1282279.16749
-1275389.65212
-1268096.07436
-1314875.861
-1309082.30127
-1300553.606
-1297389.66712
-1272762.94366
-1300592.16702
-1307861.04321
-1272014.41263
-1273531.18324
-1261519.57891
-1245543.6767
-1248899.59512
-1293788.33686
-1268617.38523
-1291321.01544
-1250691.67442
-1290267.06153
-1316135.32337
-1269180.64179
-1273173.90916
-1300365.35754
-1242423.08718
-1265152.41217
-1302812.27573
-1286776.59716
-1234868.6419
-1253920.50339
-1281680.06145
-1305160.80951
-1292083.09162
-1284945.34617
-1294802.70759
-1296035.51191
-1303350.80989
-1299350.57128
-1317698.28293
-1291385.63235
-1279021.92027
-1268986.92004
-1224987.17035
-1277706.49553
-1282177.34354
-1317986.84475
-1309996.01745
-1315857.11243
-1303721.60392
-1264925.24798
-1291076.67091
-1263185.77922
-1323151.5713
-1298480.79027
-1306599.81957
-1316848.53666
-1301336.4294
-1327697.58499
-1282497.47119
-1279737.95993
-1278991.89344
-1290064.5545
-1239099.94969
-1277629.87332
-1264669.46951
-1304918.08025
-1287732.13322
-1274241.64364
-1291549.28825
-1267342.75007
-1242158.52586
-1317488.73426
-1279301.93011
-1284341.23194
-1258398.02762
-1291965.69343
-1255781.2769
-1291951.8978
-1270049.73074
-1284100.37931
-1280481.40298
-1270002.92219
-1253575.22007
-1264326.22325
-1301354.08662
-1305236.87744
-1285717.76709
-1296288.80512
-1305132.95768
-1262355.11637
-1263526.05945
-1264490.92725
-1268420.92284
-1224233.69543
-1313725.03115
-1288530.11488
-1216331.13918
-1303788.08463
-1311392.57033
-1314647.85695
-1273577.63478
-1301181.79564
-1214284.56202
-1283978.03028
-1245105.51569
-1277024.09826
-1270711.51397
-1268847.38317
-1285356.34949
-1301740.76325
-1290877.85101
-1279895.32582
-1270564.76449
-1287968.35614
-1302254.66995
-1270424.17247
-1267951.23804
-1277506.00023
-1281181.14497
-1270106.10841
-1291560.74251
-1293949.1496
-1240557.94645
-1292128.8386
-1289250.82519
-1305647.42221
-1284886.88807
-1284925.89381
-1248983.90165
-1297545.18284
-1297569.52541
-1247073.11547
-1279021.79799
-1272572.26847
-1279523.25341
-1303533.99052
-1277389.70385
-1302600.8016
-1291557.13033
-1292832.78382
-1298864.77327
-1279962.00669
-1264608.36204
-1307530.30824
-1279326.52678
-1274048.95072
-1263660.38911
-1292492.05316
-1302166.71238
-1251650.36116
-1284323.45877
-1259592.6719
-1299451.98536
-1288352.01641
-1285327.06385
-1279527.74653
-1263436.12057
-1295371.69085
-1302500.49934
-1306589.3259
-1275953.95227
-1258792.7397
-1249406.72683
-1314463.81731
-1292639.6581
-1286947.85197
-1280351.26348
-1280685.15774
-1242638.10195
-1279573.43831
-1254651.80305
-1300399.66442
-1264551.01481
-1282795.15301
-1257692.17727
-1305607.4847
-1286227.15655
-1261713.6716
-1280088.85653
-1263791.87959
-1301533.29752
-1283606.45181
-1238425.71405
-1270792.15474
-1264574.25989
-1286434.20777
-1273884.33005
-1273976.6098
-1299601.65585
-1279536.90082
-1274339.50443
-1229085.75146
-1296555.06917
-1275023.78349
-1286942.34613
-1303221.74639
-1315422.77783
-1266444.65626
-1257273.6402
-1322855.0866
-1306248.4495
-1297375.56547
-1266972.26989
-1253640.26508
-1266330.04193
-1328237.3202
-1274565.07241
-1303990.54929
-1252191.14322
-1289580.64928
-1260955.99782
-1270770.08991
-1278450.78498
-1287679.11413
-1300857.16163
-1287063.96296
-1267706.72778
-1286079.74059
-1316030.95456
-1292876.85948
-1290958.4043
-1282139.82763
-1214962.75753
-1305905.29735
-1279363.49898
-1313117.36588
-1310486.35517
-1299414.0627
-1289845.14107
-1286232.88918
-1274101.68338
-1222680.29888
-1292853.39048
-1263385.62555
-1288546.45791
-1320823.0469
-1265908.07991
-1314843.90454
-1302648.16907
-1259378.13869
-1261111.44955
-1259613.73021
-1250156.05658
-1265913.57266
-1290048.41559
-1292025.85887
-1284203.13841
-1296627.04397
-1295531.80067
-1252738.08103
-1285941.34587
-1273451.31498
-1306945.87868
-1209499.14066
-1307787.06799
-1308567.9609
-1286254.85999
-1315056.01653
-1285593.39774
-1291163.88753
-1311319.41656
-1244665.76635
-1228831.62332
-1231411.54201
-1255818.66361
-1293812.47744
-1259763.51894
-1287108.50524
-1266372.45216
-1321504.34206
-1262468.16339
-1303362.38888
-1286084.71941
-1223911.60147
-1256646.30632
-1255382.32436
-1327812.66415
-1313853.55662
-1317377.68216
-1286932.12958
-1267696.64483
-1287545.37049
-1265799.93708
-1244228.92427
-1288391.87876
-1262492.80547
-1259240.73353
-1290112.93847
-1292968.40963
-1271799.46471
-1254081.5682
-1288740.56099
-1314917.95949
-1258840.18097
-1262679.39615
-1268071.35491
-1323396.68522
-1301868.65439
-1290922.04144
-1309581.67811
-1253877.20877
-1289262.3988
-1232009.38483
-1287315.91932
-1283220.29435
-1304055.3221
-1262166.05398
-1286774.61727
-1251828.86991
-1311023.87187
-1287458.26391
-1322237.89149
-1296896.57966
-1283231.37817
-1289742.32516
-1289682.81269
-1281418.62112
-1291444.94137
-1308388.80518
-1273159.62664
-1288065.57501
-1301159.65459
-1248503.09839
-1294116.77493
-1283402.53375
-1306197.45295
-1266497.20263
-1283020.41166
-1274489.76097
-1269048.67221
-1271642.65469
-1307833.53145
-1295293.56449
-1305756.73252
-1272125.41025
-1310552.15478
-1265580.81491
-1302404.99935
-1306272.70079
-1277697.01911
-1277482.00372
-1277853.21175
-1260551.31613
-1290351.61175
-1303705.44979
-1287176.79025
-1284917.53023
-1259830.88646
-1283028.66942
-1285353.58963
-1317347.75863
-1298414.02986
-1296465.57409
-1332204.01145
-1274979.54129
-1306057.38762
-1265307.73932
-1327971.81587
-1284721.47298
-1277730.01305
-1303170.13434
-1260551.28837
-1240089.3314
-1283389.4768
-1289810.5326
-1313671.32609
-1268675.13472
-1302056.25658
-1300740.34692
-1300982.85584
-1302233.11927
-1279912.17034
-1312780.51156
-1315019.60137
-1281923.12011
-1307865.11268
-1291719.89802
-1282763.51523
-1281206.64958
-1291846.01443
-1271690.58339
-1230648.31398
-1271356.17602
-1279975.14683
-1235948.69537
-1313999.66892
-1243174.83876
-1293990.44906
-1253373.33336
-1287640.39212
-1326627.94002
-1259512.943
-1291349.58152
-1297861.45336
-1293621.75704
-1257580.71169
-1292947.26561
-1298263.30625
-1321958.16886
-1289306.26351
-1248831.85023
-1220816.95071
-1275651.47764
-1269635.97007
-1278813.38652
-1302984.56769
-1273826.50398
-1297308.72378
-1263597.34932
-1287959.6238
-1310390.61987
-1301517.86664
-1270044.74404
-1278929.74605
-1264379.75771
-1291261.12075
-1311636.8518
-1285557.40944
-1284527.27945
-1297732.88238
-1261344.34338
-1299649.552
-1263779.23854
-1259343.97735
-1263041.05399
-1288472.4423
-1293044.315
-1309600.89331
-1290189.68039
-1300631.83623
-1305184.91633
-1263071.55283
-1275549.43027
-1270406.23483
-1304349.64083
-1288153.21769
-1296303.40002
-1275691.27074
-1307222.07545
-1302601.15601
-1287297.63904
-1291228.13847
-1265783.70381
-1289664.33351
-1328790.29563
-1318354.85028
-1292078.63824
-1293890.4125
-1274035.86709
-1302717.79163
-1315468.60979
-1277578.19085
-1277147.46472
-1279994.60535
-1326753.12825
-1253034.91397
-1285515.45194
-1319442.54983
-1251929.74429
-1312137.19464
-1272527.64876
-1305170.66699
-1264446.64543
-1278374.80656
-1281229.6964
-1286984.89541
-1279360.704
-1274524.73323
-1291556.70435
-1294441.71719
-1283001.66713
-1302449.8352
-1283863.45808
-1297266.13707
-1306341.09945
-1325873.5871
-1307190.33218
-1298565.89678
-1275978.05184
-1299926.66
-1269774.54722
-1283391.69571
-1290037.50637
-1294648.60486
-1259501.45207
-1279674.05342
-1274928.42537
-1297087.10394
-1296571.87901
-1288698.66122
-1252677.87116
-1280048.75117
-1276631.50627
-1287098.98213
-1265082.61685
-1291768.42602
-1281763.50669
-1265643.16376
-1314539.64871
-1258266.31339
-1264530.64194
-1239770.583
-1259276.82387
-1239581.50952
-1296459.56656
-1270804.23745
-1257428.2303
-1283743.42692
-1266407.2974
-1289452.54594
-1279471.77525
-1309097.70332
-1299028.45223
-1286252.42833
-1305127.17785
-1306544.48493
-1304583.18825
-1274404.65783
-1308518.28375
-1271808.83144
-1251554.27458
-1286337.84929
-1247343.93957
-1296021.35964
-1299836.8777
-1293654.47411
-1325227.50892
-1290808.28957
-1272741.02871
-1267730.19899
-1284088.60096
-1284834.28888
-1240146.4001
-1251379.3332
-1280502.82195
-1282139.58747
-1273600.6618
-1312908.44473
-1277138.46538
-1291656.60156
-1307245.71309
-1263888.71686
-1249961.82578
-1279794.54824
-1296536.23701
-1257348.28401
-1270704.7257
-1281695.41473
-1230230.0146
-1244728.75161
-1281111.47892
-1278774.84273
-1244894.50173
-1278511.63021
-1304660.1305
-1264774.6537
-1265771.19728
-1304248.82499
-1296038.9603
-1251231.40731
-1288655.71298
-1234335.04082
-1280899.21603
-1278575.11267
-1289428.19282
-1291599.26885
-1272241.27793
-1285491.44482
-1294150.47564
-1263007.62971
-1295717.90316
-1300383.01452
-1279935.25263
-1316231.15669
-1278841.24364
-1258989.83909
-1274984.41466
-1273040.37959
-1293031.66118
-1284263.27559
-1263824.45183
-1253441.76163
-1285074.52956
-1282085.20635
-1287533.14869
-1266248.63498
-1272380.90115
-1300256.85886
-1264852.96948
-1257063.96206
-1291236.86864
-1285288.63402
-1271091.29561
-1272866.03697
-1262873.55907
-1310838.26553
-1246287.73254
-1290411.58497
-1282411.07665
-1328732.57258
-1321590.06103
-1279129.12733
-1339321.40679
-1296989.75356
-1286344.47161
-1309854.47428
-1246703.47031
-1282849.75779
-1248363.29836
-1275892.09836
-1324537.05234
-1281163.24752
-1289763.39558
-1275848.91613
-1295703.22779
-1241313.47662
-1275346.9334
-1289852.08476
-1294906.40963
-1302272.0602
-1298716.77475
-1308093.67181
-1269607.19289
-1280524.14395
-1294988.49272
-1308994.14018
-1282325.68649
-1270264.82218
-1287513.61272
-1304758.28539
-1328087.00738
-1284842.78281
-1289738.44823
-1261153.48277
-1301170.56984
-1283676.94844
-1282614.67023
-1279594.72282
-1322648.87851
-1290191.94209
-1262760.93085
-1306498.73838
-1304167.21563
-1298511.57694
-1316732.28826
-1236364.67703
-1298389.57015
-1271707.46006
-1244560.20522
-1284838.72126
-1324266.39777
-1283337.05185
-1282994.87653
-1275629.56616
-1301898.07821
-1286659.44419
-1278388.67028
-1307460.41452
-1265052.32663
-1292020.50376
-1267846.11604
-1292954.0587
-1278697.54029
-1310730.83183
-1307027.08389
-1285229.78224
-1304729.91857
-1321973.11939
-1265805.9702
-1264764.46147
-1320898.33518
-1297539.55896
-1273877.49561
-1276002.76051
-1290532.79173
-1283996.33143
-1250401.28495
-1298078.14341
-1279290.03584
-1303912.91749
-1283332.2366
-1279046.94704
-1279636.40744
-1272928.2727
-1291423.0865
-1275662.04766
-1279926.17561
-1334496.37764
-1277803.16216
-1302706.07711
-1280548.91948
-1271662.63968
-1282795.94268
-1329907.66245
-1269048.27545
-1289775.70096
-1282384.78077
-1309279.51384
-1269627.78443
-1280187.14128
-1260358.89968
-1290888.91796
-1309255.82863
-1277158.03022
-1283937.83785
-1311384.16559
-1273510.60515
-1342000.73705
-1260161.80918
-1276576.65961
-1283414.92059
-1293083.93316
-1278742.57595
-1307515.35239
-1281935.1857
-1287825.10324
-1288475.66202
-1276239.4484
-1293994.52047
-1291120.69857
-1288696.80663
-1306522.55895
-1288690.5224
-1288775.0271
-1320479.89586
-1258583.69244
-1285897.03427
-1308244.92976
-1314388.07739
-1316318.9055
-1287591.52843
-1313157.29667
-1289896.87678
-1304210.53227
-1299774.1129
-1257948.76855
-1278171.42669
-1290237.989
-1295226.84164
-1307089.08745
-1265761.64859
-1289958.73095
-1310391.04101
-1277973.09188
-1247814.97952
-1253159.3272
-1268986.43276
-1288877.31272
-1300367.26787
-1298691.87958
-1246661.32638
-1303178.74974
-1275711.99497
-1271036.1153
-1257767.72001
-1303542.60379
-1262981.667
-1274337.18647
-1281884.78148
-1286777.40659
-1303766.99033
-1278797.35136
-1280607.8808
-1301935.84784
-1274537.79556
-1288669.0032
-1273691.48978
-1298155.51886
-1279924.50782
-1298988.63563
-1275502.40762
-1282913.92756
-1298418.78936
-1275572.12508
-1273671.95827
-1282761.25839
-1282405.66142
-1263868.84594
-1282276.2889
-1298006.51667
-1269339.7867
-1273975.45364
-1312965.5994
-1296027.30446
-1285616.0137
-1270217.41901
-1286109.39303
-1301701.0643
-1251911.71674
-1285987.67249
-1265488.33677
-1299710.60951
-1285386.59569
-1278048.28275
-1290421.68103
-1291478.76178
-1304099.8392
-1289276.13271
-1289027.38508
-1298222.9805
-1289968.43626
-1269333.04808
-1246775.43506
-1282728.13173
-1286516.24611
-1314456.50745
-1300551.1159
-1317987.43993
-1287915.41808
-1279142.25324
-1244453.68384
-1278887.24422
-1295664.98654
-1284271.13734
-1296983.89416
-1225684.92619
-1289220.06888
-1320243.52287
-1333558.05446
-1221951.58945
-1271072.38587
-1294189.35671
-1319395.45153
-1288847.70054
-1261749.75667
-1294820.53563
-1268351.73458
-1297617.01023
-1284246.742
-1287653.15505
-1285201.55148
-1289593.26122
-1286244.16679
-1266563.78171
-1272928.70223
-1288076.3801
-1276219.48895
-1260399.65843
-1278100.54361
-1253479.33809
-1289158.587
-1287771.84147
-1260892.47819
-1277223.00183
-1291762.51562
-1277767.21231
-1262659.98052
-1287445.57759
-1299417.77048
-1311574.56594
-1266160.59001
-1294691.09295
-1290111.92106
-1291267.9474
-1286485.85007
-1251382.9564
-1269310.53045
-1274535.18831
-1273267.79875
-1263289.96274
-1272752.33065
-1267970.53774
-1290253.76566
-1243590.09051
-1259084.32163
-1266655.82548
-1251594.0457
-1229169.08988
-1323281.4812
-1218434.05725
-1260051.16367
-1299590.28912
-1245932.1702
-1294408.14444
-1272539.99815
-1279762.87573
-1251863.39736
-1301520.45476
-1297041.74996
-1301027.84986
-1269637.28201
-1258268.3504
-1300361.35859
-1235997.38302
-1265748.77796
-1293630.77611
-1277138.13507
-1301353.88134
-1309652.38651
-1225108.11475
-1295024.03287
-1266381.57997
-1294478.43906
-1282546.96479
-1305221.42217
-1309891.89228
-1253200.41787
-1289955.55174
-1300189.64717
-1251389.29772
-1283497.75966
-1245818.43268
-1308986.08254
-1256632.72335
-1265067.59932
-1299117.45939
-1259091.60457
-1278562.78009
-1282776.16712
-1258987.3439
-1291164.82326
-1282770.00835
-1307134.39527
-1281941.40242
-1292207.93512
-1251634.362
-1272794.08639
-1311696.80575
-1304429.44146
-1282190.78867
-1285878.62471
-1260987.07366
-1272414.43456
-1276626.95285
-1294250.95055
-1281954.70202
-1270908.76113
-1288354.31219
-1274354.84329
-1239434.81418
-1288133.49534
-1306950.38257
-1275564.06761
-1312066.2969
-1292742.5733
-1311315.44435
-1281044.81638
-1301535.89624
-1293290.71943
-1297157.0049
-1301067.76693
-1294678.10364
-1267175.88573
-1301820.98128
-1286975.21951
-1269307.80893
-1247602.60501
-1283518.30421
-1305647.30914
-1214932.74733
-1254138.77284
-1301783.40436
-1271298.64855
-1309381.41858
-1281593.5208
-1278628.6955
-1302638.61067
-1281792.2963
-1264720.27545
-1265828.0876
-1288133.47459
-1271902.71168
-1292755.83373
-1287788.9747
-1273497.99412
-1298176.38204
-1309132.75113
-1284679.96679
-1308182.68837
-1265529.64223
-1306719.66565
-1294331.01356
-1269150.25797
-1293916.12611
-1293050.66335
-1304363.22329
-1313130.05885
-1251530.96234
-1214673.07705
-1304845.06889
-1252376.83038
-1297512.40156
-1269386.05819
-1266076.78495
-1237474.35003
-1277273.46729
-1280688.17876
-1292328.57845
-1278046.95199
-1249106.58356
-1246910.05925
-1289344.59386
-1295947.73464
-1252348.03742
-1296023.58522
-1293789.70289
-1294333.10457
-1272844.32771
-1262729.39706
-1266598.52425
-1282564.76179
-1285891.56624
-1261716.7874
-1284263.5757
-1266040.67629
-1278829.41766
-1274804.74661
-1313619.66435
-1313756.937
-1263216.47155
-1250573.39822
-1297490.71109
-1271705.26936
-1304358.95501
-1261359.1241
-1279666.40461
-1256918.36084
-1243108.06115
-1306390.13552
-1259341.98239
-1276507.23594
-1244096.92643
-1296671.07148
-1272938.8074
-1258071.35661
-1263652.53057
-1240772.51529
-1305543.40188
-1283555.80448
-1304865.29801
-1246540.57243
-1301299.04843
-1321032.33702
-1275694.82463
-1296884.76903
-1273272.49836
-1282801.42485
-1270326.46599
-1276659.82812
-1249329.69399
-1276745.85446
-1242206.73991
-1297168.60609
-1255408.51956
-1261046.84221
-1254899.5966
-1290888.44587
-1288327.83917
-1267245.30362
-1251969.70951
-1300090.82707
-1281442.73161
-1278731.26758
-1282340.9722
-1302246.31239
-1268597.01972
-1294296.99061
-1289142.69728
-1271836.03461
-1281906.48932
-1283292.4285
-1229007.35521
-1276232.11951
-1260837.09023
-1310569.37167
-1265096.29
-1257204.65057
-1288229.73168
-1302458.95303
-1270435.11084
-1275465.68406
-1279849.3063
-1251448.93838
-1282568.57615
-1282871.82093
-1304703.60985
-1256209.81113
-1275719.97936
-1258120.61821
-1306146.22792
-1277705.06347
-1214143.01229
-1305672.90075
-1286389.39998
-1280371.17191
-1237517.12795
-1264250.68923
-1319999.86759
-1277981.63089
-1254738.07538
-1276568.03294
-1237953.96176
-1276255.87331
-1296880.00095
-1292540.4536
-1257639.60222
-1265865.82556
-1305279.84057
-1259525.62989
-1285203.74007
-1311742.72554
-1306424.05788
-1310346.11062
-1290900.09696
-1272382.17548
-1277678.34024
-1285335.48974
-1304182.70264
-1248799.68849
-1282459.58924
-1257283.21109
-1242331.05743
-1259421.67216
-1302736.50391
-1284568.70725
-1263283.98913
-1272933.59526
-1261269.58893
-1293837.34803
-1280014.8807
-1256472.21398
-1290421.80673
-1272352.83796
-1264276.95775
-1265531.04037
-1269849.94587
-1286062.14968
-1291855.52944
-1291570.69208
-1246539.07757
-1283032.00003
-1305906.37068
-1274783.49159
-1277151.29356
-1287364.88263
-1293880.92205
-1240337.79568
-1284389.10687
-1267043.59907
-1289392.49157
-1291156.05978
-1323867.04976
-1267617.11644
-1307664.50913
-1286039.63332
-1288915.73973
-1259999.62757
-1289318.61618
-1265282.33521
-1275546.06545
-1274092.63664
-1252477.947
-1278601.68729
-1250919.71085
-1263195.74804
-1316277.92579
-1299310.38615
-1255753.74789
-1299759.43754
-1278198.42274
-1278158.4851
-1279394.01819
-1275458.29274
-1260515.66839
-1267548.91983
-1268640.33329
-1303267.66271
-1297560.9396
-1292500.58442
-1266305.09315
-1256382.9674
-1320143.96599
-1276867.8564
-1304597.5631
-1262595.96427
-1286827.32331
-1232439.3545
-1288300.20564
-1295672.29415
-1286462.00402
-1313217.75411
-1281039.43841
-1274979.16047
-1261659.1281
-1266017.19079
-1272365.19368
-1295834.66536
-1311854.56343
-1305216.44974
-1209927.24394
-1264371.17345
-1238372.19773
-1273137.63335
-1291979.87384
-1232238.03833
-1297623.11897
-1274253.28978
-1295252.15585
-1296256.43261
-1253067.57602
-1265227.86316
-1297127.11299
-1297987.54316
-1269325.81435
-1297782.0407
-1271689.58029
-1275754.67177
-1293700.08811
-1280512.27126
-1217064.84272
-1251534.52067
-1289687.92416
-1232080.6871
-1282692.91093
-1293727.32732
-1279516.38523
-1294301.02511
-1280476.50329
-1262475.31276
-1288174.30639
-1212158.18465
-1289118.71833
-1276383.23159
-1275345.04395
-1255913.34206
-1275536.69235
-1263509.53787
-1294132.14203
-1262337.86191
-1285507.4904
-1298064.61083
-1292395.42442
-1229944.62278
-1274073.04266
-1290154.23412
-1286361.09012
-1282267.81371
-1287377.37569
-1310519.84273
-1299157.20068
-1270665.36958
-1255793.78283
-1293086.95887
-1257806.01359
-1290361.39129
-1271365.28817
-1290471.29945
-1268054.80503
-1251935.83883
-1238700.45587
-1278161.44005
-1302922.28547
-1289420.73973
-1321943.56694
-1285674.30034
-1278546.82407
-1278448.7935
-1288025.62974
-1274048.4826
-1298164.85989
-1257354.64537
-1290126.36879
-1275129.77543
-1269775.99366
-1302349.3798
-1283726.83732
-1244065.32898
-1283311.16821
-1315749.60974
-1265552.43536
-1288198.21248
-1272835.66505
-1289915.3229
-1280175.65405
-1263564.17523
-1279953.49436
-1261017.86106
-1271718.81265
-1279142.5894
-1279542.45966
-1260889.87648
-1251853.76428
-1283142.31707
-1273302.74036
-1342486.78534
-1283520.80602
-1269631.96159
-1286550.6693
-1278189.18806
-1294090.06031
-1277969.06995
-1304549.93047
-1227347.59101
-1260547.48038
-1294689.98695
-1299609.68474
-1257222.2393
-1279871.63434
-1238121.36613
-1263288.40121
-1283828.12164
-1277944.36147
-1298211.66455
-1296413.85829
-1289779.79905
-1300539.42015
-1235632.39905
-1284906.15789
-1224320.60558
-1257640.09395
-1292243.04345
-1288760.46688
-1281965.7137
-1242055.1284
-1300334.73044
-1274918.40275
-1277936.40697
-1250681.47274
-1274088.43822
-1268411.33336
-1270872.33538
-1265063.84206
-1294245.22132
-1273110.02371
-1256690.45158
-1274821.50212
-1250579.90171
-1268528.99993
-1249318.81668
-1248037.15745
-1291558.57337
-1286050.80703
-1252651.23747
-1248889.85011
-1270365.16979
-1266458.59044
-1302568.94033
-1271932.6198
-1258825.5104
-1268397.55048
-1274133.78799
-1295412.54736
-1294103.96893
-1272357.28064
-1302741.46841
-1275643.67651
-1259506.33276
-1281804.90089
-1290692.90553
-1238959.64122
-1290501.64147
-1298667.96591
-1269546.79615
-1234993.05119
-1282746.92098
-1273786.13229
-1281585.98161
-1308143.95959
-1268956.88679
-1274843.83657
-1320276.23632
-1258925.56939
-1304445.67798
-1318077.72999
-1317029.63261
-1303266.70666
-1267935.7149
-1309378.81448
-1310279.62578
-1256731.11885
-1230690.65482
-1275482.30157
-1247034.50351
-1287305.36238
-1281619.91936
-1264967.66251
-1286720.35641
-1295835.39716
-1247168.31764
-1304599.2117
-1290925.97531
-1243803.63787
-1275076.82027
-1227129.11971
-1273098.19249
-1244027.50906
-1299834.33765
-1307341.68919
-1270609.18194
-1236463.95431
-1244311.67635
-1299518.32457
-1262365.91273
-1322303.51652
-1249255.32961
-1297737.3283
-1293629.08577
-1252433.12028
-1213452.35246
-1250752.66945
-1275068.33149
-1270813.57611
-1304483.11537
-1288957.64972
-1264063.46973
-1267471.41856
-1296797.82181
-1261669.19482
-1293936.4204
-1253609.50014
-1220435.08741
-1313148.73837
-1317131.52403
-1270611.94311
-1261864.5277
-1240218.85389
-1300867.24967
-1225466.7104
-1300995.87286
-1290694.99031
-1255895.01063
-1279622.68427
-1277052.42816
-1277558.76988
-1308107.19695
-1263693.10207
-1295037.50011
-1267395.41485
-1262500.54898
-1259909.00791
-1241100.63258
-1283914.46214
-1268750.53053
-1295369.56683
-1283893.47437
-1291490.51122
-1250802.8358
-1268316.58578
-1248215.59731
-1273081.3851
-1287722.88154
-1296290.57851
-1275768.60366
-1278090.41675
-1288550.48852
-1267185.70212
-1298126.59869
-1261864.10046
-1300287.57573
-1261293.36799
-1265772.61395
-1285394.58283
-1281349.13888
-1303966.30303
-1260563.93331
-1267196.59952
-1287439.74585
-1264630.73628
-1274444.58529
-1263306.07315
-1289633.09464
-1255084.41309
-1291663.33022
-1235198.76376
-1311676.44916
-1261574.59776
-1294690.74003
-1296896.83721
-1275281.69903
-1233564.55564
-1266606.72297
-1256541.54367
-1266036.34571
-1311799.69577
-1276403.72368
-1268967.75239
-1259509.72364
-1287834.42954
-1309782.53954
-1284523.31468
-1287037.43951
-1238615.29896
-1266823.79472
-1286689.76694
-1285973.0854
-1224797.61293
-1285257.94595
-1296052.15503
-1298839.0905
-1292897.52435
-1240781.15341
-1297712.6739
-1274805.42878
-1311120.92167
-1302355.71745
-1290578.02967
-1298661.41564
-1301738.88391
-1268197.67621
-1270689.15437
-1228159.19104
-1256410.18544
-1279104.60621
-1227181.78004
-1297996.20296
-1255049.00952
-1258004.9323
-1317877.78469
-1265820.596
-1236680.86704
-1228670.22351
-1252123.00195
-1234449.44295
-1278301.11568
-1300169.58607
-1298269.09128
-1232610.26235
-1253426.70559
-1297770.03295
-1245438.38386
-1255683.73635
-1265460.41727
-1277306.60175
-1225248.70374
-1303254.51081
-1280335.12758
-1297457.76417
-1258171.9297
-1281740.22632
-1256791.38673
-1225589.59835
-1239030.21661
-1270422.3155
-1279346.74378
-1279794.58283
-1274784.68984
-1242414.96366
-1258248.64081
-1269956.22226
-1291748.72566
-1294716.69809
-1297819.766
-1267980.53685
-1248909.48637
-1251866.60781
-1298066.16429
-1277778.00847
-1309418.9427
-1322336.11812
-1278313.63314
-1308181.49979
-1298404.64065
-1277958.90684
-1325065.23368
-1300783.92242
-1204401.61567
-1260799.43598
-1295643.14148
-1241796.66274
-1292073.01375
-1256895.34758
-1265490.71909
-1292697.12041
-1262528.44527
-1270071.65652
-1279511.62388
-1275858.41868
-1253496.18845
-1241888.75677
-1272062.7652
-1198024.94729
-1298465.11212
-1270965.81684
-1275169.90038
-1277567.26486
-1260274.24425
-1258065.3731
-1296926.22616
-1248682.68219
-1298448.93783
-1272524.74553
-1281340.32775
-1272801.48861
-1268741.81571
-1264362.90697
-1272889.56236
-1281947.72792
-1301307.77892
-1306646.4969
-1284835.68365
-1241258.6865
-1235429.7169
-1279669.51612
-1254743.59581
-1289648.3107
-1260205.87912
-1233709.50428
-1320115.58263
-1265982.17978
-1247817.55401
-1283546.41768
-1259126.43588
-1263002.07771
-1262597.80298
-1299806.1997
-1268906.06372
-1282650.31848
-1321136.99955
-1290589.89898
-1267576.94653
-1239384.87729
-1276773.67274
-1279651.34976
-1310247.77934
-1306933.47001
-1280304.04738
-1247673.99231
-1277041.85045
-1224847.46815
-1270856.6204
-1276595.48162
-1263490.77694
-1261229.65184
-1252089.52615
-1304194.54828
-1311120.17068
-1281767.38907
-1310371.10137
-1281204.98312
-1293598.87063
-1251410.88534
-1269654.86648
-1329609.02788
-1289863.88064
-1229507.66544
-1262134.04291
-1273892.97667
-1268488.1059
-1234974.7001
-1267053.20944
-1281709.8921
-1231574.8143
-1271559.36769
-1273715.27614
-1289114.85904
-1286494.93199
-1311081.15811
-1274771.04013
-1281647.92596
-1286375.23945
-1296630.37622
-1272525.25457
-1272790.0404
-1277326.81356
-1259347.98972
-1273910.30126
-1259019.71653
-1315169.16737
-1266832.52697
-1274905.57081
-1274481.49372
-1249686.1968
-1276393.32546
-1305750.0385
-1275873.44474
-1268085.54605
-1266336.91843
-1272590.19561
-1296644.3053
-1271668.5086
-1300472.62274
-1301723.04353
-1289687.61592
-1254380.7631
-1286451.9322
-1263703.56951
-1239517.2541
-1276891.19853
-1260376.33017
-1269749.94274
-1264091.19782
-1305255.47416
-1277430.7778
-1271854.49337
-1271884.01738
-1261411.81775
-1298815.85544
-1267969.77549
-1259201.52747
-1240992.229
-1245841.45822
-1301771.2682
-1287727.15414
-1291605.08822
-1222413.21572
-1264279.16459
-1285782.98066
-1294794.50805
-1237153.65915
-1254069.51307
-1256577.33357
-1264507.70831
-1297787.43105
-1245440.28751
-1303202.69041
-1278612.22325
-1253913.05694
-1279544.4468
-1313467.11353
-1283796.55661
-1211277.38974
-1315532.12064
-1269917.64771
-1284967.49342
-1261395.18114
-1297678.27262
-1244767.69285
-1294732.05499
-1318599.30302
-1215645.34723
-1279882.80114
-1247835.06449
-1275301.81711
-1288133.85732
-1329168.31925
-1284637.41318
-1277009.248
-1279632.38265
-1322687.10611
-1266090.33661
-1242097.58577
-1263834.25736
-1283046.97364
-1248200.54232
-1268508.74143
-1278515.19333
-1287480.44217
-1305505.53013
-1262171.04994
-1262978.59637
-1277836.72166
-1268451.23836
-1278601.72796
-1312547.57313
-1272348.33495
-1263826.70469
-1267306.99873
-1300249.42539
-1306924.25216
-1278271.04167
-1281544.36086
-1272259.90759
-1274831.05397
-1280551.8741
-1278258.29962
-1294555.26103
-1267673.49653
-1265067.53952
-1275155.2094
-1281841.60144
-1285369.28515
-1250956.09754
-1270120.92703
-1235787.6728
-1297373.29341
-1264294.78385
-1272757.54393
-1280353.07545
-1271243.89341
-1236647.28724
-1241181.05304
-1246787.83369
-1235779.9447
-1281482.07178
-1259290.42545
-1270953.94276
-1279923.42324
-1276516.90737
-1303129.74479
-1301016.96553
-1253166.3348
-1272747.33721
-1293692.46922
-1317336.34872
-1268394.52457
-1286280.15402
-1244354.50023
-1308356.99431
-1255560.23964
-1297965.39061
-1257646.8809
-1274999.71339
-1205285.54834
-1274541.56359
-1261404.91495
-1299732.22038
-1260775.38736
-1284660.49294
-1277110.4475
-1252488.32907
-1312067.49448
-1316173.28744
-1299068.92487
-1256790.35602
-1281022.8595
-1291481.4698
-1265260.61309
-1233715.77276
-1284109.91811
-1252127.0543
-1263623.02159
-1297668.72191
-1254740.58697
-1278793.60024
-1276232.94091
-1307227.37907
-1297316.22696
-1303178.55934
-1304475.64631
-1320916.56738
-1208082.53455
-1291456.75987
-1284971.12749
-1319098.52975
-1292982.48742
-1209523.02499
-1242988.97951
-1281165.15559
-1274902.26735
-1265390.24503
-1273685.35717
-1277386.20059
-1291318.00034
-1296731.36945
-1269068.16702
-1275653.98492
-1263715.13947
-1289445.27014
-1305027.53248
-1254565.31339
-1321847.56611
-1313714.80365
-1278510.22672
-1259405.98682
-1272808.56606
-1269107.49157
-1258264.81386
-1272143.48969
-1269485.18409
-1267446.31496
-1268861.43423
-1262909.15555
-1279858.73901
-1252148.71181
-1286163.98122
-1243443.01075
-1294287.33498
-1283004.09753
-1270027.51711
-1260565.67564
-1290718.40839
-1280386.81407
-1266170.3321
-1303151.53306
-1268208.94923
-1276647.84662
-1237015.72583
-1280801.58406
-1270327.72064
-1287898.76072
-1286413.64051
-1277924.6312
-1272014.39134
-1279525.5235
-1278166.26006
-1227701.65618
-1295219.42896
-1262658.72986
-1281061.67993
-1280046.82273
-1286625.06757
-1287671.46881
-1306930.08721
-1258789.4565
-1275178.03673
-1253283.84581
-1291153.18138
-1273010.84005
-1274311.06331
-1276325.92134
-1252753.88055
-1273577.99776
-1270943.69227
-1285303.71531
-1230702.21007
-1285157.70291
-1259739.71421
-1264011.07972
-1261953.12227
-1286375.88513
-1279538.56366
-1265325.34545
-1281547.77343
-1283860.89116
-1257986.71577
-1294264.99677
-1259807.04195
-1268645.20448
-1278994.422
-1257270.43427
-1286522.20026
-1292208.57374
-1252158.5957
-1316116.99732
-1300167.61503
-1238213.53308
-1243891.63961
-1286192.21339
-1270669.22633
-1314444.38665
-1261626.37754
-1246957.15259
-1272919.4862
-1294282.36282
-1263461.8014
-1246680.28636
-1294811.9475
-1269373.06492
-1249925.2024
-1270642.74315
-1265934.792
-1289754.83586
-1271080.86042
-1246395.0941
-1229626.1685
-1251613.29611
-1284353.57871
-1272758.35572
-1267301.20041
-1293098.03601
-1301405.06412
-1257340.34927
-1289632.94963
-1265653.15865
-1233239.82158
-1275385.77804
-1276073.08584
-1303962.43987
-1275483.95479
-1288388.8531
-1247702.54697
-1286912.92647
-1275014.31122
-1255237.37952
-1272336.89152
-1276219.99863
-1256934.34681
-1280395.15194
-1288029.30648
-1257529.47801
-1285417.16842
-1272101.23841
-1282981.81361
-1283401.45251
-1291337.52324
-1302928.37164
-1306293.86456
-1262786.40097
-1287460.4084
-1270656.94444
-1294809.34695
-1288547.39799
-1211847.14955
-1290692.55325
-1278684.45968
-1295206.48556
-1279046.29386
-1266629.79245
-1294948.15337
-1293647.47794
-1272171.42491
-1263377.46851
-1277018.84358
-1271662.58737
-1261291.77139
-1268471.68472
-1270429.14294
-1267520.73913
-1273039.29252
-1305295.54941
-1271389.3246
-1320312.25991
-1232057.54246
-1277534.37257
-1288945.01121
-1229628.86774
-1301888.70169
-1271624.88595
-1276050.65585
-1238339.91174
-1266984.3167
-1249726.92233
-1254495.80328
-1320911.33646
-1297011.93559
-1302455.09657
-1294918.62531
-1258935.62676
-1247901.6335
-1260650.46243
-1319280.85034
-1307305.13522
-1289258.89651
-1284770.16514
-1227611.42484
-1301060.73338
-1263300.32793
-1281810.40154
-1273132.18076
-1278812.59483
-1269785.24096
-1255147.49757
-1285649.25428
-1246819.75248
-1297186.8957
-1285739.55652
-1259245.16093
-1279649.57164
-1251547.02189
-1270234.49881
-1280755.64291
-1322798.68762
-1286675.54455
-1295279.77704
-1266598.28932
-1268069.30939
-1271644.62912
-1278993.35354
-1251897.12538
-1290166.74864
-1275719.96915
-1272534.7786
-1274184.49746
-1276138.48168
-1256958.92926
-1294337.87995
-1303696.78967
-1290093.93656
-1297956.7178
-1217522.88163
-1294172.21035
-1282405.7529
-1229894.22709
-1260166.61277
-1277430.12654
-1262246.06417
-1280746.07769
-1304199.22265
-1267996.1445
-1299171.48075
-1274445.37912
-1237958.97524
-1279875.25244
-1254518.75156
-1270794.70461
-1236242.03055
-1265494.05185
-1283603.6161
-1262777.60139
-1276504.51718
-1236866.19893
-1298795.25734
-1296075.35247
-1324529.79483
-1285361.67055
-1284362.40032
-1275068.83101
-1285661.15974
-1264079.41349
-1282786.91794
-1280862.05593
-1269805.47026
-1283183.61751
-1274274.91493
-1291797.45405
-1260442.57467
-1280683.52388
-1298863.0827
-1291791.01378
-1303797.9129
-1304014.06636
-1306628.85844
-1271533.53339
-1302129.20746
-1300648.44671
-1298885.6061
-1304707.09302
-1290581.07123
-1259762.67689
-1280706.93617
-1285670.80357
-1267271.24447
-1319882.89342
-1282431.04046
-1301627.51613
-1301751.62255
-1247300.26264
-1299380.24459
-1276472.36706
-1295901.31786
-1282535.19823
-1305164.0439
-1287922.65599
-1297068.60322
-1302840.31191
-1242140.55441
-1242682.44923
-1292459.99382
-1263882.49031
-1294829.80807
-1293541.49384
-1302655.34896
-1283359.82349
-1290142.98861
-1298257.35602
-1232804.71218
-1244948.90505
-1288527.21352
-1272410.67107
-1275390.71146
-1326074.37919
-1290175.16694
-1260081.67144
-1237788.93448
-1297450.61226
-1315486.8156
-1276213.41427
-1240556.64282
-1238359.11359
-1269703.38758
-1297766.05903
-1258322.20628
-1276552.07395
-1322077.65976
-1286858.42737
-1276593.72926
-1263655.82414
-1295970.87255
-1275066.86461
-1299360.62711
-1291833.19519
-1300686.81367
-1257110.35025
-1271260.61581
-1244519.77694
-1265418.18635
-1242096.26513
-1262308.89298
-1241781.82084
-1300946.1454
-1270584.72567
-1282507.56912
-1294866.16052
-1277703.46528
-1289370.05142
-1289854.79897
-1258801.66091
-1287058.93436
-1258978.42999
-1260644.57277
-1241514.39468
-1272919.59535
-1279738.18149
-1278418.27686
-1278310.1945
-1256216.60437
-1262049.58486
-1328456.92793
-1325433.32883
-1273073.96702
-1300520.7123
-1260100.12913
-1287272.86094
-1251906.81371
-1300055.93109
-1277984.95251
-1258437.96034
-1280858.40333
-1243333.70962
-1291634.70604
-1248044.98834
-1308464.07598
-1286621.28775
-1288887.80199
-1259718.71983
-1327478.07517
-1282637.77124
-1309592.16366
-1294716.97611
-1247687.7829
-1263399.31932
-1303879.71312
-1267694.97537
-1282172.17603
-1325097.63309
-1277527.3871
-1270276.22282
-1278702.18126
-1304292.61923
-1292752.26204
-1247866.99755
-1309330.80874
-1244146.3981
-1249890.3135
-1258405.53855
-1312585.92294
-1296262.95492
-1264143.59142
-1296080.61468
-1264656.3284
-1259700.93129
-1258418.06729
-1287493.1947
-1253640.6498
-1272144.17537
-1292281.36818
-1296434.14997
-1305531.70001
-1299481.99986
-1286227.48018
-1236570.037
-1297807.93535
-1258036.94126
-1305605.80322
-1277604.60882
-1264566.49124
-1265906.73385
-1282288.77123
-1280990.76181
-1236546.5656
-1270385.53113
-1293435.75011
-1292522.34081
-1274580.39402
-1288408.31644
-1288854.18829
-1279748.24402
-1302367.59173
-1314939.28388
-1264537.19862
-1246703.01524
-1277974.62796
-1265474.49866
-1239748.44834
-1301009.35547
-1251004.00616
-1275188.33281
-1257676.35572
-1276782.2821
-1307253.82953
-1254966.11079
-1287933.76918
-1270337.64708
-1276034.90399
-1278482.24652
-1269903.13675
-1252466.06665
-1307151.02028
-1291189.14911
-1267385.09024
-1280713.56897
-1290965.45027
-1268058.6273
-1295365.5593
-1285575.60555
-1305488.73078
-1293232.66572
-1284444.10706
-1281215.52024
-1259588.08858
-1294355.6743
-1282876.89202
-1281518.78682
-1266976.52949
-1241528.7096
-1287335.65841
-1291633.99273
-1279366.6361
-1323224.94543
-1281158.50857
-1262780.0284
-1319906.09693
-1287912.18223
-1280215.1723
-1272890.62656
-1285805.0101
-1259167.32327
-1285527.06559
-1259970.00619
-1220365.97749
-1266422.94307
-1288697.54472
-1298349.09348
-1256822.2068
-1302436.30305
-1297783.87274
-1300076.75155
-1317638.20857
-1236387.16033
-1284710.97197
-1293551.27626
-1275234.12936
-1266702.36766
-1264853.09788
-1239754.94258
-1263565.75825
-1310640.73668
-1272257.02255
-1256034.32675
-1252995.34432
-1275501.04416
-1250603.356
-1269861.6032
-1279130.77936
-1280655.99173
-1222488.00059
-1279275.54241
-1271460.35905
-1298448.34536
-1238500.37817
-1248580.42814
-1269252.43954
-1298361.25498
-1307361.6241
-1280465.70147
-1266175.02714
-1294208.6299
-1237927.37884
-1287779.47267
-1309111.23818
-1313542.8557
-1311104.30777
-1283622.11171
-1275229.01269
-1311021.00231
-1277325.21709
-1305337.24832
-1283561.49175
-1289942.00276
-1252879.64648
-1255686.77606
-1274376.37577
-1256399.50858
-1292589.85842
-1254959.26889
-1303864.90217
-1292564.8679
-1284546.11027
-1266610.13022
-1235254.52684
-1248126.59901
-1270409.16578
-1274360.94072
-1237771.73865
-1305354.8995
-1275794.46494
-1243214.07035
-1305863.41778
-1295091.13179
-1263636.40666
-1296341.87776
-1303694.79259
-1302877.21613
-1274515.53791
-1260876.42711
-1287345.50321
-1270998.79688
-1293169.65416
-1278004.54892
-1257597.02759
-1285617.66936
-1240464.21502
-1255024.69927
-1251615.60877
-1333102.06383
-1284572.45095
-1296756.69373
-1288387.33405
-1261468.78102
-1294715.84575
-1272638.45045
-1313172.9895
-1307229.59388
-1282627.08382
-1337738.0009
-1290484.85261
-1263613.57594
-1270980.34319
-1295785.18642
-1286609.73713
-1281848.86657
-1287578.25265
-1274907.45529
-1282018.38308
-1309844.06703
-1281330.19232
-1272836.97085
-1290664.14084
-1269845.1107
-1288261.67423
-1272701.34467
-1296531.77306
-1264164.4092
-1286069.41598
-1242908.66745
-1300072.80005
-1287785.78871
-1254033.63317
-1260992.25844
-1311610.62178
-1305891.04619
-1290586.2384
-1313874.66427
-1283457.48911
-1286859.81814
-1288823.20321
-1302016.22443
-1304330.19316
-1285143.6097
-1306352.90673
-1292160.04511
-1313415.84814
-1285833.29001
-1290442.60307
-1295328.87388
-1305290.12221
-1249883.1993
-1269189.52232
-1307618.8342
-1306158.26841
-1297197.29448
-1302651.89464
-1286210.78558
-1258612.02165
-1248233.82363
-1243568.80433
-1275742.91282
-1299759.38554
-1260590.38445
-1286536.0493
-1282148.52844
-1290487.1654
-1240357.53103
-1288038.10717
-1274420.16359
-1286569.59653
-1261882.4063
-1303645.62548
-1312151.37917
-1257037.6229
-1293889.2091
-1291043.45277
-1287699.74702
-1275421.36665
-1264284.17348
-1279611.97295
-1286933.85556
-1282105.64744
-1245272.53392
-1265792.92893
-1312737.38822
-1296144.99115
-1252610.29954
-1229595.64598
-1263714.05831
-1266960.061
-1280621.58154
-1284634.18083
-1280571.44786
-1296367.79613
-1275619.14652
-1275027.55323
-1302316.39046
-1255936.15592
-1295750.02482
-1250038.86882
-1280239.20048
-1264359.17208
-1272937.29837
-1311084.49952
-1260696.89078
-1285326.91338
-1270781.55242
-1272504.45758
-1300115.73034
-1311608.84615
-1253623.67553
-1277177.63374
-1264960.74533
-1255871.33299
-1320447.80936
-1251166.32958
-1282260.13808
-1266307.96551
-1290758.90729
-1234610.83643
-1260789.33434
-1297231.07816
-1291571.08278
-1305785.14294
-1269576.63295
-1287029.63172
-1286640.00309
-1271165.75041
-1269487.94674
-1298856.0107
-1284356.07845
-1254320.94851
-1223334.30295
-1237292.01169
-1271131.22524
-1293564.04046
-1288064.7908
-1263281.98772
-1286226.65681
-1288165.62369
-1258283.1798
-1285733.32355
-1276819.05517
-1266132.99675
-1268915.91997
-1287379.25661
-1299860.5023
-1240060.08482
-1294856.82879
-1298810.67505
-1290176.93423
-1306021.74673
-1225172.01699
-1287144.07774
-1318663.38287
-1291879.4091
-1246605.42743
-1272680.81998
-1262419.66091
-1225281.02843
-1267625.7534
-1312452.68115
-1244766.28899
-1253678.31492
-1288954.34725
-1277909.46141
-1266087.19303
-1281353.37348
-1237192.03115
-1334278.6904
-1302258.06137
-1268315.87078
-1241178.10298
-1270609.50889
-1320637.70638
-1196545.52843
-1277697.03582
-1268523.77991
-1294629.18902
-1250970.67058
-1252798.46017
-1269422.06213
-1264623.08387
-1269534.05479
-1298974.74894
-1291085.46879
-1234435.25893
-1288767.29097
-1277476.53038
-1287987.06315
-1297361.85969
-1297669.03195
-1265058.52367
-1264481.74211
-1264613.73425
-1262252.79187
-1280072.10328
-1269936.64647
-1297999.24947
-1256301.02821
-1318385.03962
-1282529.46998
-1280935.89387
-1275197.74258
-1268834.89716
-1271777.86732
-1283040.43324
-1279553.63436
-1292475.96763
-1290383.43588
-1281380.85146
-1305628.19412
-1264798.97052
-1291261.1461
-1289055.50967
-1287759.50612
-1252674.80932
-1250227.02554
-1308246.68613
-1249557.17968
-1286378.91869
-1277731.75115
-1236381.64745
-1291828.60939
-1277273.21828
-1297451.86965
-1250015.40682
-1249866.07093
-1247779.56255
-1296255.04283
-1248177.73409
-1260760.04243
-1264517.4477
-1269649.92341
-1266726.88427
-1313058.40133
-1278529.68886
-1262049.22057
-1294088.84036
-1290192.78878
-1286715.20782
-1273528.15807
-1272063.79692
-1271143.68107
-1286907.6127
-1292840.31419
-1239777.06401
-1252967.52729
-1266675.96358
-1308243.24631
-1273155.50324
-1285884.1555
-1267436.6394
-1280796.12517
-1260478.55467
-1277376.16658
-1323374.07092
-1229485.17319
-1325023.00911
-1253186.5435
-1292124.04722
-1254065.49002
-1260430.0392
-1294600.33219
-1276799.60823
-1294078.35887
-1282055.0273
-1270232.75462
-1292568.46276
-1298021.30806
-1264412.42735
-1268236.82578
-1271599.21057
-1309077.68423
-1285335.24421
-1295702.60366
-1306874.54162
-1306334.05125
-1330919.26421
-1262116.38496
-1253336.81207
-1296882.15517
-1278026.65916
-1273329.89354
-1259750.80883
-1260711.48008
-1281290.28095
-1264293.30439
-1292318.97046
-1282631.10529
-1303146.38871
-1234704.95289
-1291459.68713
-1285366.26095
-1255207.21024
-1293994.34492
-1272900.84754
-1314457.36251
-1286875.00861
-1266037.97499
-1301459.36681
-1293926.22017
-1256356.09901
-1289073.20339
-1298220.88544
-1300318.96424
-1216009.90315
-1314065.37538
-1226612.97716
-1289980.89121
-1313068.76559
-1305328.12171
-1248610.69294
-1273528.24696
-1241798.56142
-1264819.35214
-1274449.40502
-1244390.49115
-1309132.58376
-1256628.66023
-1275165.56303
-1292096.87966
-1274172.63694
-1243778.23382
-1260761.37004
-1289643.69338
-1285913.22806
-1270081.2558
-1303938.6565
-1297092.84044
-1294009.83615
-1307791.60743
-1276819.91785
-1286287.02618
-1283762.23068
-1279671.85309
-1282985.46331
-1284935.14883
-1261740.99283
-1236484.87905
-1304039.69421
-1268222.14641
-1286933.30463
-1201450.98994
-1265050.06148
-1327814.63358
-1289679.02853
-1298563.06287
-1268101.94168
-1279731.68306
-1295036.59693
-1281736.85965
-1297685.55639
-1291108.07937
-1305754.7518
-1278419.44859
-1257100.48583
-1274774.60516
-1304623.71519
-1243859.95871
-1265450.80957
-1275588.0427
-1258537.93212
-1266306.26392
-1271534.50391
-1303437.10817
-1263186.62645
-1296905.79722
-1217500.37641
-1286332.07992
-1260027.29199
-1281915.80923
-1228942.10999
-1276232.40363
-1275825.64473
-1288375.85956
-1304082.90115
-1284096.02941
-1318411.54121
-1229640.27565
-1275343.95927
-1295745.07673
-1265972.43666
-1265492.39476
-1278506.79296
-1301615.47338
-1279793.91183
-1270355.37809
-1282730.94573
-1253628.19923
-1274515.35624
-1286739.79606
-1284119.88113
-1285914.5297
-1325301.43891
-1289712.92284
-1288884.68619
-1195827.90389
-1285884.37358
-1273468.02718
-1254258.86027
-1310350.56551
-1256527.95753
-1266641.17647
-1307485.21415
-1283903.08885
-1298322.55992
-1292874.88156
-1312702.19247
-1282894.64163
-1300313.52235
-1283048.58281
-1285000.55201
-1295860.90022
-1307801.26659
-1286841.02481
-1278443.95551
-1278536.62968
-1290434.3725
-1291824.55146
-1268032.09812
-1287562.20243
-1271544.41674
-1322146.30727
-1302452.7271
-1276629.26557
-1272671.93047
-1273714.56885
-1281419.3712
-1329480.95673
-1259510.66779
-1332812.89723
-1238219.56342
-1287068.53258
-1296195.02715
-1271853.73453
-1240652.07681
-1243499.48697
-1291421.07745
-1292916.75502
-1238033.63775
-1285929.18215
-1265161.64482
-1242196.48534
-1255516.43093
-1338860.20822
-1271000.29068
-1290272.58254
-1272825.9399
-1289170.13517
-1302774.22853
-1276077.77091
-1239470.75952
-1258329.09349
-1279269.36295
-1273917.62697
-1272596.19107
-1266643.34225
-1292839.05519
-1249248.59326
-1308388.39117
-1293989.59261
-1261203.58065
-1264317.84437
-1278744.63201
-1301853.3877
-1254965.68205
-1287773.78239
-1260298.54112
-1305235.1838
-1252597.40069
-1285883.28782
-1278101.48432
-1307256.94443
-1291636.40607
-1281684.8185
-1255828.34063
-1267070.83083
-1282567.79694
-1266438.82075
-1305766.77679
-1293752.63198
-1254076.69969
-1278600.43599
-1286956.15337
-1307863.05199
-1228610.24043
-1278931.31955
-1243067.12901
-1305367.90402
-1261720.04988
-1268101.48797
-1261184.99107
-1273372.79477
-1248895.27016
-1274035.86304
-1296704.67339
-1297723.49387
-1308940.60294
-1274371.92899
-1278550.22832
-1280551.91217
-1266940.79327
-1259151.76738
-1277102.04943
-1317931.33012
-1232772.5387
-1299722.61267
-1279465.68783
-1280944.09999
-1273832.69552
-1297088.70963
-1258043.44379
-1278927.67574
-1311315.3279
-1298703.55842
-1298965.73773
-1298765.51192
-1299238.93547
-1241712.82322
-1301577.62597
-1300096.3817
-1284191.71387
-1256436.73013
-1256872.38512
-1253884.37391
-1265270.64778
-1266364.60222
-1277048.8035
-1275242.89902
-1267110.07731
-1314473.3071
-1242621.80888
-1273322.52356
-1331237.47727
-1280407.13922
-1305725.45032
-1239705.85107
-1300725.06121
-1274477.53886
-1275729.79261
-1287800.36937
-1264671.82507
-1237392.34736
-1250553.32517
-1255506.00436
-1239159.51913
-1316325.68711
-1272395.42085
-1291707.45476
-1189945.43782
-1315322.98794
-1293600.48502
-1244290.98599
-1259970.13757
-1299246.15237
-1310465.0053
-1259498.54248
-1312100.15114
-1271729.87528
-1237071.89642
-1301125.41658
-1287972.70664
-1296130.85139
-1277319.21169
-1276763.14923
-1258231.60466
-1265208.42245
-1272874.96025
-1285603.97177
-1237075.44558
-1292733.73855
-1261452.72498
-1283529.89359
-1288191.79747
-1297840.38654
-1285780.32486
-1249847.27873
-1310974.79003
-1271340.65466
-1256850.68476
-1270125.60626
-1278166.47944
-1281214.54462
-1252388.51814
-1272515.13551
-1259549.81623
-1318273.21989
-1221491.74421
-1262521.60272
-1234500.33807
-1292205.83932
-1243948.84604
-1271798.0902
-1276214.76932
-1250363.57154
-1269130.83459
-1266917.61992
-1292970.4417
-1252092.03168
-1219335.28239
-1271169.30848
-1287085.99823
-1261834.36478
-1280710.62963
-1322266.49111
-1259916.37379
-1222284.16369
-1286504.59065
-1301986.5133
-1268395.5429
-1292093.39104
-1263780.23041
-1279718.41677
-1277657.33528
-1292642.25608
-1224885.57336
-1276787.83844
-1280355.94667
-1247843.2638
-1216418.9321
-1288520.44886
-1236689.57283
-1296393.50339
-1253824.0582
-1272450.64511
-1271253.09964
-1296259.73475
-1262343.93727
-1263953.23087
-1267321.13267
-1261824.2797
-1270858.03676
-1271275.07419
-1270843.4041
-1264648.68413
-1290001.01385
-1219440.84446
-1281988.6191
-1273769.11011
-1237980.65357
-1291236.15241
-1256685.93929
-1308995.8769
-1291302.40029
-1299110.55791
-1271188.6441
-1310038.03018
-1260332.29468
-1283677.01133
-1273313.16191
-1309570.60834
-1289288.41906
-1292630.98102
-1302224.72933
-1254690.34226
-1262052.18511
-1274745.68719
-1272046.40689
-1293524.79878
-1285618.90474
-1342109.22481
-1280899.44466
-1267719.39134
-1251652.70757
-1279353.74737
-1287059.22575
-1287538.69556
-1278540.85345
-1283846.79454
-1296400.60485
-1290580.92582
-1250624.27724
-1255364.92545
-1297225.29841
-1280432.52579
-1276526.38087
-1258157.6945
-1274632.35551
-1282006.90576
-1244655.82598
-1240458.73286
-1296919.75938
-1235015.56765
-1294567.05558
-1280779.01053
-1302338.45439
-1319258.23387
-1286598.85967
-1270939.3963
-1212291.74876
-1290800.76264
-1296128.33197
-1267241.31874
-1281650.63065
-1301852.83845
-1300281.60879
-1274753.96853
-1285550.10252
-1290403.86282
-1245978.5707
-1279756.26977
-1252859.40986
-1267372.23131
-1271966.17187
-1279260.45476
-1264826.93297
-1293701.41634
-1299061.99376
-1259499.42903
-1256365.89825
-1267714.40925
-1307889.54938
-1288952.4517
-1274826.6459
-1281507.23948
-1310162.65598
-1314066.93331
-1294460.02293
-1288662.37034
-1261998.11631
-1297368.13532
-1259876.52987
-1267841.52054
-1259231.01486
-1259360.2488
-1258991.72715
-1243959.08394
-1287942.39489
-1279755.03311
-1290547.90805
-1291442.39607
-1268801.87786
-1270403.45379
-1297379.43463
-1247607.58747
-1252768.8423
-1269741.99213
-1274831.67143
-1293004.69609
-1262171.8574
-1313039.44042
-1225627.31927
-1237523.4205
-1221623.91888
-1299145.01173
-1260934.37327
-1248197.28907
-1244885.67751
-1291055.88534
-1253749.50845
-1294812.48164
-1225266.97076
-1317698.59697
-1298820.10518
-1255521.901
-1294946.7022
-1291428.18822
-1297966.04281
-1270037.05674
-1303497.51811
-1271891.72187
-1244919.65013
-1299746.06305
-1282907.71625
-1301011.08249
-1288216.97344
-1284826.68932
-1286469.34118
-1308086.85151
-1265165.51207
-1274349.00653
-1278917.53528
-1308775.58324
-1264172.47932
-1294810.41077
-1294259.40154
-1262858.51073
-1307280.06646
-1296120.23919
-1243984.74345
-1286543.46819
-1243448.65093
-1229950.37594
-1290542.91719
-1280724.24769
-1285293.92309
-1275960.61352
-1255914.8671
-1283199.76219
-1283474.21979
-1249393.78094
-1279524.08819
-1296325.89694
-1296035.17271
-1282776.61532
-1286177.92906
-1311649.48916
-1282301.05035
-1265243.8558
-1277568.85253
-1307591.87362
-1259722.14204
-1278216.42496
-1272584.31775
-1266274.57416
-1278096.28846
-1279500.19162
-1242741.08846
-1281460.9448
-1255282.78335
-1266224.53623
-1268801.84376
-1298991.01918
-1276370.79546
-1287448.23238
-1247308.54885
-1285250.22653
-1295440.00761
-1290022.43492
-1267351.35186
-1318319.53065
-1292092.97713
-1305194.76041
-1269293.83641
-1319951.28184
-1297598.3432
-1287968.60852
-1269362.58366
-1289472.98425
-1279622.17824
-1306023.56194
-1289873.15238
-1265277.56685
-1283604.59741
-1300487.60539
-1317718.12939
-1233511.65219
-1279282.64283
-1261237.15497
-1285061.7683
-1304140.62048
-1267590.49919
-1309227.58687
-1225624.13731
-1277967.44521
-1330485.99426
-1266137.4813
-1286636.27463
-1284269.03903
-1276475.56931
-1237771.92759
-1258759.48829
-1305729.70831
-1262013.75265
-1268797.61717
-1304667.72647
-1267302.99353
-1268240.76626
-1265351.69035
-1280037.69747
-1254909.72819
-1261139.51212
-1265578.30655
-1253460.78442
-1253939.06142
-1290962.27848
-1287928.43267
-1310535.28553
-1262155.64843
-1295520.93984
-1288015.87338
-1276542.28496
-1265473.11211
-1264941.61376
-1274836.92821
-1246863.39235
-1281683.16867
-1284528.08723
-1289892.43857
-1303503.04769
-1282551.18203
-1265959.68405
-1195125.72773
-1282390.0698
-1287384.97296
-1280690.13249
-1298567.84519
-1249121.40505
-1287019.747
-1284612.91935
-1269686.28123
-1302033.01219
-1286607.79344
-1271807.59878
-1215917.20348
-1242593.91816
-1252110.45136
-1247036.7482
-1286885.19727
-1262625.38622
-1315927.63454
-1274908.97888
-1270808.70705
-1288189.65507
-1325719.60635
-1287400.35145
-1323778.23709
-1263588.35702
-1284744.73526
-1270857.17066
-1255013.72063
-1297927.41442
-1295439.95684
-1283221.45007
-1300502.84991
-1247762.56891
-1285046.94383
-1246491.69859
-1274066.03699
-1290597.22713
-1307519.61047
-1263909.78925
-1264344.139
-1267289.05411
-1295608.64475
-1274383.05481
-1280405.66236
-1280364.14175
-1282906.87209
-1254332.40644
-1266509.37224
-1264231.72496
-1283175.19955
-1269906.90001
-1268430.70585
-1292198.35765
-1252764.7598
-1264226.04073
-1265883.04379
-1264752.30991
-1286297.39048
-1259143.15226
-1281503.0944
-1252937.54739
-1278487.11716
-1279792.03256
-1288525.6228
-1282226.3284
-1308859.0461
-1280154.07292
-1289816.14556
-1282561.46856
-1315434.40792
-1271944.30411
-1262521.37965
-1262792.43208
-1299132.52607
-1286537.21947
-1270790.8228
-1248853.25851
-1289677.55958
-1279334.83259
-1269040.09654
-1267759.05404
-1316336.686
-1291128.61841
-1270779.09259
-1242465.25
-1280466.17325
-1296386.04562
-1277598.10527
-1268902.18526
-1338869.66353
-1271969.76575
-1280059.69056
-1283636.514
-1286017.84346
-1320185.28595
-1265257.27023
-1297617.38535
-1300989.27542
-1270856.92385
-1294414.32576
-1292197.66667
-1248337.63031
-1292639.58785
-1292826.54394
-1275279.1696
-1273756.36739
-1288732.08624
-1271031.96875
-1277711.07642
-1259712.27006
-1301091.77869
-1265204.39296
-1275621.79797
-1252990.85957
-1289306.38684
-1291168.83051
-1283892.01059
-1302606.40628
-1274124.14304
-1294739.2931
-1265209.74428
-1263159.78657
-1262350.58445
-1280962.57427
-1269071.80517
-1299745.16993
-1218852.2598
-1291070.9733
-1276489.65419
-1289408.21052
-1295563.92005
-1307865.60351
-1297764.77931
-1297156.90706
-1299345.86334
-1236745.145
-1282230.16237
-1296107.48708
-1304967.68025
-1295171.17244
-1251063.74726
-1303134.95805
-1274060.25219
-1282452.42087
-1272316.39121
-1285556.40282
-1284158.63305
-1300178.8404
-1276587.02573
-1296645.44228
-1289397.11478
-1250734.43899
-1246672.75815
-1292479.73213
-1329316.76055
-1267408.62198
-1305949.45221
-1257606.75806
-1306936.82031
-1293088.98049
-1292763.21219
-1325046.72055
-1303311.06046
-1317801.01156
-1269630.85149
-1253824.92913
-1305921.37664
-1297433.71804
-1303771.71592
-1265000.43209
-1271694.1775
-1280423.78527
-1246218.61834
-1261710.40475
-1255655.45509
-1252327.18599
-1279964.48639
-1328379.96174
-1304530.88879
-1284061.44064
-1289822.63032
-1278612.80398
-1342910.55993
-1305518.55244
-1267636.46683
-1305208.17522
-1257757.83271
-1289441.54868
-1305719.55324
-1290387.74557
-1315055.82802
-1213927.53012
-1288764.52357
-1203965.35215
-1290013.57478
-1269354.43152
-1282037.8551
-1291337.7904
-1280665.26621
-1254003.63711
-1245610.63713
-1302349.59787
-1280526.12791
-1316955.83986
-1290200.3267
-1282527.40236
-1294262.89202
-1330468.13513
-1296416.75314
-1281204.14427
-1281596.05529
-1259687.51689
-1296455.11835
-1286850.95977
-1311098.93736
-1303875.17047
-1291812.99755
-1278403.04523
-1263798.86885
-1275847.60771
-1301060.63997
-1313289.47634
-1299846.76243
-1270254.19976
-1298966.5769
-1270016.27294
-1242832.85278
-1300297.91008
-1267491.51315
-1309899.14985
-1317289.28547
-1281489.15869
-1284165.23688
-1317177.24471
-1299002.65443
-1284628.41902
-1267227.15792
-1328409.25447
-1280809.02501
-1295664.00959
-1275237.74141
-1264939.21572
-1257628.05368
-1269562.53638
-1291402.0081
-1246787.22818
-1244351.0474
-1306071.44196
-1271247.17495
-1242242.16845
-1288165.40785
-1264083.3331
-1326091.64485
-1304413.05111
-1265252.61176
-1279151.33712
-1236300.95047
-1283587.91086
-1312357.82591
-1272667.85831
-1286631.81977
-1288429.59508
-1277175.42238
-1290993.77194
-1294735.72423
-1317475.80219
-1294451.31713
-1293377.61248
-1253361.33753
-1292185.20953
-1287812.69946
-1279356.22346
-1305725.62807
-1269066.58304
-1331570.51426
-1290802.82825
-1326978.97123
-1271511.14981
-1315499.50792
-1306887.21045
-1241693.41294
-1290630.93226
-1281923.62938
-1222365.31801
-1292036.31573
-1245625.72709
-1255295.85657
-1310893.83342
-1298291.30951
-1296466.62815
-1267769.01922
-1294697.75243
-1268298.37295
-1264018.00629
-1278270.5318
-1294353.8266
