-608804.118907
-571798.616262
-540877.396998
-614561.381607
-573878.00737
-588800.585648
-569059.143649
-597712.996549
-498261.490226
-547012.72284
-545740.503164
-562386.580708
-567721.415179
-528396.204299
-546949.459026
-545505.954519
-512931.622317
-571313.925471
-548942.144665
-576995.077312
-678815.536608
-688407.202341
-701765.228158
-692036.215516
-705726.451957
-696989.200391
-677175.577873
-697082.99088
-675231.490284
-667632.813914
-667292.767673
-643479.229405
-686858.156572
-691972.094118
-680042.353385
-672489.215631
-717208.636602
-648424.360456
-675474.657353
-693949.555248
-733154.974555
-705647.906233
-723224.529231
-727185.64133
-690060.628914
-733867.374206
-710187.747628
-705682.722654
-723250.489577
-692977.158594
-707117.249466
-723806.749636
-723057.379476
-717352.193252
-695231.405867
-682124.839453
-737507.442649
-725786.159788
-721740.964484
-687041.124284
-737443.386232
-745277.093884
-720296.857277
-708204.802535
-708583.321511
-732963.498473
-724367.208462
-750802.136967
-745901.865299
-694406.811751
-713393.994086
-733655.155718
-671159.39399
-725476.376032
-715415.503636
-727007.177443
-701924.386861
-708831.234169
-727282.372549
-705466.662194
-744853.176698
-737363.908798
-711549.356461
-741098.532383
-716482.088714
-711023.349607
-711335.079793
-721550.75166
-744242.227738
-685159.072561
-713588.794097
-744072.600377
-700770.919371
-703000.172529
-678562.658218
-739413.585958
-732198.488089
-724530.913255
-743224.555126
-731242.242467
-722049.742049
-725812.298933
-719272.076894
-740027.080668
-696290.56351
-718127.776981
-726963.619055
-744711.181188
-750591.579761
-712941.25576
-744542.443159
-743946.771952
-709560.16732
-713973.298741
-711099.417495
-750967.827426
-750667.658814
-712017.582332
-735936.962171
-673705.108637
-736012.550374
-740855.388628
-708104.548904
-748012.207738
-715321.554267
-740174.986803
-716531.381349
-729235.364716
-697571.090352
-720714.368148
-727790.636788
-726604.374094
-718961.43446
-725162.374779
-729299.143521
-731446.415707
-714619.353992
-730343.886871
-724607.411634
-714162.820519
-731583.415046
-739930.17225
-752480.024141
-741886.263468
-716591.034231
-703434.374789
-727933.479598
-719875.793086
-725917.627953
-735505.463237
-735969.133155
-751558.488843
-724200.355885
-728561.562637
-726077.400344
-753052.958352
-714256.67158
-723584.575961
-739240.661813
-710203.359011
-740415.554166
-742154.47442
-742138.058134
-730799.36465
-714277.889129
-713161.388175
-717427.552588
-717079.996076
-750266.958913
-728596.424692
-713664.845523
-734795.814049
-737508.34273
-704287.736529
-710059.598193
-728159.014686
-711165.020862
-726312.299161
-732993.390206
-697077.082259
-718745.250711
-731157.720771
-738809.865203
-722905.031019
-698955.850352
-685506.685162
-720074.332555
-744090.769007
-734190.58404
-721220.895684
-729683.250866
-728965.132779
-739081.822567
-723023.047888
-713926.495727
-729870.925121
-713469.193455
-684056.233823
-718997.949277
-732677.165359
-715093.85178
-716679.905948
-741696.310534
-732630.583827
-681367.258257
-735576.614376
-745755.812313
-726176.290456
-708779.315196
-733317.534013
-724748.251699
-704122.031902
-749350.348289
-723888.730633
-709249.406518
-743044.289001
-719236.783954
-703987.595078
-715349.300806
-691731.889541
-741442.265869
-707128.996641
-713217.291438
-716449.15211
-710018.693397
-696130.344108
-712792.148832
-718239.170424
-731069.608966
-732001.259585
-729265.213899
-735409.12582
-720098.346051
-720263.314719
-749566.00582
-730082.096883
-727730.974672
-726242.732556
-729240.01238
-726392.075345
-751352.964108
-740503.847203
-721981.80032
-736017.385894
-750788.973243
-713682.825981
-724150.503687
-725312.035936
-706731.183272
-722418.742625
-723953.792875
-734396.221562
-734801.340545
-714535.207013
-747950.07434
-738933.978474
-738259.938627
-722580.119074
-727796.200342
-749135.782463
-729712.115854
-743668.511677
-705536.894525
-759105.604876
-741893.784884
-702938.605636
-728214.549979
-726448.241147
-745827.808763
-720845.164167
-718281.380728
-719086.128238
-732071.073244
-741768.27729
-723975.804154
-748406.23761
-729647.078093
-729187.695166
-703762.73712
-721776.180913
-725241.620213
-731201.829936
-742838.49661
-728416.169909
-724048.70291
-706794.343244
-743378.716509
-728968.854945
-744042.404335
-720254.243549
-711705.912633
-748689.670251
-731081.72175
-722534.999496
-731147.488389
-741473.694162
-737606.44967
-749581.57541
-693002.381365
-715982.595381
-722353.813872
-752557.365228
-703019.524052
-742434.644934
-715922.22161
-694795.147658
-736405.352638
-734887.322265
-709777.069209
-708922.786269
-734800.315988
-725678.541984
-734990.27455
-708680.456902
-721353.316913
-751941.844777
-739701.313665
-740782.21569
-714920.090691
-742265.342287
-723697.417049
-723542.413622
-706401.579721
-711963.045092
-741395.33662
-739859.377493
-721143.922664
-730256.122918
-706514.710989
-742550.584158
-736576.814916
-719707.222586
-723447.18736
-722701.683631
-730407.074537
-727040.33187
-735149.463059
-729945.124093
-710213.569543
-732317.048469
-725000.714657
-744795.432729
-726149.01757
-742914.918581
-722239.406369
-710260.628521
-730361.512851
-707940.627643
-750186.552254
-720719.315271
-700102.783166
-740636.08828
-729875.969876
-710619.740513
-738968.986433
-741960.280585
-736559.571261
-731552.860524
-729977.067549
-712014.933071
-749264.295796
-727194.70021
-717448.976109
-749637.208251
-725089.941162
-736690.249993
-737528.560503
-707912.790013
-720083.324748
-742512.924736
-711104.257782
-739497.379992
-715063.181645
-718887.070262
-724266.169763
-715850.54508
-732390.621562
-721247.992088
-721966.642934
-712257.257043
-737730.272155
-726004.922984
-702740.120577
-741008.830738
-708004.856539
-729756.110123
-724720.06087
-729809.026575
-728598.708231
-713732.101176
-738071.364219
-742102.044487
-744372.460401
-734484.212169
-716010.774228
-742767.936702
-734229.822285
-749706.097449
-725748.404365
-733501.707611
-712944.136361
-717050.978418
-708814.759577
-721241.978624
-743533.393276
-749884.644697
-721285.991515
-725069.949852
-711575.688148
-726621.42459
-731562.566031
-712582.693294
-734879.264905
-738802.820104
-712678.6708
-709296.500355
-726080.986127
-747977.987592
-700529.903817
-730667.148322
-713860.774999
-713132.896568
-735640.664236
-749371.241953
-707135.843036
-746024.802693
-734262.621927
-740627.012594
-738745.71505
-706757.222482
-722770.880206
-723276.303624
-752652.736116
-712108.886031
-729473.412047
-715651.138664
-739352.370024
-731687.75109
-691412.062788
-694616.795476
-744143.959546
-726409.381733
-747440.735502
-754596.575941
-731313.78277
-718681.492102
-732514.996797
-742494.875793
-708872.50904
-724253.314589
-699234.412565
-727757.409436
-740662.535241
-729204.040092
-732867.580202
-734547.365413
-721216.458246
-715611.009375
-737569.594566
-731247.414356
-709430.50299
-759951.094689
-738036.470054
-735784.745353
-726187.85773
-718780.336896
-711990.211563
-754000.12389
-727968.337973
-719630.407464
-728770.408733
-728131.963463
-726862.109232
-730233.438036
-714120.275192
-745523.799111
-701643.299322
-729984.048434
-725711.511622
-710129.732708
-754769.926629
-709626.033505
-739658.096299
-746054.185915
-739798.52576
-717258.513794
-716320.848864
-719381.398301
-691012.3521
-712502.190472
-712661.63907
-742834.890147
-715654.37053
-736699.565458
-721873.469679
-713601.678924
-704559.716799
-740578.576285
-701921.295312
-708325.606803
-736309.300388
-712346.070205
-735622.870022
-744285.07495
-738715.989127
-709072.289103
-720094.75752
-712349.198964
-742577.354169
-742622.367433
-711215.895843
-706273.487238
-736310.192343
-739323.622127
-736746.856338
-718301.866809
-730353.859586
-724892.235234
-719450.18922
-745969.237618
-716147.839759
-719834.841908
-742476.741743
-711049.923928
-725597.090252
-706966.819212
-739112.539711
-729497.782335
-725851.100567
-724147.669493
-703364.012409
-737192.083179
-708589.276498
-715445.755061
-711273.119705
-723805.441992
-719813.647753
-738886.209766
-720025.854781
-708955.179669
-734620.001991
-721289.159079
-743398.575868
-742214.527773
-717012.593243
-725233.486849
-729433.774035
-751408.971928
-730159.204377
-732821.640876
-743429.13991
-702669.615445
-714196.741593
-725767.411997
-696586.012014
-722536.297421
-753426.953648
-700688.604066
-744206.298545
-734721.072081
-719371.891172
-727419.660261
-707671.823106
-706766.873388
-729060.832187
-735179.09641
-709276.718067
-733606.939948
-749839.922074
-724166.521197
-710079.283215
-738283.415519
-726452.928794
-727740.37683
-707959.323573
-722265.203771
-720869.15883
-715278.266603
-728724.682535
-707460.794496
-740896.427235
-738865.734284
-754703.916066
-733230.207623
-734682.021277
-715947.369631
-710377.883041
-741216.294365
-710975.989856
-709549.04977
-705981.013969
-728866.959219
-722584.146926
-718937.70278
-702209.238863
-721303.827595
-754520.197525
-725261.700335
-742726.805175
-709063.272768
-710103.337741
-719924.975051
-717661.796238
-732954.155735
-717995.490861
-707166.789605
-750497.858686
-701536.955734
-703347.765084
-735328.119602
-741776.019152
-738744.055109
-744741.565
-729697.634335
-718565.960266
-705500.548349
-737224.437857
-731657.244487
-705401.939117
-740186.838354
-725377.090085
-747364.911846
-723947.136524
-719533.094884
-730288.681971
-725755.344707
-742351.505378
-750535.635414
-739348.449775
-693047.379753
-741139.951822
-746654.509588
-735588.301623
-719748.131057
-745687.600107
-734743.607393
-746764.070625
-737627.332748
-740785.302752
-693231.197985
-734200.583077
-742933.889444
-708799.371086
-739069.241438
-713505.04677
-737614.98952
-734363.228346
-711865.360163
-721464.677294
-741869.568825
-720692.552105
-727192.030987
-746014.123794
-739287.386587
-718971.974246
-738260.063359
-741261.055576
-734261.171165
-735294.586303
-716976.757579
-718185.957164
-748203.148434
-717870.586617
-720949.338153
-715719.807577
-726870.147198
-726831.23873
-736731.29768
-738882.38357
-747812.113639
-690693.125688
-717140.647973
-728702.453209
-722691.324385
-715491.688854
-729259.477567
-748548.504836
-720693.566224
-734988.631971
-701624.697663
-734106.95243
-737116.529674
-732338.333539
-734379.560882
-720419.909386
-726631.044377
-744612.624808
-721585.019454
-719281.023077
-717671.996654
-698291.834519
-736194.497489
-737853.268168
-731680.169905
-715128.617043
-738978.313086
-753096.05877
-726343.780193
-725615.446728
-738046.363629
-734808.432807
-762206.064556
-721261.633083
-744454.194424
-718125.947013
-724950.682782
-710300.882494
-727259.60948
-712945.796035
-730019.653214
-697041.614187
-727627.935549
-715773.195424
-735140.823197
-736024.758294
-714161.71779
-716330.835503
-742584.959427
-721819.825913
-738382.282335
-737975.482934
-724835.918214
-709140.547784
-727989.986229
-702801.810209
-687959.162439
-744968.569702
-722727.183924
-712641.836776
-718727.739435
-718345.366393
-704341.299551
-744365.247875
-741479.78312
-726265.352874
-724307.318611
-730802.570062
-727202.957165
-735567.975633
-704028.873627
-730862.424981
-752034.378619
-734766.995028
-715490.487347
-726052.570574
-698032.02643
-703707.804298
-721511.741836
-733529.401835
-732218.804205
-732575.680342
-733585.348728
-745841.841192
-694730.378722
-731771.844098
-734534.234869
-734846.884405
-740867.244862
-745771.422732
-720901.02335
-739928.385065
-754280.812462
-707142.198508
-712818.719501
-736622.681161
-725747.140627
-704513.95708
-703524.095363
-732040.394955
-720815.727564
-736643.046849
-737470.294107
-711715.491617
-719129.303758
-737981.201273
-706378.466178
-716287.159656
-691936.03482
-730206.343981
-730774.251249
-733189.972989
-729848.915061
-724990.96235
-733559.699871
-740160.258758
-717046.434709
-741341.718134
-719012.379076
-716418.740143
-743324.113192
-735251.566008
-733113.293715
-715933.04069
-710156.924469
-700447.301575
-730783.684478
-725564.667463
-731506.269467
-722176.888376
-711394.58489
-730005.778489
-732030.322911
-732720.584842
-720186.198994
-707169.767443
-720750.658566
-741983.281508
-726177.934105
-740028.595783
-748953.658162
-716365.483299
-742930.818623
-737219.843741
-719525.547387
-726235.729564
-740800.704663
-736165.140072
-725414.093789
-747720.424041
-739156.253816
-693462.195665
-700090.710435
-711983.292661
-721499.790613
-732373.504421
-717896.042769
-726949.139992
-725743.361521
-719848.670504
-743957.244368
-739026.766776
-742422.912972
-718662.840505
-713595.640404
-733413.590042
-728374.784416
-738427.115427
-725150.340494
-742091.521916
-725605.877423
-720238.92846
-727127.893741
-708215.09138
-731790.034092
-764089.651733
-739682.635457
-732072.22849
-724565.803916
-709530.061035
-735086.22442
-686078.870017
-738141.235375
-716644.338482
-715433.416856
-729866.347943
-709014.86685
-721348.096181
-750502.337884
-755375.516562
-726326.956038
-735911.606664
-741964.562539
-733973.457514
-738426.937423
-726602.397452
-713321.114945
-721711.215052
-729073.755603
-720491.562025
-722453.117292
-736783.029329
-731957.494704
-749630.827202
-722576.407246
-710443.051651
-736786.139616
-737356.887596
-721756.101064
-724107.988072
-720811.030703
-697368.414956
-738967.614122
-740517.864441
-718827.399758
-751868.723682
-733893.327478
-722176.826723
-718024.480557
-737114.018986
-749377.770657
-721116.556938
-718806.802759
-734215.752899
-730795.409552
-740434.354507
-714222.201407
-737861.703656
-709501.088214
-721344.453803
-764673.916668
-706420.529813
-727207.080664
-737302.262748
-743757.706133
-730583.364737
-745385.528928
-748428.792882
-706073.413932
-711022.689259
-728496.309828
-773091.194428
-725792.811591
-714598.177005
-713003.217727
-753743.002914
-723003.666138
-743296.269998
-729677.587957
-735515.123975
-732567.330085
-747650.648919
-728617.026708
-726049.053301
-713073.213417
-719014.427539
-718967.080155
-713491.805477
-731742.706091
-753627.265904
-741784.692282
-721233.122321
-714291.06609
-707064.562699
-727442.218569
-730833.543722
-725189.934261
-745417.881009
-712571.926297
-714923.450605
-727395.873661
-696085.09839
-747693.008992
-742846.895029
-722976.136053
-706662.61438
-696203.574418
-736845.828797
-729794.184875
-734109.850441
-739080.658907
-747430.128524
-733681.63533
-738442.990915
-737284.84173
-708404.156631
-723449.450965
-740794.99146
-730153.811923
-738297.160447
-733338.533978
-736808.709355
-701589.411742
-719172.799256
-740107.237993
-689599.634133
-721546.860843
-728868.52554
-710049.722898
-740949.853987
-718146.634865
-728993.547095
-722284.054191
-721727.743615
-748832.077311
-702795.737656
-758767.237127
-740233.476982
-725369.57076
-748448.658581
-730621.619955
-727198.063254
-717640.138869
-714372.120602
-756442.931589
-728377.172872
-681434.705561
-737496.714726
-739399.787015
-737364.631365
-701564.276787
-729167.87866
-751656.299835
-720243.427401
-749390.803876
-726638.497972
-717293.963011
-714209.222609
-706886.886035
-718013.540828
-731927.460128
-714060.308312
-758422.284252
-702648.14976
-700624.929695
-721494.650759
-707037.631897
-690037.613045
-730592.959661
-750658.684627
-721222.006015
-719024.992268
-728231.061732
-694467.863929
-754460.412914
-718098.669544
-717406.659978
-732818.185961
-715850.581942
-706963.785962
-712667.716082
-730017.284512
-713948.220313
-707575.35592
-749810.40164
-738059.739803
-707226.383284
-696614.712997
-731702.331285
-708433.531237
-696049.91493
-720430.922778
-743457.231155
-752154.009928
-750544.70346
-728855.905742
-726007.466325
-735683.065659
-726246.017126
-681428.426952
-746439.640543
-730395.835567
-739211.279456
-728248.885428
-702191.809336
-704493.649929
-693845.736722
-706787.507187
-753400.741357
-737110.336141
-707777.106534
-719096.976077
-719091.199502
-686320.965806
-746011.864695
-705555.429315
-752358.8766
-730719.285396
-728261.149804
-695601.61897
-737685.368089
-720819.731265
-702857.085264
-719930.799594
-696494.469486
-715707.786501
-690264.067669
-726899.993193
-714647.467542
-739775.554655
-714102.598835
-745080.816874
-730378.819101
-714485.084988
-757074.007394
-741181.633325
-721488.533906
-751566.776365
-711741.554159
-724373.205787
-743854.491278
-758328.883494
-721403.973905
-718717.813069
-737459.657199
-723834.168348
-696011.148548
-716089.840697
-721751.670848
-730987.917868
-722494.956406
-722679.602022
-733458.226022
-731102.826628
-736209.654564
-733805.40013
-733690.31603
-730658.909166
-706527.890637
-737015.923102
-740822.683418
-732618.536722
-706489.824311
-724677.946396
-710458.286972
-736788.485879
-707764.026951
-724583.311319
-752114.339959
-723163.55375
-708374.718608
-713586.504729
-708472.153598
-726723.403261
-739381.055637
-753166.482594
-710445.769503
-697434.999154
-742331.133877
-743619.872487
-727248.113437
-735844.14181
-697583.327116
-698563.003754
-710037.752646
-721615.603317
-729003.184773
-724263.154068
-720745.148749
-731819.739415
-714357.241091
-741069.86038
-706554.329223
-710529.790046
-734659.242615
-718005.231428
-738169.12919
-719661.42506
-728747.754469
-707978.006801
-723815.933312
-717727.10731
-727902.709126
-726558.204264
-714041.553319
-738471.426515
-724974.997533
-726892.481383
-724327.787017
-732266.334908
-736238.247705
-732245.055428
-736816.0673
-736643.340111
-745193.77493
-715046.697049
-718478.979606
-735427.204606
-684883.4269
-699115.613951
-716939.185177
-732327.158954
-738455.150176
-698667.520115
-726176.025576
-727650.729995
-727265.2846
-705700.606282
-731172.450272
-744131.335056
-718692.800421
-740460.606895
-715924.577738
-744949.819897
-737231.607009
-710069.324401
-708817.107511
-733146.272612
-735231.820638
-718653.187075
-740009.0607
-746240.393189
-683335.681198
-707724.221354
-719995.255887
-741460.519645
-750666.88385
-738526.162326
-724247.718519
-739247.897113
-732703.694042
-747116.374088
-710833.447474
-711647.922885
-714142.283018
-738434.830274
-725677.521167
-695850.537378
-715126.925978
-744082.807102
-718547.540006
-745057.625091
-692278.913287
-739666.474449
-730499.196913
-695614.795767
-728778.237133
-708243.368318
-710141.023137
-736940.467516
-718845.139141
-723744.449222
-738630.867761
-706438.213033
-704679.21354
-711175.414409
-715251.35174
-750236.470932
-735205.851149
-717571.145542
-741225.650626
-725582.556569
-703819.142556
-715418.640016
-736738.510129
-743870.018028
-747640.081555
-723069.689558
-716210.440085
-717796.974671
-726631.169213
-729832.805496
-744614.773028
-736098.826017
-731760.775172
-723476.77406
-738992.322868
-735641.913242
-722195.028074
-696022.960504
-718029.326254
-724542.639693
-704222.124036
-735878.656598
-744017.304485
-744528.170199
-728277.379484
-753678.05611
-704975.554742
-700108.725083
-725335.727436
-719076.567287
-708269.935698
-718834.642811
-709966.004572
-721151.868745
-740832.025239
-733314.132217
-721246.892614
-719248.316923
-703286.101991
-735714.362212
-733246.536685
-760384.288833
-722827.827595
-731731.486272
-721633.350624
-737984.178934
-731159.252787
-715184.271314
-720444.555335
-757715.451637
-729403.244871
-700597.260902
-736225.254538
-745328.750569
-749094.594415
-712015.755277
-711461.780893
-740577.136655
-721270.137862
-726996.667045
-724623.841035
-708843.317474
-713306.852827
-754292.413386
-740129.77603
-739177.539589
-747555.231756
-715252.183708
-728175.410909
-742027.760491
-734441.820146
-733354.18598
-750794.13004
-716024.108356
-723967.68512
-734938.118958
-722454.012691
-706474.057131
-738413.959883
-711060.578354
-717193.430677
-753373.599315
-710911.655015
-727033.436112
-712789.467859
-731495.060936
-718248.88933
-727856.576177
-737970.581713
-717487.788874
-722523.533264
-716769.543551
-735124.844371
-738772.584649
-719366.958135
-726778.670173
-731772.252895
-739343.724504
-731306.776984
-734889.099514
-754891.638855
-761107.535353
-692349.3865
-726313.14371
-726184.953979
-736489.400139
-723419.020561
-737077.626406
-747036.260981
-734837.506195
-705268.326362
-717582.883137
-740308.162523
-717000.025167
-709998.867945
-732597.950096
-713399.240144
-730697.020585
-743817.452937
-720453.743889
-739051.004191
-712887.451261
-713718.011728
-684163.474838
-716445.094816
-710611.392043
-728715.397104
-734869.046794
-728516.567802
-740361.185468
-727298.480613
-709599.327655
-741800.968763
-735899.424725
-731916.180617
-677352.285888
-714449.743827
-717865.560103
-723855.666557
-715401.253301
-751844.204784
-721200.231255
-711508.827551
-717568.919855
-712932.723338
-721706.9571
-718438.519237
-733849.656106
-728994.527521
-731866.971927
-740454.145851
-700117.178503
-748999.676885
-730128.431096
-710399.084968
-721077.048301
-694390.278386
-719699.887934
-720975.544911
-706847.465833
-719948.925103
-702789.72706
-707570.045985
-723874.783236
-742067.982378
-743883.875179
-716659.134146
-732798.796729
-717453.101464
-714344.438254
-740536.533424
-711791.302027
-747294.973257
-704363.342215
-711453.669931
-722546.566852
-739454.085563
-716344.848427
-725143.818606
-744422.17023
-718956.543508
-731061.173677
-721749.884854
-752305.363256
-729822.046057
-728378.041429
-735242.552351
-747528.490161
-706860.905869
-755790.716775
-731286.503318
-703503.935828
-727402.420501
-716178.133583
-738527.959407
-711424.851545
-711454.666097
-735140.277592
-718470.991117
-706340.050308
-729208.107613
-703567.873754
-695565.722973
-735757.331234
-741050.539346
-734779.384762
-713550.567766
-726388.803396
-704209.386928
-716557.005393
-747894.051737
-721560.579942
-708321.236153
-729141.730542
-730493.93395
-708437.982927
-723059.060895
-718518.455569
-706929.953285
-728488.15413
-721938.364302
-740360.113298
-739523.499295
-727751.204675
-713374.418609
-720788.971089
-714472.714483
-720736.722104
-716935.433461
-728609.804057
-745808.729374
-737483.733951
-729474.281529
-740973.13712
-723441.880068
-698980.263974
-740536.183366
-714364.845766
-738016.649138
-740502.054564
-725060.17042
-742197.030942
-725449.8659
-747431.858061
-740208.892288
-713424.072141
-716666.823952
-750268.5258
-735684.844042
-722322.88312
-727881.969657
-721267.657544
-709639.47399
-751328.027944
-739217.566843
-722492.525623
-713026.676018
-713751.98569
-740016.065812
-722691.615095
-696788.802874
-738379.739048
-704030.290217
-716420.684632
-746118.523979
-725804.386383
-722128.963032
-726991.978729
-711899.728693
-712012.3577
-727907.093657
-737997.627149
-723898.789316
-725402.239919
-762051.351671
-715046.784722
-727724.380444
-738689.679075
-726347.711653
-732982.299723
-723669.002645
-732304.539696
-702285.277255
-733265.253056
-745889.424941
-708844.181412
-692470.889616
-734600.972912
-724087.954689
-731687.68733
-745295.400073
-740442.331329
-744231.274336
-720021.401572
-745252.317825
-726151.628877
-702191.750836
-729503.936001
-721208.388715
-729738.120778
-723981.863072
-711002.570998
-715006.137953
-718506.925704
-747273.869665
-708580.961771
-714319.39412
-693077.742406
-714008.153422
-753084.822835
-725039.869701
-682032.701309
-744641.089667
-743179.065683
-734727.30773
-720014.464198
-734863.475224
-716950.275579
-719690.994873
-733342.045248
-739883.553024
-715888.874782
-740064.718384
-728814.399787
-750893.358477
-711753.899963
-730631.98144
-734484.330983
-698584.093822
-727709.885656
-745496.34051
-716594.519518
-749393.387214
-736537.349104
-767534.885828
-721641.496632
-740610.522075
-731899.764505
-749138.186958
-726440.782685
-732901.401497
-720370.918749
-729642.52499
-707248.402638
-740973.357362
-745297.855038
-727682.573095
-727199.671075
-723803.360034
-741201.863445
-717036.213512
-725297.184601
-716882.445111
-751700.771573
-734129.106735
-730284.131652
-710404.748849
-729051.196286
-714616.047807
-702600.018981
-739792.733097
-729906.2494
-744567.746392
-706656.041195
-750196.845687
-742988.079247
-715453.170378
-706631.132599
-715712.845861
-721355.380074
-723619.53448
-703660.855399
-748659.962514
-740839.806486
-746628.987107
-721179.469233
-720625.238374
-737893.846472
-709945.083354
-734755.226405
-717668.224262
-735785.436583
-729952.81388
-727518.990495
-730664.71671
-754770.368472
-706006.473075
-735012.623296
-706421.345306
-738297.245218
-756792.857475
-720337.564538
-738612.854521
-752474.997412
-713788.677954
-754076.473626
-720496.863014
-678553.030407
-727069.842421
-717163.87358
-707391.602335
-734369.164137
-707108.927715
-719833.505705
-721805.127776
-748672.29766
-704003.053429
-728887.453711
-731654.728763
-740029.117646
-731536.736571
-728006.090213
-714571.927745
-744612.801122
-753710.928696
-734100.869224
-740825.86818
-700037.205213
-725190.175063
-724792.182176
-698801.197213
-701522.098456
-739994.305482
-728458.721968
-748172.267408
-736165.599593
-738737.659567
-718470.628441
-725633.356114
-745894.647396
-713805.10494
-681540.292607
-718197.982713
-735909.518586
-733971.22085
-732643.963296
-726434.530588
-719254.933074
-718897.433528
-736156.36115
-692685.994207
-688386.724338
-717221.127239
-718370.122195
-719727.164011
-721174.667581
-713853.291517
-716094.593518
-702442.205807
-742380.308144
-733380.611522
-722279.321115
-751899.431551
-718764.508736
-732195.017165
-740636.304664
-698502.702548
-732755.081485
-711651.247078
-751497.75132
-724154.351694
-735213.943299
-728001.47803
-730773.673622
-697658.545054
-730849.298069
-720484.286289
-715570.490357
-704838.049636
-732183.093644
-736316.688596
-695388.359738
-742666.564925
-715214.445341
-733037.72065
-750670.045585
-704402.087597
-718916.484637
-707579.450911
-721343.807197
-730436.983902
-710678.675547
-719915.232122
-717515.555295
-721935.917975
-733511.255444
-720872.113637
-719182.555982
-718053.038645
-699807.13461
-733199.04844
-693696.037531
-712394.020089
-734581.052831
-739256.691555
-730291.142933
-717481.899805
-688500.319297
-722498.96046
-709300.590991
-715500.676865
-693437.260722
-733334.713461
-700361.679488
-730568.286604
-746597.428628
-747348.327464
-721074.034375
-713836.18588
-733199.716298
-728294.263451
-705224.447917
-723964.327536
-742040.967901
-722479.03257
-703458.752226
-724913.983978
-715460.961037
-725252.873703
-753398.948985
-724176.602478
-711473.368369
-722790.302265
-702559.306562
-737993.209555
-712675.305813
-720106.015699
-724038.089841
-727299.596633
-737600.598102
-737734.247938
-711071.61747
-732762.344219
-722945.092169
-746329.704463
-738001.566989
-700078.336731
-717490.426065
-714281.967681
-729143.754353
-735150.118661
-717969.908843
-730007.774813
-692983.514772
-721075.872833
-717605.729818
-706435.335576
-710606.618716
-730726.138516
-737904.480314
-722474.613962
-711443.971164
-727263.198072
-732355.891204
-730965.074979
-712563.116613
-726953.59667
-698311.211896
-724825.700489
-729530.714018
-723292.359366
-727557.126973
-701759.784143
-717830.368879
-722859.898279
-727302.326795
-712082.230636
-714182.261733
-699925.776187
-725000.108518
-748441.482848
-735712.767649
-722448.956785
-691844.682634
-745617.194213
-721848.639514
-720868.72759
-705217.512494
-725029.739756
-715200.693016
-682819.534716
-741045.223704
-713565.136429
-736023.740877
-721827.903362
-728883.044675
-726219.44807
-693222.844144
-710095.272774
-722416.542468
-743956.382658
-732451.335892
-747459.442587
-720775.962645
-727758.630828
-727193.862498
-708859.603312
-708380.320501
-741102.233122
-745934.722125
-693359.964339
-730003.412978
-719190.446796
-722056.625921
-725536.538139
-738792.061651
-711626.402337
-739564.047317
-699918.777406
-755836.440597
-728897.815612
-738412.904646
-725414.558596
-735097.440665
-728356.103373
-725346.868339
-715059.910345
-713656.715591
-721878.509045
-720466.123742
-683672.090209
-731901.807299
-716794.543091
-733302.451996
-755000.413087
-739738.260613
-718818.286943
-743711.429232
-706909.600359
-752560.613702
-730543.756056
-744274.520229
-750650.855637
-729632.228359
-738496.781772
-714492.281268
-709735.2811
-728212.310757
-734039.947573
-673968.787696
-724082.651424
-743421.629586
-721490.501813
-705828.134861
-734073.286724
-701303.317633
-720742.615737
-741927.968868
-701128.073102
-710923.761823
-710300.197499
-740688.2461
-741946.316547
-729866.540699
-732420.373784
-727382.567999
-730724.663535
-723803.31289
-715517.808239
-740329.459656
-697536.426702
-765754.243677
-738313.433729
-726205.726466
-743505.21447
-719565.409642
-722759.241571
-724502.247754
-736971.980198
-750801.852462
-718552.261043
-706031.031771
-741029.644412
-734801.630741
-752914.228322
-750587.419575
-717240.592041
-745810.779358
-726747.920154
-720169.076774
-732418.014503
-728350.314401
-699872.151688
-698187.2366
-729062.555623
-734182.519133
-738127.94162
-720915.366865
-724287.566389
-743794.662666
-742849.918044
-714741.576407
-737689.124132
-683158.324875
-735912.65903
-721311.020948
-739098.184997
-710696.432801
-718874.60969
-745875.530483
-714797.815177
-735789.123933
-742615.790043
-731736.692949
-719730.89829
-730074.116832
-707779.772344
-731743.629137
-710427.585691
-710652.175806
-756326.777049
-731181.661354
-718047.172907
-738569.726783
-723029.970438
-720378.543628
-726041.222824
-757063.302065
-715321.54131
-715096.112132
-728631.868919
-737615.807207
-716151.904178
-720565.481584
-744819.0438
-705680.709638
-694112.712606
-728600.725143
-723874.596363
-735901.687058
-733454.925106
-710221.148141
-734769.811558
-736287.20368
-730720.658002
-728318.216952
-670591.413305
-720888.473972
-744732.444901
-739902.223955
-721578.314054
-733246.375928
-691235.583585
-741427.301756
-725197.828695
-737048.139731
-730576.192353
-731851.916532
-736639.310881
-752716.810551
-709794.336038
-733985.893776
-738704.853897
-755728.220886
-739009.872543
-690062.984924
-736823.016834
-747613.264973
-712809.103632
-724442.068002
-730430.855787
-738885.096877
-716895.44034
-695064.938385
-718166.451264
-735041.579606
-738916.540018
-731241.053799
-736706.073972
-737971.531793
-710614.928646
-732362.024715
-733457.488874
-738832.558046
-739056.634799
-739566.191171
-723658.619409
-730475.797082
-729911.92855
-728131.234515
-728675.223154
-700581.887835
-735132.419942
-714728.797832
-718279.913666
-724712.241322
-732232.482637
-713581.565416
-736573.782741
-717139.763935
-746374.053436
-713666.292622
-729695.840445
-704477.811483
-731319.67616
-714381.31633
-740812.719986
-733518.115908
-722429.572745
-728865.949672
-705677.995574
-716849.672482
-725569.273888
-748532.010353
-716758.773681
-725166.45522
-716572.319083
-732085.353138
-732899.213602
-751627.534194
-701681.70552
-737128.857759
-717913.013242
-719267.694463
-739193.283235
-722491.447526
-727824.08984
-700005.346825
-738708.004264
-747562.934333
-733630.797429
-740199.473531
-725308.84675
-715126.334574
-727735.505995
-741264.303758
-704959.462415
-732818.999319
-715608.184592
-737453.327999
-730440.670517
-707334.277939
-748973.542223
-734977.783761
-738796.13523
-731651.778503
-710969.60778
-705563.935568
-714680.34591
-710373.06919
-699688.561739
-732700.374274
-720038.945841
-741843.036177
-726116.781609
-731078.485772
-727382.161469
-739828.428404
-739027.212249
-695890.104475
-730137.091569
-695351.25646
-722074.581299
-731377.485012
-729195.92604
-720554.267408
-716674.812558
-727813.573193
-695181.750988
-715640.464904
-707786.640263
-722629.335329
-723837.621545
-712165.602806
-730047.302627
-703800.048592
-720595.512048
-752684.984291
-716459.271759
-741892.413653
-755806.721562
-719769.057809
-739329.214511
-733112.34602
-725584.843635
-736200.451453
-689887.390434
-744320.159277
-761121.889693
-733613.045994
-720335.109277
-727986.860571
-723293.051222
-727119.174076
-753488.463812
-684331.274447
-741249.209248
-743990.625981
-712161.363624
-738806.445743
-722747.066387
-742269.182878
-719654.541618
-717894.652134
-727883.373589
-710530.159052
-718154.355457
-738963.167335
-729563.857741
-717259.316033
-676713.505528
-739604.232242
-743291.639292
-707041.401766
-740060.506144
-723138.589127
-718146.612235
-742436.246957
-724126.887892
-709109.882841
-725790.59498
-714318.284834
-736530.018502
-701862.904436
-725891.780062
-738335.625725
-694764.487967
-722648.847201
-755723.610906
-717660.194959
-746858.762356
-742837.364255
-723556.728116
-709322.992616
-728278.673443
-711208.481702
-719060.552892
-738315.715899
-722579.60327
-745088.514243
-701525.331769
-720188.326543
-723541.66259
-720585.475515
-735621.735047
-705164.94586
-688123.592305
-712614.710061
-736705.323777
-727331.520048
-716074.034929
-745618.015176
-718677.988506
-730989.005479
-729332.419228
-724151.09305
-746077.552975
-740446.149917
-751062.725201
-734666.4738
-751375.917239
-720079.683224
-722366.267243
-715884.009214
-712318.829578
-725556.20981
-722521.652124
-751094.379625
-732614.153389
-713235.585091
-734725.400376
-734758.171661
-715201.613162
-718644.484087
-730540.03633
-704031.40366
-728148.12588
-738683.954906
-742073.060848
-736518.019477
-741452.717861
-737363.804717
-736502.424816
-740798.035112
-721259.069674
-721956.085444
-714737.669665
-745476.284688
-728377.866706
-735602.864623
-725544.32031
-727336.012417
-713991.751778
-729525.421166
-739961.081374
-700474.081889
-718586.15922
-734925.027925
-743046.089486
-741789.003511
-688224.911639
-728973.169308
-720299.54568
-729451.609164
-750837.889464
-696198.718544
-715035.865229
-724599.118418
-752409.70069
-690843.258238
-717843.757865
-719873.814179
-720743.375234
-729106.653595
-726977.402601
-709978.947675
-726413.256938
-723169.70698
-715035.427296
-699758.878425
-735282.365206
-723432.83996
-719435.431075
-730297.480455
-740679.447323
-727619.082955
-713497.6054
-723134.609489
-739606.545461
-722726.850585
-718760.884363
-742426.888664
-698304.837557
-750910.861875
-709651.947936
-734790.819265
-725437.120801
-721795.45054
-701693.010576
-735721.537345
-743857.759591
-727488.818956
-718781.659865
-741100.451757
-729839.613198
-724529.769055
-710827.678718
-712261.61613
-737027.092725
-705927.632342
-739508.699093
-739508.338882
-732497.757779
-725122.85286
-730141.314129
-717107.840593
-744175.133617
-722183.830011
-684389.366207
-718862.554172
-732581.751809
-742552.144121
-744449.441161
-736544.265265
-759538.747616
-719324.057414
-720219.781429
-747574.384956
-719228.287386
-731382.726872
-723224.196182
-722175.227498
-718870.190229
-732606.549729
-752938.618323
-743196.277635
-730535.740198
-712739.962048
-728807.175144
-759392.401953
-691537.310355
-740779.066837
-702699.281888
-724251.222932
-732721.119053
-705016.940704
-708123.109712
-712847.153399
-746172.680969
-722415.099004
-709322.447887
-730657.528934
-727225.348247
-739293.656049
-739444.318929
-716919.944558
-713862.133933
-742480.022019
-711793.391027
-750413.051684
-748455.66976
-718004.496057
-714227.687367
-710517.120879
-706140.227698
-723080.432563
-710848.181399
-741000.780059
-708883.969665
-740938.040445
-737647.927314
-737672.801955
-725090.426904
-742416.288781
-738804.823477
-708021.111057
-704550.39001
-750087.270528
-710096.84049
-722874.349806
-739882.896601
-722546.684007
-732791.343046
-702037.108001
-721117.32812
-719013.005887
-721066.470325
-746474.392661
-704453.595841
-731913.342332
-740196.447307
-747766.262307
-695628.051715
-749701.321968
-734525.223124
-748859.693905
-719834.645431
-727171.398682
-724164.42398
-747675.507089
-754767.475417
-690567.816738
-723098.883711
-684414.931739
-695939.583892
-729084.323448
-690955.596324
-736160.766017
-738724.114256
-705782.517673
-705278.717037
-739804.671172
-731808.400201
-726538.837568
-744710.565145
-736705.327274
-734381.323449
-732499.473976
-685193.671334
-726251.927613
-728036.222859
-708823.470913
-726050.869926
-735190.902015
-746383.284797
-725303.037405
-737957.542527
-739499.073585
-740566.790654
-741380.300059
-732168.6684
-719448.733999
-707226.037503
-705428.159688
-742838.805476
-746775.830405
-711886.300997
-722756.801316
-712946.391645
-743370.747315
-720232.543776
-744956.611213
-731485.391893
-737004.78073
-727317.566197
-723445.727981
-698756.217173
-718086.922755
-703261.784548
-733503.409918
-736522.732932
-735364.419857
-710216.113518
-734743.637143
-731161.252988
-759229.083153
-718688.034987
-745407.773838
-714827.028597
-736598.768504
-744876.860795
-701010.667623
-744725.579736
-716944.259721
-727041.119105
-748554.395538
-723457.67232
-719709.835593
-753156.639771
-749471.419499
-722510.293386
-730999.162379
-718028.706247
-723578.96821
-734025.334774
-719969.626285
-718608.39381
-738009.330402
-733355.924703
-731847.010884
-717837.287782
-693391.026809
-734396.753488
-725421.533564
-730452.620671
-693680.787723
-705026.80292
-727657.417553
-725861.216403
-726280.971001
-717933.102511
-743876.896966
-754038.094316
-723166.605257
-718478.104388
-718939.573143
-711235.038797
-732964.209197
-700447.862772
-729060.662524
-740611.09225
-709450.719173
-727785.359879
-717171.540593
-722292.199823
-724332.062924
-717034.250678
-718863.858683
-735698.373588
-717639.678397
-698419.065457
-713672.309682
-712529.315234
-729885.620388
-749263.878345
-714854.227535
-696748.899484
-682572.218761
-705080.313801
-730766.140005
-750795.821022
-701098.65547
-708110.156675
-733235.874721
-735649.224969
-703100.212906
-736564.429312
-719339.827067
-726626.132083
-739942.293504
-729962.145125
-707419.940231
-727855.381995
-735197.080078
-739284.662007
-735041.573316
-713966.725305
-708961.457546
-745595.340531
-730177.86593
-719176.751144
-720810.998293
-724922.482785
-737895.391553
-743182.147714
-705197.617517
-738193.544031
-741520.77307
-746100.500708
-731910.704142
-707421.637648
-719554.900897
-703571.192058
-738191.829924
-737034.459949
-718123.406311
-731931.573994
-712131.148791
-712404.236283
-711806.708794
-743224.679859
-715751.554277
-736268.646151
-725962.564948
-744809.052819
-709248.372132
-702266.725165
-725882.568348
-693451.109368
-715620.681406
-726550.618499
-732906.634112
-719701.390326
-701904.455698
-711927.254593
-742228.316649
-717359.386057
-729878.351825
-725396.104344
-733203.230613
-745167.984385
-705021.083269
-745621.105103
-744031.915392
-736461.858483
-743895.251905
-713721.573707
-747685.152977
-746076.367151
-733337.567139
-737878.881301
-747008.97963
-684448.009098
-716014.878899
-742364.738625
-712670.325501
-735188.043214
-738013.792963
-698623.888198
-737873.336
-738557.83187
-718992.366269
-732298.370325
-704529.855345
-713219.300077
-724319.422528
-724985.872697
-730419.119906
-744422.967312
-715627.717173
-729806.664517
-718140.459735
-702763.567883
-712902.077329
-719721.525473
-732714.617003
-714133.866159
-724796.850805
-727112.807291
-724694.553985
-737813.523966
-709242.564593
-745446.054491
-737600.750217
-723569.99776
-739044.09667
-699612.859758
-733027.079273
-708449.673809
-728534.779645
-729540.868086
-728968.860567
-720867.355333
-722894.715872
-738662.168685
-736485.641533
-733500.792167
-711947.817929
-743041.956186
-744738.534899
-702329.377187
-708351.153946
-751591.357168
-704264.979824
-741632.548323
-750015.620887
-715567.710616
-738324.410692
-729756.310915
-717176.908886
-734673.578761
-729296.588013
-699662.207922
-736059.32284
-733548.128425
-723349.303675
-721633.117423
-712338.037708
-730107.263122
-727293.672213
-745661.497858
-740967.738981
-756331.609877
-721420.36778
-741022.791257
-712221.059656
-702266.773709
-748553.422706
-726016.218643
-706862.541386
-752089.044288
-736201.928362
-726110.551287
-732093.030319
-736101.523472
-749654.380104
-690903.653282
-729272.599816
-735267.64616
-731577.557328
-732212.488705
-734065.10273
-724364.34021
-685843.246549
-736469.051774
-729659.560432
-725444.526708
-730662.708882
-731914.092992
-740027.562421
-694644.671816
-723859.81949
-720562.288435
-736832.974653
-734785.35343
-709962.730896
-717114.500685
-720779.724615
-716009.478684
-736015.349882
-740028.882858
-703163.698772
-729344.591584
-750310.682543
-725624.65263
-722510.984775
-752477.419644
-737160.021765
-737300.385187
-710458.298313
-736528.05882
-735780.309577
-717388.457468
-711495.621649
-735764.620319
-742672.705302
-712224.141699
-765380.850758
-709401.221171
-692587.826472
-731452.775704
-720703.483242
-716596.998703
-739049.500171
-705314.527771
-681409.194705
-728307.715384
-721371.060706
-750659.707152
-720628.754061
-689240.824989
-756046.814164
-717600.176235
-719197.857926
-721628.167986
-715763.579937
-731656.243735
-727087.542427
-735360.728786
-745430.55527
-733424.730119
-737850.910908
-735147.068334
-721396.823738
-740908.058426
-695495.090648
-729438.554392
-682682.165687
-721304.368877
-743196.126081
-729581.694135
-719102.947779
-727332.710029
-706949.735432
-748760.834495
-723815.979021
-721477.166772
-733608.776144
-728453.352215
-729917.577135
-719215.015495
-736173.006856
-743767.698742
-747792.663091
-731418.261716
-741384.441039
-710999.087637
-726953.12093
-717143.078157
-726002.025181
-731188.858822
-755421.309364
-702485.337427
-752345.509074
-711318.562126
-724867.883825
-732509.781284
-736018.033849
-706033.699866
-728030.625953
-713114.560815
-709796.700371
-755624.228982
-703421.155307
-767440.683949
-707529.673379
-726224.605509
-731534.050329
-708920.511975
-750804.992687
-737667.803242
-747865.925861
-712616.478838
-682059.792913
-726681.526846
-735807.058881
-753439.719759
-724432.80778
-714684.554929
-740000.553251
-733868.856571
-699203.894708
-732765.29617
-707629.058176
-741379.518855
-727013.319863
-723714.561202
-718711.547012
-735771.172606
-720425.04121
-743921.465508
-715613.261232
-714171.774785
-732611.576767
-718491.224803
-726576.655008
-722697.253825
-750250.120896
-699771.112345
-728406.115135
-730875.662142
-690368.722631
-750990.77029
-719147.50368
-716066.430384
-755337.952353
-719871.351438
-738074.235129
-741561.913239
-698651.726064
-682588.642727
-735312.234592
-711034.183724
-713516.612912
-697380.106617
-699735.575741
-735036.301848
-723477.169177
-744444.973326
-747012.639053
-715542.387978
-726268.092807
-716411.078511
-717410.303191
-705056.819341
-717554.669467
-738311.286732
-731795.664583
-740658.252278
-746317.462826
-718721.3155
-720009.044233
-690391.712052
-727576.379956
-721051.811719
-732808.811694
-725056.629428
-722159.017194
-710542.943751
-736018.449695
-724968.759931
-736725.910791
-730804.646862
-714965.908559
-736733.506062
-734786.863228
-707912.551999
-695383.856739
-725906.914386
-719510.451007
-696245.310411
-743718.484845
-714670.104009
-702059.906173
-733735.967272
-745306.563399
-732476.219269
-740088.680535
-705303.204254
-728021.122547
-723161.554397
-733641.702961
-726630.424237
-719232.813486
-711309.043386
-724391.108196
-704614.387234
-727747.961152
-744128.744504
-699652.064036
-679431.618658
-727444.828168
-734237.276517
-718168.860602
-722778.1092
-727385.984538
-748085.382091
-735477.33578
-717931.154601
-739907.675592
-731550.807851
-731340.58488
-745036.897228
-718778.251043
-749702.077813
-711791.863486
-717446.244901
-718012.974033
-743281.237279
-744139.212663
-721882.48265
-740297.222394
-723635.247794
-724770.973852
-731759.549363
-735774.703484
-708863.940348
-748129.535775
-687709.960816
-722839.001503
-726649.802508
-721525.796145
-748874.702483
-734320.133197
-743287.893628
-709854.407985
-728890.645021
-731452.044002
-754251.939164
-715125.038845
-721272.68226
-744198.877062
-735363.80391
-735354.16313
-735704.272507
-715250.866908
-718753.609919
-718734.479662
-723681.636961
-745354.835691
-743317.16764
-726179.251898
-745084.610149
-733262.686564
-721893.507646
-711438.966943
-729070.503135
-722033.637945
-740471.310293
-715320.470478
-720801.979063
-758723.530283
-733793.468438
-714129.943316
-740046.860516
-736224.397599
-728058.364877
-739320.348111
-732663.503387
-726093.968172
-715042.87569
-725978.573076
-739548.322931
-724273.613532
-743588.041447
-732485.570097
-748217.402471
-752186.728185
-743779.31503
-714521.193383
-722933.585256
-716896.482623
-704303.964246
-739006.57346
-736786.997123
-733639.023728
-722778.310898
-729594.468686
-716919.525775
-746808.389718
-739667.618148
-731912.956635
-729974.382243
-739880.117889
-729891.729008
-735406.886583
-736571.805626
-708878.441144
-725390.424835
-734729.359801
-715043.511545
-723599.284283
-679676.368881
-718865.362717
-738369.765772
-735420.78153
-735148.928382
-732168.584122
-713244.331808
-730619.728791
-741821.540617
-686392.022213
-728239.944529
-720502.218347
-736636.512597
-743545.497097
-717391.875923
-724462.287225
-723177.090876
-730150.71705
-723150.397815
-733911.928492
-715560.127745
-750203.960229
-728561.116265
-725403.426028
-720913.132584
-726202.369977
-718659.109111
-731479.755945
-702854.50203
-704280.723272
-742945.28713
-740426.154636
-728521.185711
-736325.757895
-699264.395337
-729410.777119
-710644.378898
-731077.116068
-731693.476914
-718412.97954
-735368.612915
-717894.907591
-730842.961409
-713802.173958
-711358.164188
-722089.507818
-720272.43451
-738144.356377
-727328.54423
-740056.589715
-725167.682674
-727276.381705
-731972.760183
-713926.722018
-741279.512493
-719934.653033
-741927.657173
-702210.59896
-721818.13442
-704711.75249
-715337.32808
-701097.180415
-752631.896476
-728403.106915
-706757.186969
-740332.511185
-726338.191241
-726139.07205
-733900.076564
-722462.373685
-725020.979553
-735956.161239
-734241.730709
-712026.590171
-686875.699563
-731901.572617
-723011.626611
-731714.60536
-722838.741695
-716497.732569
-705412.41267
-701048.720612
-728337.276725
-748301.151484
-738732.855252
-720006.435072
-729943.520605
-729061.323169
-703465.020617
-717854.804713
-730883.669656
-743283.120989
-726177.188569
-721592.72721
-721957.480111
-749993.751033
-742897.627572
-727833.912985
-710760.785583
-743367.437219
-699419.826777
-719833.783147
-733532.349542
-728685.687555
-713791.782015
-697728.654889
-738412.910226
-719123.904253
-742679.048673
-740282.810377
-754048.782275
-703869.41359
-731662.751092
-745012.870115
-706216.933572
-749770.131867
-753659.670764
-736357.286885
-729243.370428
-748230.169248
-700063.153273
-720520.383257
-715309.987662
-738467.098569
-731757.834477
-729067.090688
-720677.702136
-734908.58439
-735846.8704
-699205.272148
-741071.077475
-732769.501446
-724519.137145
-719003.25644
-721759.985736
-716059.147272
-729415.562817
-725223.775816
-719211.289113
-727178.869169
-730961.432374
-738387.05863
-740635.719787
-727338.124239
-721421.814876
-727194.501841
-734643.318339
-737571.130757
-725989.585774
-725968.616533
-740588.508061
-736133.395005
-704269.501984
-729525.507393
-734311.284643
-742313.392246
-719758.112982
-745893.791866
-740981.201216
-757448.533427
-726122.644071
-712199.079416
-739936.075437
-722842.595513
-717864.55466
-716353.187638
-717199.731215
-751367.363611
-731121.394465
-721943.017198
-728569.237074
-725922.238244
-748480.427122
-700635.545377
-700080.464799
-735418.741856
-719982.455684
-707169.112811
-751467.833788
-749649.637963
-723557.87795
-726548.873287
-736192.202283
-740521.377748
-708353.848813
-731136.427376
-689027.269898
-739959.804965
-754765.682536
-719226.677962
-729879.517605
-727159.156858
-743050.794355
-721850.105879
-722611.560034
-726867.538428
-735295.685458
-724582.271321
-742223.970369
-733045.115784
-695040.013556
-737426.745694
-734180.937943
-733123.103314
-718897.586887
-703916.266429
-727668.406223
-736147.654238
-738584.608003
-726363.385669
-740618.894495
-755674.533169
-761546.075938
-752227.052397
-712405.503821
-744976.712892
-747933.761704
-743591.852741
-710503.67274
-730045.764619
-742743.644044
-741954.141941
-735744.488435
-715535.071246
-728243.364684
-727534.321714
-700976.105737
-746852.584183
-727963.57055
-735077.612188
-742186.440016
-716074.602777
-728376.308418
-751015.187742
-715605.040622
-702664.887982
-711868.204834
-718450.051064
-695880.257774
-737495.528299
-691557.665788
-731109.711478
-743856.295327
-711550.026941
-739941.599332
-747591.210382
-723423.501192
-752819.689869
-738714.598493
-704405.65994
-741212.618055
-702383.267134
-698063.775602
-736991.033384
-719764.836705
-705783.321492
-710420.71826
-748141.660012
-716945.517664
-746276.592051
-715557.804101
-701926.624021
-751602.364044
-730946.864479
-703246.502602
-714295.625525
-728723.374327
-756684.733623
-711954.046033
-720080.646331
-722527.477809
-717898.041268
-733548.219382
-736308.645657
-754280.328899
-716728.741281
-726210.33081
-753104.284334
-717005.560359
-733748.709093
-718555.037526
-731083.067294
-741660.097184
-733568.843349
-743074.475854
-739446.513854
-723776.991427
-735426.584178
-741543.732204
-737428.790261
-720168.332604
-725867.362892
-753048.327273
-743984.099738
-737106.725905
-744827.720284
-699884.039142
-746730.666195
-717544.423526
-715934.453815
-691684.12449
-714902.306444
-733130.489293
-712571.948244
-761743.544014
-749258.645344
-730319.062297
-746164.759292
-734366.179849
-713320.198896
-744816.863087
-708730.982867
-735586.389883
-725243.149844
-722429.004579
-719937.272673
-706404.622638
-736099.925105
-707221.047828
-732868.686542
-719170.988116
-698177.717763
-734972.632888
-728539.338304
-730667.457598
-738477.904189
-714579.95854
-727889.424835
-701033.296623
-723997.153607
-724317.563491
-733593.752846
-744803.335675
-720787.085822
-724813.259614
-715648.981055
-738989.733874
-712207.272384
-738967.708597
-730267.948391
-700279.162338
-723305.449351
-733287.871101
-736042.406959
-741405.481921
-733192.883469
-686835.703127
-743457.954853
-734710.728385
-708044.992457
-744137.197171
-731738.484311
-757648.332411
-722418.288357
-725493.72431
-710349.999369
-703975.726818
-716027.866187
-743129.074931
-719149.661945
-728482.550634
-712225.526528
-754368.763012
-752365.289107
-720334.79202
-719175.503256
-731306.541097
-742732.112182
-731840.698969
-714561.737389
-705475.040354
-749011.135825
-725067.797573
-746723.049673
-738385.83271
-732732.835243
-719839.997044
-730989.832513
-746191.128316
-733815.799314
-738257.609798
-735891.84201
-726317.317141
-736665.841889
-733977.731629
-731311.096962
-720587.434718
-728531.651829
-715317.644533
-711944.957385
-735766.53079
-716474.928214
-754644.969435
-728471.792554
-721534.327065
-742770.474668
-726901.014072
-691137.540845
-735865.336128
-733342.10689
-683139.27163
-737526.702173
-748423.751282
-728231.978926
-723115.096524
-753005.109822
-719993.18974
-729708.929009
-737171.38757
-726846.555184
-722494.802614
-720461.708042
-722953.939742
-717834.657608
-735007.096978
-725766.768663
-708664.429092
-704794.670086
-732003.852168
-746624.62108
-718557.189886
-737682.507411
-734428.824914
-727493.268521
-747764.481854
-733670.712161
-726586.478572
-727856.661166
-720069.419226
-735505.622395
-737517.968965
-725280.824466
-731340.965312
-718514.921555
-733119.469696
-729069.199908
-732230.380786
-699665.012627
-721740.863233
-745542.024905
-723688.189792
-696250.122198
-746528.862546
-749369.111432
-740150.095591
-724915.02003
-698028.12525
-744020.882436
-724870.209764
-744695.50303
-712447.380157
-743149.813725
-727854.668181
-729457.957852
-725373.855557
-726257.146604
-719007.109668
-738599.960024
-737663.403764
-729894.562078
-717506.447933
-751262.462196
-734821.927165
-733265.163314
-729925.88952
-706949.53537
-728618.845955
-739622.192485
-734308.825859
-719779.945038
-742127.029206
-711745.050539
-719041.663147
-709831.157476
-728030.106622
-729301.364191
-710851.345135
-736281.697978
-738394.458339
-715455.057752
-707876.129636
-738718.224508
-745938.10009
-741147.206087
-749170.721224
-730822.292144
-716346.568192
-752468.705841
-723344.365883
-726453.025074
-712967.474012
-721137.48844
-716457.719029
-732075.325436
-720236.515972
-735947.835024
-728989.555179
-733145.59972
-715534.340118
-726387.658249
-742549.29739
-729742.198897
-710840.948322
-729454.247643
-723072.85756
-726933.096147
-751905.768277
-728899.968616
-722907.724786
-740406.18803
-722058.314529
-702561.342139
-737559.523883
-706827.601912
-722143.05138
-753275.00262
-729016.049119
-729728.759877
-722720.305821
-737403.290872
-746320.898419
-722826.289749
-716809.237277
-739853.214572
-727394.500955
-737315.086653
-718059.285295
-755065.367324
-728574.793309
-728311.698917
-721833.215516
-722985.327199
-716722.778865
-719877.162048
-711297.614504
-712028.726315
-714874.035335
-712997.90864
-741719.210314
-730564.10404
-727950.045391
-742640.641301
-690806.520152
-733239.316794
-713357.942134
-735739.541768
-736070.305849
-721030.225125
-736682.800476
-734253.312606
-749512.150388
-732804.191086
-738850.336788
-713063.094056
-703878.484948
-718932.103922
-696491.768903
-700084.367758
-704136.770938
-743614.455206
-697412.326603
-728896.535777
-741936.119292
-716173.477264
-729138.751535
-728609.071675
-734599.270831
-710889.347172
-731179.771975
-709677.551895
-745270.957364
-750138.472526
-724496.288593
-723431.104986
-715896.672031
-722808.549493
-731320.277013
-738174.241909
-741306.955395
-750284.035708
-725455.071181
-730466.231742
-753836.408837
-719384.019286
-712487.161859
-715719.768164
-716437.892988
-740107.296247
-722717.3407
-732041.030805
-732188.450521
-720515.151399
-716383.168485
-721304.976172
-722894.033254
-715513.830113
-747978.022668
-718649.204214
-690715.159414
-733416.198029
-704233.079493
-743944.46466
-735479.960807
-727039.01985
-726275.020447
-739820.252661
-736130.036952
-718198.102876
-741457.342616
-733792.24909
-716302.812844
-711123.43588
-731683.099379
-732410.862649
-720979.312394
-749581.423364
-727450.579301
-727165.020347
-750079.760374
-743148.90564
-730886.057354
-747248.41835
-712967.715821
-730793.730016
-708628.088317
-755301.073852
-742311.924471
-732508.470366
-698918.836765
-715762.891578
-734746.507941
-704920.228112
-732465.632969
-728369.044686
-732877.964156
-728980.779912
-736976.680545
-726198.117587
-703130.528108
-734311.30414
-711994.07597
-732341.04411
-726179.066421
-715288.010614
-727680.824548
-724591.888777
-734375.848016
-739403.484353
-727726.269991
-699903.868926
-715437.050888
-707031.939161
-728571.537177
-712761.628073
-710017.865286
-730588.277543
-743663.425498
-724976.333127
-726898.778193
-731557.65894
-712781.087534
-723651.622861
-731886.196592
-716219.94302
-743244.009631
-749192.543242
-731796.826994
-744666.149122
-705828.235948
-711387.083182
-739860.568099
-729748.430535
-728117.660965
-706804.256065
-707416.536108
-718541.575024
-742548.242028
-752807.615984
-739769.773633
-742232.736611
-722617.233415
-714230.655394
-742562.036572
-734500.96849
-716745.936097
-740963.696586
-725130.034215
-729069.775331
-737036.271785
-732059.374876
-753009.173394
-738539.207303
-712988.622692
-719435.440154
-722527.857738
-717408.165761
-728438.040089
-742614.6274
-704331.327438
-750868.792681
-722635.521231
-740731.784317
-712440.198245
-739407.207193
-732733.591216
-751782.93167
-726330.245218
-731062.17263
-720577.980314
-701570.879375
-724782.195758
-718894.184679
-743276.567771
-731486.878916
-738379.370251
-727238.099161
-725560.916527
-747153.583025
-728661.317053
-742594.570801
-717229.584451
-730290.518063
-738305.393162
-719331.086058
-742134.733221
-732795.890414
-711952.935729
-745256.339498
-742184.95111
-722104.956414
-731508.240103
-736043.870838
-742048.762716
-726726.562832
-732929.937765
-732089.148582
-740364.948867
-720592.243954
-700572.291855
-740222.624902
-722579.715773
-746280.592811
-737325.002091
-728115.276176
-718003.906045
-723544.037728
-688312.913621
-737752.331502
-732209.48618
-736743.200274
-731556.769492
-710592.015836
-728792.400993
-740218.759943
-727707.397904
-744685.266444
-739538.357917
-725586.282257
-726848.754259
-721731.453734
-736796.468671
-723247.06325
-740215.127562
-719886.965198
-730992.440398
-738669.320387
-706989.771532
-744415.883003
-713262.666061
-697007.049142
-763471.881592
-710543.404293
-727666.07377
-719568.274403
-725325.535124
-725503.068313
-739512.433577
-736056.093138
-737488.417987
-753501.772297
-722418.221073
-744103.331496
-750972.344152
-733685.377124
-716140.544448
-738803.616703
-711676.772402
-709045.225194
-732423.269851
-697081.911685
-730537.90224
-734274.394937
-734736.743966
-746617.591739
-730075.04055
-715467.69749
-716578.549875
-732729.089984
-709700.832497
-742997.284675
-706678.052466
-718849.084324
-708996.225317
-708803.430955
-738815.862953
-730651.334276
-722419.305257
-727776.161034
-727252.478479
-721576.221357
-741775.146833
-709661.092927
-741002.785645
-732362.759328
-713435.354716
-709975.490081
-718942.06864
-714906.745634
-727383.483476
-723609.73331
-763460.37563
-756985.430512
-724012.359277
-739744.457837
-711936.3816
-718437.286539
-733159.983145
-727966.488165
-744221.088108
-741414.672552
-715311.211403
-709466.723555
-737609.112854
-693693.587664
-718939.589148
-709754.333041
-712671.765174
-712111.490847
-731832.232768
-724790.436554
-733974.789166
-721396.71509
-737054.527416
-742301.746862
-735895.958208
-760606.717537
-730839.928589
-756527.397452
-746203.056274
-748018.389499
-734640.694417
-724630.81233
-736326.783412
-726651.914004
-745820.36465
-752615.065952
-729782.242737
-731476.307921
-733589.000164
-722179.744823
-753495.855061
-711462.653093
-733187.062212
-726483.595038
-739912.789814
-737463.242172
-724204.030614
-728440.638628
-726354.080079
-719620.012762
-734800.415836
-740407.903076
-713915.514029
-746475.961661
-721679.333824
-722718.611287
-718053.106254
-720830.947708
-713527.752641
-748455.968596
-736462.717417
-722060.904819
-719538.756718
-721038.794254
-743659.250744
-728182.985762
-739893.283573
-703426.189798
-713256.456128
-726562.175765
-731167.870639
-703968.6692
-746905.707186
-709490.456711
-722117.440127
-731750.572528
-736980.876385
-715456.324307
-724805.245951
-743566.121548
-727894.127127
-724666.643434
-745254.084305
-750668.113252
-722911.161666
-712112.264404
-723918.231342
-722293.855839
-727598.987812
-728044.696035
-707418.081666
-725711.836611
-698803.739404
-749234.005803
-731091.079734
-717462.515719
-729542.111264
-738697.5697
-695994.746686
-743736.594196
-748309.384997
-727966.437315
-723322.305517
-718452.137742
-729261.121363
-716060.874638
-721188.323116
-730731.512525
-718547.553948
-693870.508911
-760472.715455
-694770.436004
-737710.584879
-726887.843899
-720891.568186
-716485.018814
-708737.600428
-731808.167953
-718932.726733
-736551.990755
-712258.208174
-723365.687821
-754459.024851
-734297.660669
-739357.65593
-712667.741602
-725011.294192
-724674.17819
-736721.454916
-753475.71706
-752878.586561
-712616.240562
-728091.79768
-709769.002072
-740186.618262
-718280.217831
-737517.814501
-726991.481696
-744094.67681
-727488.166799
-732074.698767
-727131.543303
-748514.62052
-723899.677516
-735313.168241
-744893.452436
-727477.564887
-713141.643275
-721695.199326
-744261.181997
-733273.782751
-713040.933072
-737816.574361
-738528.222061
-695745.946392
-724605.235023
-684560.99605
-720029.096792
-719691.725941
-728990.770792
-734270.836962
-711112.461525
-707818.237683
-744036.41809
-719864.1469
-735513.515573
-736386.891034
-748868.905106
-721675.943723
-726697.069262
-754952.171129
-704925.322771
-723076.349022
-715654.016648
-693683.23164
-728164.278887
-761000.094093
-758409.098549
-708270.76964
-715404.442048
-747826.218147
-727521.206647
-731746.306737
-738976.374466
-740697.420545
-752532.66374
-732624.803766
-750628.895325
-725382.579511
-728357.966638
-759001.532842
-719435.422689
-714364.181697
-719807.941304
-747195.398662
-729081.274924
-734368.451253
-735848.796316
-714103.8479
-722702.419342
-713565.856374
-727653.430883
-745871.873923
-711425.665245
-693573.150503
-724887.932594
-719603.616399
-728268.925123
-756256.279344
-708718.978277
-711640.810092
-727983.473357
-731273.186577
-730552.918537
-730315.207813
-713784.686155
-723705.183464
-734477.225392
-724679.770489
-709530.33435
-742068.744588
-717739.834064
-726807.327681
-708450.568433
-723623.201943
-704464.89257
-703107.064586
-746394.971234
-743655.97652
-709444.857215
-754144.38239
-716911.380745
-731705.404261
-727082.483122
-683134.086298
-756802.731884
-728280.87284
