-964060.889499
-946369.993188
-998551.380938
-937324.095483
-1041783.73803
-1030728.37282
-1010972.30504
-1068871.77088
-988043.319251
-985325.858226
-945563.727611
-977814.338148
-1021964.40567
-1126110.05265
-1041754.26238
-1028677.9747
-997513.071699
-976908.683489
-992206.940921
-1130135.47342
-1100709.2322
-1185777.19939
-1159046.48679
-1189999.65521
-1100985.22639
-1173687.81382
-1117439.86278
-1229544.52682
-1216539.14079
-1212583.90813
-1294857.09474
-1194895.40019
-1141162.262
-1154032.0524
-1167671.77862
-1131561.44579
-1263613.71046
-1134827.30457
-1250018.02245
-1234868.89255
-1279112.09025
-1216788.27228
-1209196.15754
-1270707.84276
-1222330.33541
-1164397.55863
-1267627.62118
-1283239.63757
-1300965.9702
-1262395.42376
-1287070.97674
-1237444.0225
-1206154.41884
-1214102.42663
-1253165.52831
-1234603.59943
-1291260.54443
-1276788.42744
-1290154.30238
-1186943.98358
-1270813.37344
-1263281.94484
-1289132.06152
-1243452.99173
-1263970.32013
-1266378.77797
-1287960.50601
-1272465.92569
-1264826.5753
-1285526.98038
-1274495.35489
-1235376.82779
-1264561.62137
-1234785.81642
-1285349.20555
-1287720.76587
-1273611.13892
-1287092.31195
-1307580.78997
-1196535.4356
-1276897.23538
-1245810.08026
-1290287.74184
-1264715.91345
-1298917.69945
-1270489.65108
-1235908.52725
-1252997.84856
-1290988.80308
-1288094.11312
-1300696.52423
-1203780.92366
-1236489.07249
-1241139.558
-1233324.41187
-1252581.77831
-1281583.75121
-1275068.4923
-1289674.87561
-1258929.73935
-1262983.69877
-1298879.28253
-1289304.96232
-1286240.83546
-1261111.86897
-1294996.33371
-1264768.06589
-1274345.22804
-1251483.56617
-1301813.58749
-1307881.24527
-1263310.91651
-1202930.06795
-1298271.41815
-1240112.20382
-1276267.83568
-1276853.27508
-1283296.02642
-1298387.81859
-1246984.72202
-1247958.8573
-1308336.11577
-1257555.01527
-1269421.23088
-1261266.37101
-1260129.9166
-1242733.99504
-1264718.03778
-1290085.01891
-1264554.78929
-1286755.54604
-1248761.99522
-1293050.02244
-1277938.21824
-1273364.8162
-1260350.38351
-1275118.6003
-1271079.73959
-1288597.08034
-1238046.31623
-1279254.62268
-1277036.34631
-1251129.22782
-1272953.74693
-1283420.3662
-1300117.35161
-1314212.8465
-1295042.06684
-1284136.25761
-1277657.86523
-1278659.36765
-1243088.18389
-1267756.32463
-1272189.23539
-1249491.95043
-1271013.94964
-1292548.6889
-1286269.07285
-1282967.36754
-1208417.85994
-1271845.72779
-1292350.11508
-1270434.16744
-1292142.91522
-1306947.73946
-1296670.18642
-1251261.54419
-1305144.02929
-1276857.01774
-1269578.73171
-1282839.1525
-1249693.80766
-1267667.83785
-1266097.18011
-1245493.31127
-1272187.56039
-1237413.4476
-1270377.65317
-1285673.58925
-1272789.48274
-1266749.57932
-1273488.58199
-1271564.92294
-1266740.4003
-1287894.0606
-1265735.4331
-1301265.33198
-1252726.19677
-1291877.67449
-1309574.23479
-1272278.54756
-1249529.77115
-1314481.46031
-1326797.65321
-1270275.57588
-1300686.45833
-1284185.99385
-1297990.97862
-1259288.94679
-1271522.72775
-1291058.01916
-1271972.90193
-1265796.93198
-1294446.44602
-1279055.61326
-1296717.27377
-1310517.93935
-1286111.71234
-1318036.11617
-1307767.00478
-1305338.91211
-1246150.80822
-1278069.03576
-1300199.39411
-1252147.23267
-1280271.18041
-1292424.3711
-1302240.27142
-1270609.89437
-1227800.95269
-1309092.27145
-1288396.21583
-1274785.22656
-1300599.89481
-1262455.60123
-1290475.65665
-1302079.6436
-1295576.90044
-1302210.00775
-1275479.7141
-1338596.76469
-1252755.15401
-1313650.31973
-1279561.44182
-1285971.81771
-1272112.36528
-1280238.2986
-1256921.01713
-1282193.99148
-1256394.1638
-1277626.26626
-1292085.41399
-1289366.64611
-1277951.42311
-1264826.65668
-1311525.56021
-1311899.33597
-1311184.19826
-1274470.69549
-1292886.75796
-1276444.98712
-1262254.21689
-1254683.32724
-1288790.79727
-1268575.83989
-1271844.22155
-1270298.03612
-1295813.45063
-1283159.45376
-1260156.91056
-1256920.22587
-1253044.28819
-1306412.59843
-1293082.50554
-1272971.58264
-1286350.04274
-1265490.94036
-1298867.12223
-1281498.365
-1320727.89981
-1270208.34135
-1265934.61798
-1260333.8927
-1281037.31341
-1246924.63617
-1273264.25943
-1260397.01312
-1250202.96737
-1282436.58109
-1277985.4048
-1270869.53731
-1277985.20338
-1244512.51609
-1270825.74088
-1270264.39086
-1324376.1149
-1278655.51735
-1287743.67603
-1267855.2179
-1298678.96749
-1290620.68287
-1299916.86511
-1291094.4942
-1292348.35102
-1265777.50601
-1272320.63337
-1267101.61448
-1289843.50272
-1271677.01357
-1292966.54768
-1288651.86741
-1306128.39935
-1283194.09994
-1268478.19727
-1263175.38861
-1291908.54038
-1268055.62544
-1298487.7784
-1294849.83264
-1281657.92327
-1293763.93272
-1267130.93544
-1254650.82428
-1307266.8965
-1289817.13355
-1281298.01525
-1241029.36118
-1272106.64845
-1304650.64564
-1284530.6483
-1255268.86821
-1278053.77086
-1254676.35445
-1283266.93
-1256306.22134
-1311576.55756
-1287254.09834
-1281810.32611
-1259623.28962
-1271729.48842
-1262060.69555
-1261095.2201
-1276920.3285
-1304589.31902
-1285155.91812
-1293615.37299
-1244140.7788
-1293714.45089
-1284840.31836
-1308561.91645
-1281281.5094
-1318980.94354
-1275470.19735
-1311213.16443
-1277207.91649
-1287704.75521
-1280422.63798
-1307445.41899
-1236339.91603
-1285603.14747
-1277722.83182
-1294010.01263
-1274450.55249
-1328832.88011
-1286475.45018
-1271492.83929
-1235352.44927
-1286994.30895
-1271998.03479
-1325595.55337
-1283961.16366
-1281207.84327
-1247653.13867
-1257441.37176
-1262709.60192
-1302581.18376
-1281674.53734
-1280506.76705
-1255769.9694
-1231704.74684
-1302711.35946
-1281313.009
-1312611.01433
-1272958.94587
-1269645.88984
-1279203.62851
-1235313.34389
-1263657.1481
-1285022.74395
-1303289.76932
-1304337.0647
-1265794.62145
-1248693.90471
-1282908.362
-1279637.9988
-1310517.19046
-1274368.21637
-1276605.34247
-1263337.25958
-1288439.74829
-1278441.09345
-1285856.26318
-1286035.80221
-1283785.82098
-1290618.48664
-1296560.31474
-1298994.34114
-1274992.76219
-1279276.25343
-1271387.81987
-1271857.99589
-1252864.80292
-1227058.47723
-1313662.22808
-1236089.57382
-1301069.80695
-1283878.52264
-1291795.20512
-1274591.38481
-1301930.6498
-1308100.82676
-1267520.47348
-1280191.35363
-1244076.14979
-1300199.7041
-1279523.75599
-1289177.09191
-1281874.77759
-1296131.25038
-1304608.71507
-1263356.76799
-1252962.33419
-1248549.56251
-1301624.15438
-1293690.17715
-1283789.94191
-1273451.14956
-1282526.00226
-1254541.87903
-1247743.88713
-1294891.87401
-1290695.75347
-1293724.90272
-1218098.77663
-1265872.45122
-1275437.89659
-1263381.48623
-1298026.16609
-1284438.27183
-1279703.87304
-1278751.79578
-1282418.48355
-1244328.57246
-1274746.67534
-1209433.15043
-1308995.98884
-1298797.15389
-1286860.94082
-1276134.1559
-1290615.40832
-1296838.23786
-1290701.9691
-1280476.82922
-1273743.22137
-1277784.03569
-1291842.43398
-1294622.95317
-1292865.26801
-1306744.69659
-1293455.05462
-1263427.15907
-1273463.87423
-1269351.77621
-1292720.11511
-1296622.09353
-1289857.79929
-1320354.61013
-1289641.17999
-1306676.42423
-1305777.73659
-1295838.9891
-1302337.16865
-1290847.69776
-1260467.25586
-1264084.83669
-1260950.14915
-1278239.19098
-1308004.37006
-1265886.51818
-1281343.73546
-1256171.71626
-1290886.70347
-1297413.34899
-1318421.51571
-1274671.8196
-1271295.47975
-1279934.95685
-1295727.56648
-1277549.78442
-1299296.74631
-1295947.00103
-1326395.3664
-1294382.36041
-1257194.44809
-1288667.71942
-1282583.67709
-1301358.44509
-1269733.52182
-1294741.6781
-1305686.20345
-1294030.13147
-1312300.6454
-1248721.50937
-1293711.34542
-1283264.84567
-1266322.4496
-1270564.70963
-1260043.35242
-1240160.1744
-1263070.36207
-1308619.09721
-1266554.6082
-1281372.38354
-1276642.52223
-1245159.52625
-1240009.51516
-1256064.94009
-1293821.38879
-1265318.92992
-1288060.68612
-1287750.24252
-1274886.18129
-1320605.16052
-1289084.49625
-1285803.64599
-1292641.65211
-1249464.97863
-1273135.55034
-1315216.26684
-1278584.296
-1279110.87517
-1315144.75857
-1265982.4549
-1307676.80183
-1284697.36578
-1238331.62724
-1302999.96995
-1259769.89081
-1297699.58397
-1285500.05026
-1262647.52676
-1277060.17356
-1293691.85072
-1283808.85972
-1273183.77061
-1254920.8298
-1278689.13691
-1298338.16333
-1312306.18053
-1297607.35177
-1289714.93581
-1294364.34734
-1251527.18133
-1309598.52611
-1319376.9368
-1255124.09615
-1278768.13349
-1305502.50863
-1279089.63606
-1292021.27416
-1260624.58437
-1259327.56928
-1243276.76822
-1262236.98599
-1292171.56071
-1309846.86416
-1311605.89591
-1277053.08523
-1286482.27474
-1291866.93035
-1286801.35904
-1273411.80291
-1258564.42737
-1272824.63393
-1271136.47937
-1253983.45957
-1265132.61836
-1296265.82503
-1243082.55638
-1279961.72752
-1279683.50654
-1248839.6314
-1262519.91662
-1259717.0703
-1290431.61451
-1275862.74324
-1262467.66327
-1270089.63036
-1315382.53135
-1280215.63407
-1311218.60471
-1288042.93256
-1261507.73207
-1275475.76912
-1260150.66684
-1278963.73119
-1299675.22078
-1296552.07103
-1298683.92519
-1273999.84547
-1294385.17622
-1291967.09373
-1263581.64709
-1281991.18752
-1305130.41952
-1293395.35508
-1247356.92267
-1253118.88843
-1295980.38078
-1290217.115
-1291114.38001
-1283872.40093
-1273735.69079
-1292278.55713
-1276874.65334
-1295746.18934
-1268879.30322
-1308957.53562
-1308428.5112
-1303972.73272
-1284684.00354
-1265100.05411
-1280320.8807
-1275517.54915
-1250371.10698
-1295477.7132
-1272835.85784
-1273729.20875
-1285701.048
-1277580.491
-1282205.79163
-1295404.43639
-1225273.49894
-1259648.39279
-1266788.09522
-1279248.78837
-1285233.35812
-1305074.86776
-1279631.2759
-1283449.50344
-1269330.79974
-1300516.01168
-1233664.2915
-1274105.84767
-1267527.62625
-1257865.17228
-1298583.71326
-1245629.06074
-1246348.34601
-1250640.99825
-1245070.96901
-1283830.26908
-1258042.03372
-1282816.13107
-1283736.81543
-1298550.75527
-1274264.4876
-1282803.35611
-1281764.69129
-1248698.11703
-1276919.93749
-1231993.56152
-1259427.62246
-1282797.17764
-1223739.15819
-1295965.98807
-1261120.31663
-1289386.31763
-1290281.87646
-1320381.57374
-1293241.05067
-1316245.9985
-1270440.97889
-1296365.82065
-1279124.72575
-1280932.73804
-1259825.75968
-1277786.25734
-1250592.70629
-1265482.98559
-1248158.27162
-1246909.37484
-1284404.48804
-1304603.5807
-1282453.06434
-1286144.62793
-1256390.75268
-1275910.10456
-1299697.61118
-1292198.05519
-1321138.81142
-1277079.72303
-1249818.58532
-1290434.74125
-1267800.46026
-1240880.17104
-1280507.17135
-1311022.41976
-1250019.93717
-1282229.35683
-1262229.11909
-1339615.72269
-1294460.53132
-1293597.46441
-1262125.58714
-1300577.51042
-1218881.20279
-1268838.39954
-1291841.6302
-1290697.31204
-1295347.26592
-1246680.73969
-1272573.70261
-1266139.42033
-1237185.8789
-1256617.79413
-1298399.37384
-1266429.11677
-1236841.82702
-1304274.14612
-1283093.60972
-1293248.79367
-1250192.16315
-1309352.18251
-1288500.55381
-1278914.72337
-1279987.09417
-1266952.49774
-1299792.6521
-1298605.00185
-1299930.0571
-1283758.93551
-1284077.63319
-1283361.72509
-1279397.55047
-1277580.95204
-1282215.1942
-1268295.66837
-1266935.87208
-1290068.20223
-1268892.13114
-1283403.51239
-1281281.68548
-1280212.63708
-1266198.69121
-1300577.64342
-1321601.16188
-1300775.17968
-1276243.36068
-1245867.22786
-1300810.93927
-1339599.23267
-1283204.33216
-1278230.7793
-1283994.78151
-1258003.43928
-1285649.02381
-1264263.61775
-1285069.62181
-1249263.09199
-1279997.73794
-1315706.92196
-1272131.88804
-1293287.82307
-1255050.50814
-1266503.59144
-1301057.12549
-1235344.97262
-1300854.95982
-1285766.32666
-1275697.0726
-1285020.96003
-1298303.22511
-1261181.76442
-1307865.39876
-1254848.20719
-1280740.15318
-1267291.26432
-1224945.15039
-1281880.08136
-1285432.60305
-1282802.50968
-1284514.27035
-1281656.09351
-1284553.06686
-1282229.62481
-1306442.49681
-1295956.21773
-1298152.86911
-1253328.53352
-1273425.92325
-1282169.22404
-1282068.76844
-1294052.78489
-1278382.21904
-1313119.71736
-1260750.36056
-1273094.68455
-1300769.89315
-1317114.3637
-1249235.64259
-1294756.76952
-1230888.47867
-1283737.12894
-1276436.86962
-1284903.38068
-1245465.47452
-1273217.02943
-1299436.59773
-1262760.98568
-1294772.50106
-1276958.38143
-1274098.62076
-1298656.19135
-1290799.24876
-1263798.79092
-1277531.70175
-1260401.53304
-1259345.07568
-1261885.00906
-1258931.73578
-1293046.55286
-1254017.17494
-1254307.16174
-1280539.94564
-1294017.66445
-1284213.23733
-1301150.8277
-1281520.91757
-1287574.65635
-1234863.82211
-1266127.17425
-1261539.22255
-1321289.30447
-1276656.31626
-1209327.24181
-1281458.95469
-1289854.82252
-1263516.72132
-1296964.79533
-1301971.62218
-1314909.92252
-1258912.7989
-1279301.23358
-1271599.82617
-1290185.30702
-1265708.88215
-1269217.59762
-1325068.40763
-1256237.35128
-1286416.23382
-1288197.39501
-1262122.00384
-1301644.92742
-1280092.03449
-1260512.02547
-1266868.87945
-1287476.19303
-1274992.86087
-1258325.84053
-1275923.04498
-1290609.22765
-1295912.11549
-1247062.32495
-1315660.06833
-1301856.96459
-1237825.91527
-1253848.50521
-1311986.3125
-1290902.21857
-1270009.2961
-1302409.31368
-1285314.93381
-1300039.33264
-1302385.46586
-1262028.50267
-1250294.42575
-1270038.01551
-1280714.6084
-1297696.66551
-1247582.49523
-1312037.15714
-1271493.20403
-1255320.91514
-1320498.48545
-1264654.78188
-1300940.53339
-1261396.20656
-1295430.36032
-1269914.46003
-1304138.01661
-1322354.7522
-1271231.88947
-1298060.52608
-1274292.18668
-1224293.46054
-1242865.80806
-1262015.0591
-1284918.8407
-1251546.3348
-1285637.70606
-1298358.49254
-1255747.96266
-1253419.23749
-1283306.10437
-1290047.35371
-1297104.98989
-1259042.93342
-1269747.73421
-1289096.52372
-1257447.29006
-1304792.98144
-1256020.94341
-1281437.82668
-1300107.52048
-1266919.30242
-1248369.10102
-1258110.24522
-1268246.60933
-1275797.17192
-1252657.56024
-1269976.71592
-1260776.71372
-1262369.95629
-1316714.85524
-1291564.69266
-1254546.51555
-1286118.24722
-1290591.64809
-1280479.29656
-1296358.15956
-1266427.7592
-1246917.55095
-1266031.67605
-1259592.33905
-1292952.95544
-1298055.53923
-1242782.48021
-1283437.06365
-1297959.51751
-1270029.55085
-1317597.34713
-1218898.79536
-1282864.82196
-1255774.17474
-1308121.58286
-1297674.02962
-1295917.73875
-1268554.17053
-1304050.57147
-1280818.37827
-1283610.21927
-1270932.74027
-1263730.96926
-1252041.37581
-1275808.91429
-1265532.85412
-1275267.54007
-1241958.04388
-1235965.52025
-1316018.83458
-1300406.10746
-1233687.34393
-1248999.60935
-1265276.82974
-1285147.41503
-1283038.61229
-1285651.69978
-1295366.40467
-1304831.21524
-1274534.29933
-1293043.1055
-1267452.33053
-1231462.17152
-1300774.67933
-1221450.03523
-1327169.23187
-1268840.45234
-1287486.33657
-1272274.73958
-1288692.89444
-1299901.94848
-1240604.12312
-1275828.92527
-1272328.77504
-1250775.23703
-1281316.98508
-1278878.08459
-1286578.75342
-1281224.76896
-1297616.31676
-1305731.28994
-1268741.49261
-1280434.33809
-1276102.76738
-1260827.9817
-1279344.95171
-1264324.6248
-1249551.19985
-1300288.59298
-1305187.82489
-1279852.89744
-1258849.47499
-1267054.18134
-1322839.69036
-1271172.44856
-1297021.723
-1260753.75511
-1250361.19123
-1260275.86178
-1298495.4976
-1285965.85615
-1277000.52271
-1312720.28599
-1298210.50119
-1265947.75233
-1290110.61094
-1264189.40147
-1260651.56473
-1290087.3768
-1298564.08872
-1279113.8153
-1199202.79715
-1276773.04724
-1256997.62013
-1256465.40874
-1278672.49225
-1246813.31968
-1314087.93262
-1287800.33536
-1290576.11962
-1321211.41371
-1250732.36335
-1267846.92663
-1275767.88458
-1272197.89981
-1300154.90981
-1243415.15595
-1309393.58926
-1247867.76024
-1252524.71956
-1277183.18324
-1275456.76457
-1240732.75559
-1239175.90807
-1288616.78218
-1262948.96421
-1280147.05228
-1289136.96069
-1251204.08501
-1274018.11364
-1297660.75432
-1248468.40965
-1259662.53341
-1267363.71736
-1298155.38012
-1311439.79782
-1303466.52723
-1284749.19793
-1267575.37962
-1281255.33001
-1285653.85551
-1251348.79073
-1269756.52839
-1272115.58794
-1297442.30162
-1286755.7584
-1232186.2138
-1296912.22387
-1309686.83964
-1306139.6357
-1300763.33164
-1272901.67894
-1301402.47841
-1293021.52357
-1255972.30893
-1270621.23802
-1324844.60327
-1257413.42984
-1289746.52075
-1294232.28505
-1256492.75875
-1279138.30414
-1300436.81275
-1280713.29793
-1299801.24983
-1295455.79141
-1289137.07421
-1284599.72484
-1295789.33573
-1256272.07326
-1300994.79438
-1288545.79563
-1240560.49977
-1279170.49028
-1290774.50941
-1293098.46891
-1287488.33724
-1219500.26339
-1257909.8187
-1291946.70497
-1301261.23247
-1287859.63492
-1233742.70352
-1240681.35087
-1270384.48795
-1291265.83883
-1276406.02922
-1295912.99947
-1324210.27158
-1265455.15904
-1274628.1723
-1264871.24587
-1274676.98024
-1227380.82414
-1268245.96694
-1330576.5248
-1317766.6394
-1261499.69195
-1263737.73697
-1295204.75309
-1292431.27314
-1275727.83914
-1313624.3528
-1273357.01206
-1256382.52365
-1259583.24892
-1300919.01889
-1297445.68269
-1290449.26442
-1337556.51723
-1289267.57548
-1277728.88399
-1264467.6705
-1266005.99291
-1306771.97502
-1296195.97066
-1293999.36355
-1251776.0512
-1295879.23004
-1257901.64599
-1295582.31359
-1270968.81565
-1265975.25868
-1306781.32871
-1267470.2973
-1268365.91072
-1290906.55325
-1270981.62266
-1303303.6121
-1294428.1277
-1254355.41614
-1285127.47642
-1257628.10182
-1277327.45684
-1243420.64015
-1272267.9895
-1311753.03039
-1269371.49759
-1250342.15619
-1255427.70159
-1302105.41777
-1269816.87746
-1270994.44097
-1306042.40216
-1296840.67035
-1256659.03552
-1288498.84988
-1274876.85649
-1257799.17436
-1312144.8987
-1280358.29923
-1280621.66565
-1248692.27697
-1287548.48576
-1253293.97441
-1284964.10879
-1248829.72099
-1253429.11679
-1261771.43903
-1303115.07807
-1314514.02153
-1261777.54363
-1267425.95285
-1291369.73304
-1288554.082
-1290090.24919
-1260422.63386
-1248722.32034
-1273386.33743
-1286858.54896
-1285810.38223
-1298151.86666
-1252485.75235
-1286347.77752
-1209438.57494
-1290838.80291
-1270497.66441
-1293831.58597
-1255585.41652
-1278672.57827
-1286370.33227
-1241371.9109
-1257559.08738
-1287298.58897
-1298136.09566
-1265663.34022
-1275171.07572
-1290934.20328
-1274079.85319
-1297590.43944
-1285763.0626
-1293841.6442
-1290976.85039
-1216730.68314
-1270178.80747
-1309769.77189
-1280439.14957
-1281313.51091
-1251863.07548
-1272600.11
-1260006.77514
-1288484.43005
-1262885.54379
-1281368.92437
-1276211.00433
-1258565.50449
-1264476.32889
-1302173.52582
-1300076.66423
-1313297.82803
-1271652.02631
-1204213.78026
-1244378.82581
-1244018.28485
-1321165.47777
-1257211.45642
-1302010.42544
-1243334.03699
-1309818.89593
-1241865.40078
-1291413.97857
-1280018.726
-1304970.56628
-1265823.77919
-1278424.0967
-1256913.36576
-1268161.29606
-1294084.22372
-1298970.45049
-1284728.70898
-1305370.51081
-1274443.35902
-1294461.52819
-1257109.81534
-1316580.2673
-1254709.42646
-1287044.54055
-1257207.50932
-1300710.79439
-1273428.63939
-1307814.30835
-1276509.61505
-1240285.40834
-1308786.56984
-1273836.43522
-1244838.6543
-1216570.90462
-1278383.90931
-1281446.87249
-1296402.04747
-1320431.71219
-1320245.81988
-1265552.87067
-1291105.49633
-1305681.95234
-1307113.38586
-1281088.61663
-1242589.27303
-1289934.4068
-1257181.27309
-1280969.41896
-1276046.90829
-1266648.63052
-1306796.11451
-1250960.08817
-1264959.77397
-1262453.43382
-1270308.50364
-1288251.86359
-1263242.6561
-1253516.48427
-1264947.85282
-1276743.12738
-1260017.44912
-1286725.63089
-1271289.66157
-1274833.95425
-1280200.31527
-1275955.61227
-1310679.92839
-1323647.8629
-1284271.7587
-1261317.46329
-1309578.75563
-1274911.68526
-1276976.05255
-1274252.27182
-1293390.44668
-1296552.83208
-1284856.86684
-1302482.40107
-1233570.27372
-1296098.95022
-1261911.55493
-1316307.16553
-1272039.73181
-1289162.65246
-1322112.18357
-1254209.68927
-1263077.18381
-1297015.32995
-1272464.56241
-1248663.76726
-1298504.61743
-1293796.24798
-1262891.83446
-1249039.55727
-1280103.71277
-1280989.36094
-1258890.40717
-1311048.90249
-1267832.2737
-1266380.78135
-1241603.80443
-1326286.56669
-1275818.27858
-1292007.67646
-1251729.79287
-1260212.65252
-1265376.65784
-1303188.88104
-1280589.00197
-1282029.02063
-1287618.4061
-1263431.24237
-1252506.72487
-1232116.88482
-1259376.7154
-1263592.4246
-1282219.22482
-1317203.98921
-1290429.67605
-1280441.99255
-1291023.99798
-1298990.00394
-1273594.34946
-1319048.8105
-1320486.5202
-1261569.74526
-1249367.15899
-1289132.5327
-1289730.95399
-1261937.82068
-1259817.09217
-1266224.85576
-1274819.82644
-1260046.88614
-1268025.77181
-1245891.01018
-1277202.30608
-1301672.42526
-1266178.45756
-1241350.59472
-1264151.33067
-1330671.57686
-1276393.80621
-1266403.69157
-1298963.05913
-1269145.95558
-1279238.75232
-1283120.31839
-1225420.16327
-1254649.66065
-1284523.82217
-1261887.26554
-1232829.17337
-1279869.09502
-1294904.67949
-1273825.39173
-1282100.42209
-1285921.87864
-1269906.70827
-1305425.17534
-1278474.8075
-1263450.75642
-1273413.23063
-1305189.4261
-1276622.93983
-1260150.07469
-1250537.45862
-1282697.71172
-1250835.0506
-1274969.26391
-1314391.46649
-1273089.40714
-1259526.03177
-1286336.22356
-1240512.08339
-1271857.62742
-1307424.77711
-1318546.80213
-1274423.08028
-1272184.7839
-1290234.47176
-1304265.69339
-1260888.45337
-1281963.60888
-1275382.65479
-1290731.87674
-1266221.19576
-1291689.13986
-1205688.84469
-1295568.72698
-1317395.52551
-1298240.55302
-1261837.88335
-1264186.30376
-1239251.04024
-1267540.97265
-1280432.85312
-1270932.13094
-1300082.15147
-1210483.7323
-1266067.27454
-1275313.89104
-1269885.79406
-1277269.90963
-1228314.36824
-1276520.29173
-1293491.98547
-1277322.2255
-1319699.30608
-1291352.5386
-1264278.63284
-1278799.54975
-1271200.11879
-1264940.60468
-1322671.79158
-1246396.21721
-1280170.60579
-1272675.9251
-1289670.66946
-1322727.70512
-1273481.51898
-1282489.79129
-1280252.53465
-1275694.8427
-1282552.80996
-1299848.67235
-1312246.08891
-1296302.37208
-1284832.05711
-1258931.5719
-1257382.88591
-1284872.6781
-1279134.20928
-1212681.34209
-1258737.10302
-1291127.25456
-1295956.83412
-1300259.96184
-1274241.71522
-1267079.21094
-1285787.06306
-1271229.37561
-1265845.65929
-1298793.65242
-1257656.07869
-1251281.492
-1255058.51379
-1327258.65295
-1267222.15507
-1281357.25306
-1266202.27891
-1269485.32055
-1280023.93894
-1290024.12277
-1304198.84851
-1255221.61763
-1280983.34415
-1276671.2886
-1270774.68352
-1326691.44126
-1265593.14155
-1240654.77062
-1252840.81885
-1310331.91869
-1254350.46145
-1274559.28594
-1318657.44754
-1279862.94532
-1251208.53069
-1291431.67403
-1272853.74237
-1275342.89642
-1247392.50735
-1279893.45575
-1257449.84067
-1290053.62088
-1293611.11967
-1301808.12028
-1285114.68407
-1288818.9125
-1227364.44493
-1304890.26152
-1290111.51635
-1300216.48072
-1273425.1072
-1246454.76838
-1296939.5216
-1305307.62714
-1230693.06435
-1256933.97282
-1317626.02862
-1284079.95247
-1288702.61
-1245154.69943
-1259379.26743
-1256424.00473
-1296427.39494
-1305028.3187
-1298720.91791
-1268469.60769
-1273752.22842
-1284119.1574
-1278107.01719
-1293807.3362
-1301090.24084
-1282559.57757
-1264656.81452
-1278804.4248
-1270502.84338
-1268957.93566
-1237850.71089
-1285414.90863
-1295372.85094
-1243562.70882
-1297541.10658
-1278932.02505
-1277036.37414
-1291470.0323
-1247050.59102
-1274229.09598
-1271551.56108
-1267096.94115
-1297424.11477
-1324046.81764
-1274633.44858
-1294766.21608
-1270700.51931
-1275624.09108
-1272872.80023
-1270030.99947
-1287835.95682
-1278955.44715
-1261824.86781
-1276223.8443
-1300023.88575
-1228139.71462
-1261604.7342
-1311870.21679
-1255185.60717
-1275760.02338
-1300151.13882
-1280512.2538
-1291589.94693
-1276919.57285
-1248606.14943
-1260627.56752
-1262789.7281
-1289970.62784
-1268852.21361
-1236327.83021
-1279534.79913
-1266078.25521
-1294719.15579
-1308209.11421
-1282265.1446
-1251938.15439
-1278448.17932
-1275937.25056
-1259842.19614
-1303287.69199
-1296312.86765
-1276014.61922
-1269518.30853
-1290972.49307
-1287970.35856
-1275011.23307
-1234140.74003
-1265784.2416
-1212952.91792
-1234139.9961
-1265362.32233
-1295630.34223
-1292350.02174
-1251954.62449
-1286522.2916
-1287537.64652
-1288795.41249
-1265476.98885
-1291750.5735
-1265212.85534
-1262840.07019
-1252760.65315
-1270191.95576
-1307229.36481
-1269915.86603
-1328834.45235
-1245160.82689
-1302471.48009
-1232068.48988
-1215631.58396
-1273744.31922
-1263119.62109
-1273648.84845
-1257901.83292
-1256299.70355
-1269607.11835
-1300051.9342
-1268357.2332
-1273419.19662
-1311180.34315
-1279199.85204
-1277940.1748
-1299800.60166
-1307932.79049
-1261595.51501
-1296239.78936
-1250028.84193
-1274321.47638
-1305749.64526
-1238857.7561
-1267169.54246
-1278236.64377
-1301937.73514
-1256421.22978
-1306609.43369
-1315700.93026
-1278384.013
-1261389.40009
-1266520.0923
-1281525.05377
-1279949.96532
-1292318.09795
-1290492.54218
-1302670.89793
-1220653.50071
-1288469.8043
-1274998.04046
-1307041.12507
-1240674.87046
-1292077.96793
-1279332.84786
-1242189.53563
-1287447.65979
-1258096.76219
-1293187.79914
-1280144.09294
-1289855.18409
-1288156.25213
-1254599.80309
-1293213.31034
-1302435.17847
-1289344.42721
-1262570.8327
-1281701.40109
-1286511.94152
-1283871.84078
-1293641.95929
-1291541.17464
-1292948.7144
-1256641.17005
-1297771.11415
-1260093.06494
-1293521.84843
-1242674.43285
-1291855.26868
-1261706.2883
-1297241.7153
-1262601.45802
-1279749.84465
-1279064.82906
-1268151.40707
-1305121.73934
-1329517.66256
-1234544.72692
-1312212.5672
-1277788.87619
-1278077.83842
-1300929.28969
-1266808.48087
-1259737.4993
-1284345.16543
-1244514.5299
-1288704.29102
-1289275.30408
-1300473.36014
-1261386.13486
-1293415.56555
-1265785.07986
-1278137.41112
-1285854.44746
-1309934.56189
-1259371.0947
-1281050.76433
-1275263.64985
-1291276.85264
-1271605.11741
-1279358.17923
-1285943.23682
-1294771.41214
-1214823.80158
-1287182.47991
-1228995.64218
-1275194.08724
-1284900.54086
-1275789.11514
-1313948.52411
-1280542.31978
-1318514.24867
-1239801.84978
-1255883.96363
-1342845.14637
-1280534.3794
-1267890.35149
-1268223.55653
-1271660.79805
-1293461.47748
-1317688.65076
-1287730.26583
-1272055.70992
-1258942.63609
-1303608.89127
-1284473.66779
-1306408.55541
-1269960.70669
-1294555.37691
-1288995.95428
-1303884.40583
-1280377.50085
-1259970.41051
-1260650.10109
-1298615.28644
-1279174.84202
-1275210.69825
-1319843.35261
-1284075.64001
-1299626.5259
-1273544.75027
-1305647.03376
-1267925.52257
-1281334.16077
-1307793.97264
-1301458.08808
-1294235.91884
-1280501.51633
-1287330.20438
-1296887.21669
-1313322.79184
-1299115.01473
-1267434.52715
-1304791.81574
-1292449.11083
-1244849.5377
-1288746.00256
-1310235.50669
-1259052.2824
-1275619.78273
-1299689.24557
-1306771.38375
-1342577.14304
-1273404.52565
-1241933.2606
-1296814.27449
-1290364.18922
-1290310.59309
-1295056.80066
-1240849.81505
-1280368.26453
-1297897.04501
-1256532.64498
-1286960.66364
-1286121.5827
-1275048.08029
-1274339.90357
-1275922.79186
-1290359.5439
-1279721.08695
-1256505.63382
-1285041.84113
-1244208.64152
-1260628.06424
-1280016.81781
-1281062.41541
-1280732.50428
-1271838.39757
-1312270.03834
-1262964.34335
-1285290.41688
-1268078.77671
-1293859.63162
-1270118.96187
-1252403.56127
-1260251.75629
-1283376.88152
-1297281.56678
-1262930.99406
-1305274.64452
-1287138.63381
-1308504.03843
-1281646.27111
-1291266.36283
-1265970.25037
-1270788.49391
-1271847.19289
-1258575.55788
-1294475.93819
-1276297.59971
-1309507.11884
-1273361.86308
-1289904.39071
-1270580.99122
-1274754.67378
-1298879.9533
-1300266.0898
-1267631.86599
-1257269.35741
-1299677.62387
-1292085.84204
-1296469.18694
-1299803.27462
-1285828.25818
-1278688.18095
-1253253.72088
-1308651.90683
-1251406.33766
-1277626.35305
-1272572.67472
-1303833.83094
-1302284.25481
-1329748.63046
-1281808.59499
-1276651.50975
-1298192.77271
-1306541.87714
-1293703.92782
-1307067.23868
-1304541.52892
-1301038.81638
-1314489.17697
-1273991.01952
-1314212.46017
-1263680.09747
-1298242.22979
-1252635.92192
-1290064.9589
-1285137.94111
-1313936.06586
-1292378.95499
-1298686.83276
-1314848.33037
-1304289.89326
-1267229.3457
-1270787.56538
-1265260.58682
-1280801.25933
-1277216.69714
-1246007.70659
-1272228.66993
-1267458.63403
-1273496.60484
-1253719.9904
-1323226.38107
-1265286.69468
-1267550.69743
-1239033.47173
-1253063.08151
-1285842.0712
-1276093.5263
-1269635.94844
-1298343.15934
-1263858.5638
-1314404.25307
-1264562.81257
-1262593.9413
-1295878.00301
-1290431.82245
-1282760.56004
-1288343.69739
-1298707.74931
-1261877.03287
-1286055.08665
-1255604.90909
-1244552.24314
-1255821.01515
-1274872.00735
-1302846.96572
-1269674.44573
-1274493.46512
-1292467.34871
-1267802.65373
-1262114.48717
-1292510.28717
-1285377.00406
-1273487.87707
-1277503.7755
-1256152.43348
-1290940.54154
-1241134.30321
-1301444.55919
-1319335.00557
-1292898.71129
-1291707.61515
-1318396.1457
-1296839.31184
-1298186.63183
-1294540.86199
-1279187.038
-1295445.945
-1280952.01156
-1306668.41955
-1281933.58084
-1256921.15377
-1302046.00315
-1240733.894
-1308375.22175
-1287602.02339
-1304478.05935
-1295654.75266
-1296938.72651
-1299864.14318
-1260402.75152
-1293319.83993
-1267426.15824
-1243625.31643
-1250099.92462
-1304886.09266
-1287311.13756
-1281358.99557
-1313400.37262
-1298601.44603
-1295164.26414
-1302988.57553
-1282503.05168
-1303480.73321
-1308871.26104
-1291658.35454
-1303165.81391
-1268758.29637
-1291656.56832
-1272286.13866
-1239252.1269
-1294415.39157
-1283780.22059
-1290063.61416
-1276384.36756
-1291460.1096
-1242504.95048
-1285469.63806
-1283480.4553
-1297777.4078
-1284519.6637
-1285055.92184
-1279541.7731
-1259926.13732
-1271154.96854
-1287453.58052
-1307090.24814
-1252006.54718
-1277344.27641
-1286074.08588
-1270955.15317
-1267690.08677
-1309306.27557
-1245193.6027
-1242286.4849
-1285544.6147
-1275675.19262
-1291387.54435
-1314138.04478
-1313352.79998
-1291802.24879
-1305776.26321
-1315175.44151
-1274068.51223
-1280912.06277
-1247517.16121
-1276718.61196
-1260912.05661
-1287908.95506
-1305786.50846
-1302900.85438
-1222701.20767
-1273529.9162
-1275252.94779
-1254313.906
-1283399.82931
-1256300.4391
-1264136.54741
-1292388.17029
-1280990.24936
-1266816.14073
-1304697.72227
-1300195.29083
-1310024.66616
-1292190.8128
-1253596.7522
-1307488.93412
-1287130.38335
-1283727.2214
-1278355.90994
-1271689.77295
-1270639.41818
-1268504.9776
-1270193.43308
-1249766.34392
-1270961.70044
-1282695.4584
-1285021.61715
-1277546.94452
-1284022.26616
-1286102.08755
-1314384.8601
-1274577.3764
-1318959.33231
-1307523.8023
-1288885.41518
-1319911.31978
-1308971.93279
-1307821.76844
-1295662.57813
-1244548.54567
-1285143.17596
-1276821.26285
-1266848.77477
-1231629.03398
-1277358.6523
-1279221.56907
-1270447.86698
-1303987.54714
-1255712.90435
-1282633.54894
-1323470.7114
-1321145.13124
-1326273.53518
-1304655.83794
-1302435.86403
-1276699.7375
-1287644.8228
-1286767.40796
-1256182.55874
-1300705.72611
-1256804.41337
-1296363.75546
-1310111.99824
-1274268.54028
-1302501.96397
-1280148.12597
-1268741.2533
-1276568.73398
-1301920.21476
-1281993.90758
-1326562.84943
-1312974.0968
-1251653.66138
-1294940.71781
-1254142.91494
-1293924.05723
-1274624.02188
-1287764.32864
-1287681.62323
-1292591.74659
-1284942.47315
-1285115.52536
-1290775.95581
-1276866.74601
-1311588.83389
-1271686.70661
-1283828.56343
-1288651.80203
-1312179.052
-1304398.3723
-1303057.5385
-1270579.45658
-1264458.93835
-1285386.02804
-1257109.87464
-1291614.86285
-1305012.69944
-1280289.32386
-1318872.35689
-1296743.20232
-1221026.48277
-1234881.90126
-1296439.97044
-1297038.3315
-1281358.3733
-1287492.61179
-1301825.53601
-1303578.26247
-1293744.56296
-1295531.42584
-1277948.92609
-1271323.44734
-1311558.69795
-1290872.83372
-1300292.44166
-1308077.79398
-1264771.13649
-1315181.71576
-1266606.08788
-1217006.44341
-1261690.35216
-1313377.24419
-1275093.00799
-1256180.28611
-1232770.63921
-1247536.4984
-1234940.11286
-1285084.2433
-1299114.48925
-1274909.71953
-1296433.76025
-1315764.11488
-1245183.23335
-1277857.93485
-1272038.17832
-1311807.63713
-1294711.72374
-1297705.89701
-1270722.21044
-1285373.95435
-1263094.46329
-1264578.93541
-1285883.72362
-1295512.62786
-1318029.68271
-1268286.74686
-1288482.71538
-1285346.58678
-1275804.88662
-1280479.2446
-1271916.53411
-1277840.7062
-1246453.22003
-1281596.00284
-1269963.01258
-1291720.11372
-1248686.43649
-1293849.16143
-1261013.91856
-1276010.65524
-1282519.98317
-1296714.75669
-1246967.21414
-1248031.98847
-1317084.38407
-1248323.22691
-1280236.71443
-1284190.47887
-1263085.85113
-1257843.52633
-1250793.7245
-1298649.34664
-1297438.53519
-1327991.04966
-1300877.07503
-1304058.63614
-1282406.14257
-1283241.31562
-1236828.90181
-1285947.56439
-1314197.43666
-1317004.21711
-1270146.96607
-1263403.6339
-1320988.66149
-1254194.24852
-1276850.88375
-1259091.46887
-1287026.21691
-1257077.29559
-1278460.00374
-1283919.20764
-1256973.49688
-1275396.62841
-1285537.4446
-1284190.47593
-1221744.5478
-1284242.53581
-1292970.41351
-1306767.49539
-1315711.05756
-1293438.68545
-1274302.8047
-1294360.72161
-1230327.96805
-1263837.10419
-1298347.83887
-1317184.56896
-1276729.31855
-1296524.5797
-1303790.85838
-1289549.22883
-1248410.41043
-1304798.98536
-1264935.95983
-1303109.15825
-1280457.08289
-1298287.01516
-1278243.62737
-1243634.13106
-1287224.59693
-1289525.99257
-1273930.73073
-1304449.19963
-1247202.04927
-1276380.52062
-1289951.82902
-1319983.20198
-1300691.78846
-1303746.39645
-1300918.19382
-1287207.4614
-1279423.30833
-1305650.36376
-1286451.16166
-1261258.13099
-1284783.34268
-1286150.35224
-1289008.25445
-1264868.94199
-1298430.0573
-1285763.49546
-1300634.00367
-1287663.96051
-1287383.09797
-1272987.13417
-1263489.8982
-1273901.20438
-1268710.83464
-1237905.54453
-1270750.30146
-1259417.13113
-1263774.45538
-1296129.98255
-1292107.05754
-1286395.57511
-1266650.16359
-1284168.73036
-1278118.56984
-1244919.71041
-1296343.7824
-1300689.61449
-1320307.22925
-1324384.18958
-1237823.35119
-1297530.20455
-1268852.74512
-1266885.50802
-1277579.37646
-1260553.22777
-1291143.33609
-1286489.62794
-1248256.13263
-1306488.33765
-1264210.5312
-1302081.49044
-1279872.72108
-1282280.89459
-1250258.673
-1253882.22942
-1301681.78514
-1273922.31542
-1273017.12013
-1284535.75105
-1282232.38145
-1280497.28725
-1306717.97258
-1299378.69797
-1287726.00255
-1271157.12823
-1284932.98436
-1243014.08141
-1262799.25681
-1260417.05954
-1263934.23145
-1246595.92808
-1287514.18396
-1275976.08871
-1284924.42382
-1293942.85728
-1305971.54099
-1280332.41595
-1246188.93699
-1300064.80802
-1261615.93058
-1304266.99773
-1259847.01544
-1295254.70894
-1255158.73855
-1278211.29839
-1293225.41882
-1262083.64425
-1291174.62112
-1321793.45666
-1251593.13274
-1270766.04719
-1234536.37277
-1281772.81062
-1307229.94729
-1297063.85721
-1295364.90603
-1240911.27931
-1262432.10066
-1294780.42678
-1304930.08418
-1298409.54798
-1271115.31026
-1276337.95537
-1263530.11279
-1320303.40013
-1282828.32077
-1281573.85293
-1266374.80376
-1248881.99412
-1318558.27632
-1265112.76907
-1293924.75463
-1273559.00481
-1280197.54097
-1303203.13081
-1306256.24277
-1292723.76426
-1276505.41014
-1311253.89913
-1251794.29871
-1282641.72821
-1274827.71515
-1291272.36255
-1265513.92646
-1288048.83795
-1293246.73314
-1278700.32465
-1273788.49096
-1249057.55635
-1278363.29403
-1249094.83129
-1307394.54187
-1277678.87021
-1295676.57893
-1275079.75381
-1259238.12315
-1288451.89091
-1281659.53689
-1290759.97146
-1281682.72051
-1264527.23334
-1258231.47805
-1253701.22986
-1259871.04583
-1244930.2244
-1309967.22312
-1281299.36977
-1284391.41044
-1281156.9526
-1303063.61447
-1290802.90008
-1287482.8975
-1305056.59493
-1301447.4188
-1272398.22928
-1290696.59232
-1302455.34108
-1294616.66434
-1257946.40892
-1308846.3898
-1270730.1988
-1305609.79473
-1241861.89436
-1255252.05605
-1257330.40012
-1270340.19004
-1263837.07362
-1269917.29299
-1271903.92259
-1281241.66297
-1287138.45656
-1276986.92555
-1306064.15703
-1292492.41139
-1308023.86225
-1289290.33014
-1274337.90131
-1270468.38474
-1296683.79659
-1278147.80309
-1305585.7951
-1283376.15674
-1284198.64303
-1285466.88832
-1287381.7155
-1285246.05941
-1256477.14615
-1231041.69496
-1276103.12814
-1284018.68736
-1289210.96704
-1284550.80529
-1272191.37479
-1266107.45345
-1271958.91233
-1312903.68528
-1280007.26453
-1242456.72
-1294410.86741
-1256173.87023
-1283305.98893
-1284149.06253
-1310341.28714
-1328358.5622
-1257007.14445
-1305445.95515
-1263599.46054
-1252699.99954
-1252970.14267
-1297870.2694
-1235942.28061
-1280795.73478
-1283730.0367
-1279363.19928
-1309063.65745
-1299182.00739
-1271125.33739
-1298676.09273
-1279448.63388
-1280837.30231
-1300832.20126
-1260732.74127
-1285345.84582
-1263652.17425
-1276825.16931
-1304754.40833
-1280163.63929
-1261255.63723
-1273610.10936
-1291308.62372
-1311423.56863
-1276341.62961
-1306057.3369
-1273439.77788
-1257345.89309
-1267545.89964
-1276405.60527
-1219550.24507
-1271246.88335
-1283994.87371
-1289931.74627
-1305794.93877
-1263339.42766
-1312942.19914
-1269178.42799
-1303540.45309
-1278824.32851
-1265245.99043
-1275205.3832
-1233932.15577
-1280173.20117
-1302020.37046
-1298027.63923
-1303988.63555
-1288665.91371
-1257393.82155
-1304403.22331
-1276112.4417
-1259489.18573
-1296393.1895
-1279039.61505
-1283268.18576
-1253227.92641
-1268185.11951
-1277453.13621
-1293750.54535
-1296177.05764
-1225484.97455
-1284833.74238
-1287060.17219
-1271677.39168
-1258255.25463
-1337787.02784
-1295684.92648
-1284063.15358
-1279853.40986
-1313433.90998
-1284507.62095
-1271190.17452
-1314088.13374
-1203699.21917
-1270777.49784
-1317073.46307
-1273234.91774
-1309381.99062
-1289433.83059
-1302900.42019
-1280383.70936
-1301877.88354
-1277818.11968
-1322431.49754
-1287279.35388
-1276214.00054
-1315271.35591
-1280387.69115
-1266719.55848
-1286967.3395
-1248108.88142
-1334020.32449
-1303650.04637
-1273620.62782
-1274623.80577
-1285313.57502
-1295000.77279
-1274404.14692
-1313522.69915
-1291505.88371
-1255119.574
-1287676.88108
-1289342.49023
-1269121.30211
-1262208.74489
-1293912.78741
-1322147.0682
-1268937.59918
-1269238.69457
-1247416.39385
-1248391.94276
-1286805.51152
-1263281.90573
-1238753.71447
-1329479.81937
-1299148.43982
-1271880.04322
-1273470.19338
-1300969.83308
-1288515.9058
-1281382.19028
-1263983.71874
-1293020.73698
-1240100.50085
-1299720.9576
-1296064.17491
-1265000.38712
-1275103.28085
-1290516.24062
-1286903.72842
-1248946.32375
-1308817.62235
-1314925.22044
-1264139.95735
-1320177.95869
-1301553.74716
-1267289.87718
-1289170.80529
-1304781.79152
-1280547.92849
-1290068.38263
-1257036.0885
-1270491.94285
-1285389.8776
-1287910.42805
-1274402.0405
-1261639.22898
-1278957.75473
-1269254.16549
-1283952.10284
-1264723.37237
-1291862.77056
-1270234.43803
-1249069.35286
-1301973.31867
-1303576.57017
-1284062.24998
-1262370.88977
-1268009.78748
-1274337.33799
-1246892.32561
-1270535.69293
-1305304.55104
-1277501.53037
-1273959.12996
-1281294.59313
-1270868.54766
-1263139.62246
-1307166.98738
-1282605.59535
-1254530.4595
-1289638.95162
-1297460.07984
-1255869.5775
-1295590.81088
-1286851.999
-1285708.19963
-1297688.9873
-1302717.91872
-1289416.34618
-1259035.07216
-1272628.6306
-1237944.93009
-1260595.89616
-1277996.68637
-1300996.11463
-1274703.60876
-1283083.54304
-1292580.2645
-1295351.39259
-1261223.01885
-1313755.66614
-1278336.90321
-1277152.05151
-1284613.72901
-1275034.11074
-1310023.09779
-1284368.81215
-1307667.78597
-1286709.76026
-1291205.57531
-1251305.1395
-1266322.29174
-1272625.62305
-1294079.02475
-1310509.94384
-1312774.89015
-1231733.15616
-1299580.78938
-1277973.95576
-1249996.25495
-1278410.26252
-1317172.44332
-1270227.86565
-1288744.25367
-1256379.97746
-1301177.14521
-1272809.10373
-1311247.81528
-1236209.87678
-1263537.89652
-1283071.13139
-1240148.39897
-1283099.05577
-1289495.25173
-1290453.30658
-1300092.9686
-1272189.86137
-1283994.77771
-1299713.84794
-1227268.16321
-1285981.20012
-1286482.78648
-1274755.12047
-1301351.85957
-1264150.54564
-1300354.35511
-1274434.91357
-1285431.12614
-1282097.99781
-1250479.11624
-1273036.96851
-1288944.77086
-1289299.16067
-1251343.13463
-1249397.08936
-1290718.19505
-1258736.37593
-1290757.53051
-1288173.3835
-1290323.42321
-1294739.20315
-1289858.22325
-1281865.9597
-1291083.95826
-1285052.09717
-1304352.44508
-1288662.57284
-1297171.89077
-1316397.98985
-1273318.7494
-1253539.738
-1265656.69494
-1295568.93201
-1287472.1217
-1269315.66296
-1278255.74906
-1286494.46841
-1278121.32477
-1282189.5335
-1250794.12965
-1266009.41871
-1307058.98933
-1299338.69401
-1279303.89081
-1290583.5293
-1282582.28049
-1289114.01216
-1257985.84938
-1272759.07726
-1294425.30563
-1316843.28794
-1270624.23064
-1299009.53611
-1248105.45991
-1283499.99376
-1291650.66866
-1230156.29404
-1287425.12983
-1276898.83986
-1288537.02868
-1296518.63991
-1260555.24642
-1314535.98578
-1300684.21491
-1296409.70399
-1313798.10111
-1275228.09599
-1308292.81307
-1285859.57559
-1278864.40511
-1278522.87593
-1297561.61698
-1294153.66316
-1283006.21836
-1283749.92683
-1304214.98059
-1243665.47793
-1286445.67256
-1300540.28258
-1292733.81675
-1294714.58966
-1285070.61982
-1315421.92408
-1294833.30082
-1311656.06439
-1291572.83763
-1267587.14911
-1299523.78856
-1257676.16616
-1267738.19735
-1300250.67111
-1289546.40731
-1306008.208
-1297226.80079
-1271438.2559
-1287487.34128
-1314583.13574
-1249948.85489
-1280719.43634
-1301552.01844
-1257613.96517
-1257176.42643
-1256835.0133
-1280951.18411
-1288021.89689
-1274802.91263
-1251359.6993
-1301559.89777
-1298115.53174
-1284663.20375
-1279013.1894
-1297534.56139
-1273392.11222
-1264722.56276
-1281531.72101
-1298745.57564
-1295152.40123
-1302754.5107
-1282658.77105
-1276157.63939
-1300289.99734
-1275944.95717
-1299136.60657
-1261034.86348
-1257397.11624
-1279151.55554
-1295443.11599
-1317171.08163
-1298794.71526
-1237936.0972
-1288151.85315
-1293082.19364
-1272546.10311
-1287816.30208
-1292358.70006
-1277367.86233
-1274621.6463
-1293637.11754
-1283976.91728
-1264966.37235
-1296674.34424
-1273959.68414
-1269163.9822
-1295539.65624
-1295653.47163
-1287552.52894
-1260763.68058
-1309202.54333
-1266681.70477
-1270622.05015
-1277639.16643
-1327701.32075
-1302801.94482
-1253630.48363
-1285910.6549
-1296494.97447
-1302806.2007
-1267328.27753
-1270099.65921
-1301993.89414
-1267989.26569
-1284667.8494
-1297937.74132
-1314065.98762
-1291942.5555
-1273720.93587
-1258935.52091
-1269298.3126
-1289728.80052
-1289412.90948
-1295336.40179
-1303185.0292
-1283093.30646
-1294844.67519
-1295427.17311
-1225187.2119
-1278762.39337
-1268975.01961
-1283402.94323
-1268754.08034
-1312781.22013
-1236668.10065
-1297614.29356
-1285558.26758
-1318922.93537
-1307452.23316
-1284235.04969
-1329825.36547
-1295957.96081
-1264475.98155
-1263382.71054
-1302013.98911
-1311437.02696
-1278671.25781
-1273251.96878
-1238765.59203
-1268871.27019
-1297525.74098
-1250430.56312
-1278197.21085
-1265784.63695
-1267348.47542
-1273216.25945
-1252316.03547
-1289199.95882
-1257428.35499
-1271774.34553
-1289510.8625
-1292032.0934
-1287708.51401
-1263920.42223
-1260620.2818
-1284542.48776
-1253404.01798
-1309158.77138
-1287718.73957
-1253568.14425
-1283869.52797
-1294712.1889
-1260218.19688
-1305277.46439
-1282719.94263
-1282378.18463
-1278167.49018
-1256416.74556
-1251584.14814
-1294292.93223
-1306646.81323
-1331364.84242
-1235417.45928
-1262184.6463
-1293296.94037
-1298949.49058
-1265019.32874
-1270877.54125
-1255802.01194
-1261401.0504
-1293958.50957
-1300227.09243
-1302684.19029
-1329198.72262
-1268267.89789
-1286556.36651
-1273247.06196
-1262115.64498
-1331007.3618
-1300237.01145
-1295909.95485
-1316251.26239
-1285570.48118
-1284295.8768
-1257430.11145
-1292199.73046
-1291128.82783
-1297384.67802
-1292546.02165
-1241052.69644
-1270129.8131
-1280790.6353
-1263913.17599
-1254734.05081
-1264267.58599
-1254997.26737
-1310433.92566
-1277009.29015
-1282931.29741
-1271777.43113
-1307626.78649
-1308701.84052
-1327577.66926
-1288689.07209
-1287125.95111
-1307366.40325
-1265145.44083
-1302583.251
-1258099.60736
-1297435.16548
-1305313.74965
-1287855.74776
-1259568.61529
-1295013.64005
-1270210.26636
-1245702.83236
-1269338.03855
-1307136.43364
-1240272.42707
-1287636.86562
-1304772.72843
-1299506.15076
-1287240.86381
-1287883.62003
-1303693.30544
-1293043.11088
-1291688.91918
-1300484.96901
-1276264.28196
-1291335.59335
-1314839.70402
-1296412.91706
-1273754.61817
-1287109.56535
-1310419.98793
-1266540.04965
-1296939.45625
-1312693.19955
-1276966.40027
-1284572.23569
-1316940.02538
-1299751.43046
-1260977.25417
-1308797.60839
-1254041.06532
-1242035.92772
-1322732.3854
-1285097.25345
-1298624.4095
-1275411.08784
-1290978.89162
-1287835.27235
-1254723.50038
-1271582.41335
-1282516.37993
-1220297.01886
-1282945.78686
-1303346.97693
-1291885.65597
-1287961.82164
-1297538.75562
-1270211.73649
-1271106.55593
-1309952.83681
-1281950.21073
-1287192.5392
-1277665.85961
-1268853.51304
-1277090.62476
-1261824.37857
-1308580.0601
-1294130.52544
-1296339.3009
-1282121.78301
-1293070.58054
-1263477.79634
-1285584.28291
-1287703.73359
-1289017.237
-1316695.17798
-1316247.61799
-1269025.06239
-1282534.86684
-1268548.50547
-1293194.74147
-1274916.58136
-1304056.39134
-1304187.3901
-1307299.31638
-1271701.90023
-1271032.98282
-1251373.4551
-1291410.5517
-1296792.32025
-1302122.26071
-1259215.03713
-1301510.25911
-1298598.6007
-1295920.03229
-1278026.94502
-1303714.59537
-1277090.75658
-1289088.66101
-1225734.88888
-1283308.8946
-1274242.03244
-1295905.90882
-1274064.15045
-1284264.80198
-1317716.34301
-1304575.27628
-1294881.38367
-1293815.72608
-1300764.42132
-1286480.26765
-1240918.17605
-1300266.04703
-1318927.03432
-1277386.30998
-1237521.88557
-1276827.03295
-1288776.82999
-1256589.49772
-1276407.59003
-1280794.53899
-1285586.14739
-1271495.48981
-1273083.71818
-1315755.69662
-1227939.95434
-1282995.73521
-1309117.4531
-1287254.32762
-1304339.32672
-1293690.29532
-1308932.10586
-1315618.01493
-1284619.44954
-1312307.1917
-1282295.48257
-1289206.65478
-1296858.4324
-1296397.96973
-1275004.45097
-1284747.03043
-1280275.13708
-1285344.51793
-1293700.76129
-1273790.25805
-1307355.74938
-1311796.88841
-1296835.39731
-1259419.59853
-1277396.5649
-1295684.05351
-1266823.67264
-1301696.65745
-1311697.35862
-1289326.69526
-1292183.93029
-1286042.49799
-1302640.93476
-1295504.84143
-1297770.61096
-1293076.60326
-1280143.47811
-1287305.05984
-1268865.85269
-1287535.58414
-1276413.65166
-1308586.28127
-1269395.69848
-1284716.53717
-1293128.86399
-1272303.83788
-1310537.74783
-1274583.12287
-1286057.71304
-1268281.05941
-1284554.00381
-1301127.72352
-1307887.09218
-1324860.75627
-1320736.61327
-1319255.40677
-1299044.90388
-1315879.5434
-1290170.42278
-1303716.2294
-1284733.39636
-1272508.30693
-1283427.43456
-1262470.15309
-1278033.12764
-1302093.62589
-1251971.4003
-1272677.5248
-1311695.83625
-1246016.03964
-1262909.73278
-1267882.54648
-1298940.61487
-1291843.24097
-1311078.52845
-1296438.99331
-1293423.21398
-1326140.6167
-1289700.71142
-1294779.28177
-1272193.68998
-1289147.28243
-1271658.11442
-1292231.89424
-1270968.23782
-1281881.98443
-1283327.11814
-1233200.99898
-1290826.93968
-1299918.77193
-1284294.19497
-1307995.77482
-1321512.21097
-1286928.96378
-1311452.43318
-1294084.88979
-1256124.19679
-1304769.48117
-1299758.13871
-1276744.58133
-1310583.66676
-1280780.47371
-1329999.77654
-1298595.14308
-1283777.41333
-1290101.46835
-1286263.28977
-1270456.02956
-1306043.16305
-1250588.91675
-1284175.7917
-1305830.29122
-1333351.4625
-1285353.28017
-1297995.4982
-1303254.07052
-1311479.67634
-1268499.22493
-1339590.94953
-1288630.67186
-1328861.87717
-1292004.69143
-1309729.24915
-1233812.91392
-1323818.44851
-1260358.2016
-1247711.52069
-1287129.06937
-1315759.74609
-1298603.92284
-1287991.98634
-1292415.44065
-1277152.33154
-1264919.00491
-1301535.36938
-1278803.7786
-1264749.91336
-1295403.80514
-1263067.02658
-1303097.92828
-1322978.09297
-1302402.21358
-1329273.4913
-1256873.33354
-1335029.58734
-1285951.21513
-1270807.67099
-1297480.3125
-1302717.41005
-1279591.62622
-1235598.92568
-1315770.0147
-1272873.41123
-1277388.79171
-1269467.74506
-1246502.95063
-1287362.26899
-1307161.83339
-1302315.99256
-1273826.25165
-1310609.89475
-1281472.8181
-1299442.82998
-1297144.85121
-1302784.824
-1307132.03462
-1294343.95265
-1296791.7991
-1289097.18721
-1298978.48928
-1301953.65678
-1265792.26244
-1303540.55257
-1293823.51034
-1248074.98386
-1290365.53347
-1222699.08064
-1280636.42801
-1288781.89411
-1268004.24236
-1262620.23293
-1277155.61625
-1323725.53779
-1265377.71534
-1262847.35603
-1272630.61997
-1283830.13875
-1268774.39394
-1286444.41132
-1319422.81
-1310372.13457
-1301145.74404
-1281403.32863
-1302742.62842
-1265272.21863
-1289909.68473
-1271787.59725
-1270302.48284
-1304075.35029
-1284457.32676
-1299524.74375
-1268551.19665
-1278617.59984
-1269163.07729
-1272592.56311
-1275249.0204
-1252169.44281
-1306921.01547
-1306929.97267
-1287245.03284
-1278480.3018
-1307986.29816
-1301854.84033
-1290615.27729
-1277605.30909
-1277631.82396
-1306839.95051
-1268507.21448
-1308258.04082
-1294321.09343
-1300151.52332
-1269372.6226
-1264113.16005
-1259395.57133
-1280381.77239
-1261355.50261
-1259405.82485
-1298529.86088
-1258553.37665
-1313921.15182
-1269185.75903
-1281744.67691
-1296202.06966
-1279747.12866
-1292926.1432
-1307441.85882
-1295583.46963
-1304870.22789
-1288555.57131
-1272423.05438
-1283259.25145
-1225163.86372
-1319258.93904
-1287235.6978
-1279591.54147
-1281760.80307
-1294060.70619
-1295948.67858
-1288926.92752
-1301454.62829
-1282633.94421
-1280980.81756
-1281218.47749
-1272084.72252
-1256416.13778
-1297889.76089
-1259003.50349
-1298916.6322
-1296655.20203
-1303474.79191
-1319877.51258
-1272350.66115
-1276021.11528
-1297220.95965
-1302495.03357
-1263260.38081
-1263282.75172
-1278840.82072
-1295011.17275
-1294680.21061
-1278716.54548
-1302423.97303
-1345216.76394
-1305137.37094
-1270801.15603
-1292197.19559
-1291951.31202
-1304662.52825
-1299102.8424
-1319671.37096
-1298465.44712
-1308223.16571
-1281011.80897
-1303718.62542
-1286319.07711
-1235357.59499
-1275536.02969
-1269286.87184
-1267918.36614
-1277184.93732
-1312544.23992
-1298848.53213
-1308859.88772
-1294437.849
-1306340.46476
-1280181.81882
-1241380.64488
-1315280.85567
-1284514.15068
-1311045.27495
-1318417.65767
-1279649.69024
-1303652.71803
-1254826.42459
-1289200.08616
-1256868.30503
-1320065.93436
-1325726.73889
-1281965.6645
-1289787.3349
-1284210.74065
-1314557.25225
-1284629.70251
-1311504.90779
-1271540.1807
-1271976.12626
-1270823.98455
-1258861.9875
-1281172.92732
-1301988.84075
-1282512.31086
-1279363.0894
-1295365.19501
-1247248.1935
-1296323.42066
-1254227.4037
-1303796.82987
-1318061.80441
-1285629.11577
-1283547.75451
-1306989.35154
-1242600.5399
-1317392.71695
-1253200.50722
-1280320.26902
-1281398.69598
-1333863.33428
-1319479.3347
-1311732.23505
-1309730.61498
-1290894.307
-1272301.49795
-1242965.49504
-1269270.94018
-1272973.38752
-1297295.1054
-1271640.08353
-1293892.75949
-1281696.08806
-1278499.77696
-1328557.94071
-1304382.39412
-1281218.13436
-1265799.56401
-1271470.78673
-1303614.62314
-1302136.92399
-1322005.42364
-1261011.69616
-1294097.16041
-1215963.61846
-1289286.70717
-1280878.99385
-1280946.03851
-1276089.87736
-1288038.2535
-1264772.70648
-1308897.95017
-1269113.41586
-1249257.03164
-1303878.67477
-1296647.47025
-1302838.95413
-1271937.4286
-1301673.56946
-1278577.00469
-1278526.4271
-1288446.71566
-1291464.36517
-1297618.59406
-1282856.62646
-1280263.7563
-1281261.57291
-1274450.88548
-1279563.50707
-1259548.67151
-1260136.98708
-1272532.37268
-1269426.12073
-1263113.61614
-1243507.57141
-1284013.29364
-1307286.42599
-1262274.4429
-1271405.08749
-1279683.48909
-1316991.23781
-1280865.1016
-1286431.30197
-1306036.28023
-1297126.93503
-1273210.51364
-1289892.40281
-1275423.55789
-1285614.47933
-1284540.68551
-1279096.63716
-1269551.51836
-1268990.17074
-1304781.30238
-1266869.17003
-1300634.82248
-1306871.99634
-1276609.53808
-1295226.6816
-1293261.14092
-1297807.96889
-1296915.95069
-1286888.05626
-1273316.37444
-1303204.19752
-1287324.92625
-1278024.57324
-1283262.07159
-1250664.58406
-1286873.51422
-1286913.52016
-1304973.97101
-1314158.88214
-1288870.61712
-1275859.0105
-1281160.81243
-1290038.05276
-1281663.43414
-1292842.64958
-1255075.41437
-1292316.16312
-1285742.48914
-1258272.23905
-1276106.54344
-1277432.29391
-1277653.05927
-1282737.62398
-1261462.4809
-1270322.7223
-1296696.47067
-1290211.05791
-1285757.20426
-1278126.18171
-1300666.7071
-1297279.08866
-1278635.18728
-1286679.65286
-1284614.56215
-1286889.13221
-1298170.11033
-1260377.7102
-1304612.51776
-1280525.6261
-1307319.27687
-1293015.18229
-1305672.59177
-1270148.24688
-1278737.37034
-1237497.04973
-1281627.76409
-1250291.38198
-1303783.09013
-1291094.5333
-1309152.53938
-1282387.42065
-1263875.61635
-1286712.54812
-1293139.03737
-1267581.05117
-1268700.87027
-1259802.41475
-1304007.98303
-1315147.08894
-1275616.0268
-1272564.29545
-1305246.35989
-1275407.7666
-1279625.62545
-1268791.99312
-1250968.22342
-1276688.72296
-1269207.41169
-1301583.10828
-1278511.77612
-1312432.86792
-1292104.26817
-1319274.24716
-1260846.99658
-1227174.05259
-1299585.41045
-1280476.15988
-1280199.17147
-1300842.31891
-1276548.01503
-1273459.34824
-1280329.76799
-1271866.93986
-1280757.49854
-1275259.3287
-1285234.06937
-1295843.28526
-1238051.15271
-1250974.3674
-1247444.27469
-1285304.22613
-1288397.92344
-1266755.59454
-1274458.63887
-1272821.31961
-1274804.76248
-1307803.12097
-1272553.70739
-1298343.7262
-1293248.79732
-1289993.6885
-1258759.86874
-1291310.45599
-1328907.80014
-1238532.20735
-1292447.00436
-1262235.28749
-1314149.28462
-1275261.5279
-1268362.46459
-1308187.39113
-1275629.84663
-1284796.32096
-1263879.30163
-1311506.20341
-1293389.7801
-1284110.66279
-1269914.41909
-1282147.85581
-1298281.57729
-1295717.73362
-1274433.2749
-1286492.2254
-1296034.13919
-1285828.61596
-1297435.22051
-1282928.83736
-1302975.03726
-1298192.18746
-1292409.85613
-1248509.81715
-1273457.58873
-1300180.27024
-1278917.40344
-1252667.38812
-1277399.92441
-1283104.24522
-1305330.30453
-1286643.07788
-1257794.62135
-1258131.03863
-1282512.83721
-1306321.93493
-1269316.37935
-1307874.49234
-1231048.95052
-1280887.04596
-1289357.42563
-1271935.96344
-1278227.56697
-1302611.5051
-1292476.62449
-1278151.33071
-1287802.39703
-1291513.07566
-1305570.60634
-1289793.94458
-1274571.23525
-1295157.09034
-1303238.78292
-1282276.03113
-1285344.36388
-1317596.87712
-1275315.94447
-1280543.13166
-1223527.15595
-1269918.55541
-1273598.05425
-1297541.79028
-1286803.53283
-1301083.92588
-1274901.12711
-1310424.09343
-1237321.1046
-1302405.35547
-1281519.97619
-1313378.51171
-1304399.37318
-1286271.42803
-1295584.99881
-1275264.52419
-1306654.02332
-1286843.5493
-1281291.5586
-1267328.48618
-1266013.15373
-1289687.78262
-1286215.95486
-1302318.50789
-1248068.32721
-1301052.18049
-1310372.32329
-1289122.97036
-1265576.26844
-1285639.58196
-1321719.70776
-1289294.18825
-1268443.58168
-1267032.20307
-1273027.33885
-1268189.63388
-1305663.53595
-1257612.25391
-1284287.58273
-1273276.17638
-1267098.54072
-1280658.558
-1283164.57355
-1267395.86646
-1286717.58016
-1267891.45071
-1298587.33354
-1278662.28869
-1264138.99455
-1278970.29582
-1291920.1422
-1275230.8648
-1267887.03073
-1281699.71182
-1273424.9891
-1279557.1966
-1249441.77585
-1268326.74501
-1255715.80675
-1238474.36669
-1273590.84962
-1258135.01723
-1226933.62104
-1320426.73246
-1259019.67072
-1299733.37502
-1309510.50026
-1266830.34047
-1293564.46107
-1211105.70026
-1265360.31178
-1292747.32868
-1312945.0563
-1274377.15231
-1283646.34481
-1270229.81813
-1302724.22074
-1256926.79588
-1266287.10628
-1283693.81937
-1276578.39473
-1299751.90359
-1250978.421
-1269178.83308
-1302463.40089
-1312559.7304
-1295983.00027
-1282792.42674
-1281896.7818
-1271183.47209
-1279291.71211
-1264011.99479
-1280310.84966
-1295968.13696
-1235405.19188
-1272415.02317
-1240013.46069
-1273750.31972
-1290128.29359
-1292249.36193
-1283199.54908
-1260074.48465
-1299236.63247
-1268744.74699
-1305079.48263
-1291252.42925
-1270987.50494
-1297142.87953
-1273678.09268
-1264809.4939
-1292774.24648
-1328634.39248
-1250995.79393
-1252637.69399
-1291953.41577
-1260666.16396
-1283552.71008
-1284120.73211
-1254417.31822
-1257164.0646
-1247415.34186
-1279355.37322
-1275841.87226
-1255241.47914
-1279902.80798
-1271680.28323
-1262364.70853
-1329954.3042
-1253792.71553
-1234514.86765
-1279392.17156
-1258963.37931
-1301464.01962
-1296367.54422
-1300616.26015
-1295518.89075
-1299368.46333
-1251369.93943
-1262739.08947
-1271392.20881
-1290375.01782
-1262084.36274
-1270794.30523
-1287540.13622
-1262028.87987
-1277679.40097
-1271432.03493
-1318397.93478
-1276904.07243
-1254716.83277
-1259580.25468
-1246016.80641
-1306764.00385
-1289090.20017
-1264428.10748
-1294336.13944
-1256931.29491
-1292562.23692
-1277033.59069
-1274539.28192
-1266564.64706
-1267034.83155
-1282036.76292
-1261259.1976
-1277103.99265
-1295794.6991
-1270104.33556
-1303966.18852
-1306622.58171
-1255552.9243
-1287770.68594
-1288715.66941
-1297176.08643
-1278712.68708
-1271292.37102
-1250331.71872
-1274991.05568
-1258881.7494
-1284793.00875
-1214040.70361
-1273821.1569
-1308650.58205
-1301296.07128
-1262039.14752
-1310616.5037
-1277206.83092
-1335128.86808
-1317324.29146
-1254843.93592
-1288042.66863
-1283261.29292
-1311195.4272
-1293501.25739
-1268080.42316
-1271873.20842
-1301955.51088
-1286791.19932
-1262003.06626
-1290447.91967
-1273132.85821
-1305442.27528
-1253291.76759
-1270881.80543
-1314132.12314
-1275118.65681
-1249840.75438
-1282261.18052
-1293791.94496
-1260218.55741
-1266227.18781
-1288929.46315
-1280270.59894
-1270460.41784
-1314988.97657
-1314840.18562
-1294394.57617
-1303898.80491
-1299062.34448
-1309335.3763
-1278922.41495
-1288949.54388
-1296482.74249
-1306908.7486
-1287962.0343
-1263546.10912
-1284499.57089
-1253762.27848
-1303558.34727
-1260982.53232
-1265063.79209
-1287379.96627
-1287656.06877
-1291861.76791
-1256368.76775
-1296971.45174
-1272217.20475
-1259396.71887
-1272724.26369
-1270983.33322
-1284679.85514
-1280122.40435
-1252998.63946
-1301961.97722
-1252072.21994
-1286981.46191
-1271463.94983
-1313113.77621
-1270391.5405
-1249513.36914
-1285651.61882
-1282830.69939
-1279228.71143
-1289302.50869
-1282695.07595
-1273646.83995
-1292266.95945
-1264872.06088
-1314686.58448
-1286231.29261
-1272954.80957
-1285669.63909
-1277814.45944
-1284748.64325
-1310228.78648
-1277883.54295
-1244945.18788
-1318928.1882
-1270023.78733
-1288287.17058
-1269239.42257
-1301697.04101
-1297341.82362
-1287550.25732
-1246128.40995
-1296536.6115
-1292433.29739
-1278296.13755
-1280245.36147
-1264450.41381
-1288435.75566
-1269457.16232
-1283691.67827
-1315931.8956
-1251834.39162
-1308360.83393
-1264346.4892
-1295178.31615
-1296510.63953
-1295207.6727
-1263235.46806
-1258274.92171
-1280724.86505
-1304332.84428
-1288417.80114
-1291244.01567
-1304387.06294
-1303371.4766
-1303465.88881
-1268396.77669
-1302550.06229
-1310747.07197
-1284956.61175
-1272531.91473
-1233852.68883
-1272529.98762
-1282997.5232
-1280680.09427
-1285791.40815
-1294849.20762
-1306047.32509
-1289345.01033
-1281473.93119
-1270554.11138
-1293091.50781
-1268305.33415
-1286240.01813
-1297457.10083
-1301840.47413
-1290644.35265
-1278485.43621
-1284828.05641
-1229920.18484
-1278131.05311
-1265219.54358
-1251626.04765
-1306606.46982
-1273122.34773
-1309041.70753
-1288466.17208
-1265158.94233
-1284560.31407
-1307159.02315
-1257304.86233
-1262444.46854
-1293103.00648
-1289204.2225
-1237650.37404
-1277823.33282
-1285203.01907
-1282670.22426
-1272647.3598
-1269160.26633
-1288936.19961
-1318440.35682
-1302544.30439
-1304779.32252
-1298386.20175
-1285810.07036
-1284177.75195
-1257643.00759
-1273283.58102
-1303706.06384
