-313675.107054
-294067.364734
-273235.080851
-288875.745252
-291017.776
-330589.066368
-305404.943944
-283074.790799
-299150.503436
-256431.178293
-301520.996938
-293637.822156
-276384.482356
-290762.365677
-281933.688401
-299056.675305
-281900.613897
-241608.758194
-298636.563068
-269550.719307
-329238.408166
-320798.853035
-347789.617305
-347184.211019
-360051.904664
-346830.232601
-325832.580401
-329246.785616
-325683.106468
-341944.124986
-349292.985002
-326003.905992
-321142.030611
-345849.17731
-337359.412242
-333540.135816
-311771.189026
-339672.610478
-313618.077377
-317476.434593
-348570.649802
-357065.722033
-332667.189423
-358891.953521
-356106.959479
-332996.806154
-348818.919234
-344906.96197
-320438.559979
-347086.844481
-360650.058825
-333381.971616
-340009.64795
-345129.755329
-329496.573386
-350207.468792
-326068.604435
-341836.4827
-347488.694099
-350664.43424
-348877.114953
-361844.416174
-347069.594271
-359257.343398
-352334.880208
-343026.708942
-361654.477107
-354720.102561
-345990.754561
-332996.609129
-350125.741194
-350683.454957
-350406.936618
-368808.685214
-349040.742325
-361431.042453
-346501.744644
-354423.738655
-356521.466915
-346177.762547
-343398.072307
-374955.987909
-346748.516751
-358549.580009
-352503.894249
-338640.884032
-360121.210222
-345816.039539
-364956.763247
-356679.304433
-344748.75629
-347872.850824
-338582.470028
-353800.090887
-352271.743071
-355685.960966
-353435.396238
-346020.857259
-340479.678647
-364080.59832
-357165.908488
-339657.768214
-356526.408068
-350832.635495
-345317.490086
-356819.567177
-329784.795666
-365510.133179
-351541.844043
-336336.963167
-353624.845135
-344084.399078
-355939.448404
-364192.615363
-354530.034675
-340391.184394
-352301.845422
-361235.13674
-356744.253204
-360397.806042
-350619.67557
-356030.177472
-334528.23886
-363813.916035
-353148.716527
-373662.870278
-343762.804978
-357273.331157
-347990.557863
-358882.422517
-361977.478068
-354643.746259
-364787.830353
-353668.01685
-361866.558323
-352514.625327
-349143.529482
-346196.853097
-355010.554004
-350919.731321
-367687.313104
-359302.851094
-352719.058105
-359951.738751
-348678.014399
-361041.509366
-365966.310003
-360439.057256
-360682.525458
-370948.286281
-356775.686655
-366861.169814
-354658.734122
-363049.631076
-358231.16635
-356540.240745
-348133.911957
-356768.093931
-351160.468514
-359640.187652
-357733.935359
-353524.449811
-365977.282317
-362576.474304
-343896.217003
-367444.892524
-360649.16513
-358558.557334
-344680.147083
-355405.063932
-352683.836659
-357137.466489
-349660.916164
-370061.947667
-348672.841913
-345110.950641
-347238.547432
-360322.070771
-363153.869227
-363664.221295
-365092.791182
-346561.216693
-350547.361032
-359540.959402
-345737.076861
-364389.835728
-357485.721817
-358403.29776
-375585.245943
-357149.470826
-365253.998085
-346926.762022
-355172.715304
-356837.647991
-339592.383448
-364434.951789
-365357.122421
-356477.251083
-354713.232817
-344104.169885
-372000.926089
-351722.838252
-352235.126307
-354769.827662
-359469.526673
-347391.421145
-369780.627555
-350790.719681
-354336.992191
-356435.864111
-356746.216471
-337039.314488
-356008.621214
-337764.679191
-367844.710095
-337404.038809
-354147.955665
-364940.266685
-337078.117845
-358106.402851
-346168.040657
-373946.168078
-338549.625355
-353258.308481
-343311.25035
-351435.553524
-367712.87902
-356658.883624
-354862.3079
-357720.630453
-348996.185709
-355644.653982
-345351.17252
-361227.305439
-346566.85532
-339916.222919
-359674.711033
-359705.951003
-350392.149152
-351258.275522
-350058.873416
-358212.347049
-348284.23915
-359965.552368
-361244.333593
-347427.412699
-363705.997432
-367729.751596
-343764.097415
-353573.009511
-354066.443648
-364336.487134
-353790.784832
-358254.327817
-340562.061534
-339427.403828
-356526.639505
-357880.268402
-347524.522915
-360285.536569
-366428.229932
-351524.923488
-332145.544349
-341746.679735
-353142.802873
-338620.024879
-362539.943389
-356328.273176
-353826.072531
-346183.469616
-358813.307016
-358340.765102
-357544.43394
-363344.612286
-348532.54299
-355755.544923
-348639.968902
-356451.648781
-366288.401089
-342721.180705
-365475.650887
-356665.116259
-347405.969253
-354826.210959
-345365.111545
-343646.444512
-340687.853091
-350646.989185
-335451.316073
-362989.445951
-352315.678488
-358710.54152
-351861.562466
-367152.072369
-348888.0703
-355476.319614
-344227.393592
-353357.364494
-358719.241402
-336754.023488
-356297.084225
-355771.241543
-343239.875037
-367709.261898
-340553.37957
-333593.231908
-349789.760287
-348074.768801
-350211.945208
-352546.019981
-353139.008079
-362718.851565
-343362.246405
-348733.558387
-341861.995543
-348944.651036
-346779.952929
-345272.171064
-350718.012238
-340505.257559
-342782.181515
-362710.050602
-349645.833475
-374505.316591
-341894.0446
-337240.129043
-354345.035591
-350287.669831
-335506.226434
-349256.297647
-344720.474302
-363365.119963
-341445.579241
-352939.714311
-352385.595146
-353282.200818
-342112.334237
-356091.634926
-365294.796556
-347701.736599
-356429.054482
-351094.069287
-362515.382213
-365178.08535
-355657.875263
-365112.093801
-369544.065792
-367646.656541
-350370.992977
-370292.745728
-357203.633068
-354214.38106
-357525.139916
-363238.006859
-362973.996982
-338546.200265
-370140.149925
-347576.079989
-352725.743081
-351983.419774
-359062.755618
-345989.417156
-367015.916108
-345854.602273
-350769.508866
-353278.973148
-359006.059463
-360919.917182
-358808.268639
-357150.176297
-360974.738735
-360630.702102
-366039.792289
-360244.81798
-364390.572024
-348344.701722
-360860.770979
-357737.889873
-368093.67643
-358692.565442
-362547.856273
-358908.751463
-360489.735373
-347064.049959
-358644.821304
-351600.030145
-353050.466332
-352443.742773
-348703.331717
-350144.89858
-367133.330513
-353559.948077
-365751.059664
-360338.77236
-351504.101253
-358745.11997
-354542.634583
-338365.648538
-363456.948942
-352924.841745
-353357.602237
-374058.720217
-362738.409494
-368427.453345
-356400.370194
-351338.523027
-352209.244306
-357962.881569
-373459.532782
-365483.953902
-348081.754003
-343590.492604
-344384.432318
-343715.822404
-363936.7816
-367147.271919
-348733.524822
-350404.593589
-360999.912571
-338036.528193
-367300.300317
-358044.965085
-353736.86813
-348963.6077
-330001.391326
-356526.383415
-369818.523284
-356478.344263
-357497.341682
-361729.57044
-348294.133889
-354033.585679
-356032.531906
-360301.48908
-335968.895797
-364104.169246
-352769.290029
-354442.999473
-350572.700933
-350731.875249
-354813.88356
-367913.451863
-361115.093535
-345538.389048
-342833.013552
-336294.522622
-354197.158321
-352380.533056
-347951.924023
-352723.212066
-357174.96143
-340670.303101
-356464.418701
-342160.085278
-341218.024367
-356837.821834
-360138.64155
-349748.737179
-356191.99436
-360158.331966
-365439.012631
-367490.400557
-356693.076365
-354511.289657
-352274.867587
-365002.334785
-355097.583711
-363134.956168
-354517.471499
-342900.251652
-356456.934516
-352203.802284
-339453.450635
-344719.491332
-342895.316599
-337538.084308
-353659.228607
-364012.588881
-336438.931946
-357051.172557
-363707.855974
-359032.804021
-367348.563432
-359243.085839
-352707.429064
-351664.811789
-359380.402664
-360025.665078
-354049.520102
-360885.714276
-352374.476333
-361233.005686
-333250.950045
-346044.849911
-352063.572029
-346621.911126
-345607.655374
-351447.576556
-364266.977729
-352367.092739
-347236.810146
-343641.73919
-343823.346194
-340449.368971
-359800.357383
-351008.366727
-374761.234903
-351737.59571
-360405.063372
-341768.270459
-340113.889357
-355891.284013
-368924.792119
-366633.381894
-354102.621506
-360238.941487
-346249.774062
-363957.714962
-338940.033462
-342184.268201
-358539.437877
-340324.899745
-353512.202631
-344865.189003
-350590.646393
-340390.404948
-348504.738011
-354180.226854
-361958.818801
-366903.194143
-355828.795445
-359225.78893
-340748.345613
-354828.258892
-348399.973498
-358425.210428
-368532.671568
-337707.052339
-362138.863141
-352533.789984
-355176.191216
-361373.493482
-349342.90677
-362578.177996
-363393.064376
-352554.031074
-357199.582645
-370416.004058
-337297.350074
-351754.257809
-341304.105824
-348833.405399
-352616.638248
-357205.695031
-366753.246912
-361103.321879
-352933.697553
-337519.459219
-350558.264788
-348691.006571
-339646.274804
-338551.796546
-356417.726108
-353590.369583
-352701.651661
-356637.383977
-337416.665912
-363025.113545
-349567.637861
-347465.933818
-360746.634535
-342280.672033
-339955.713094
-360378.661587
-371102.77624
-359482.014008
-348266.846932
-353954.792142
-356787.617811
-338590.386218
-356442.074439
-354375.612263
-363783.24387
-360129.742829
-339399.803513
-359914.839199
-333406.789427
-364536.895893
-367602.329873
-362745.845043
-365833.786825
-354363.28731
-357683.818798
-326165.355693
-362944.764969
-360083.099236
-367963.046361
-331505.103914
-352229.882774
-345132.558806
-340485.845981
-352681.630844
-348735.25049
-361323.150006
-350466.636898
-337965.156692
-346303.36678
-358750.414937
-356021.660688
-342117.955558
-340868.856807
-363419.540487
-367555.559672
-360177.520816
-345635.78825
-359488.733259
-354655.806928
-369729.34614
-344439.208847
-340670.792151
-362311.392407
-357462.436485
-358732.351015
-363871.681154
-337476.900217
-330051.01478
-343438.679945
-358323.392712
-359585.419841
-343508.654968
-340014.801037
-356097.106166
-360320.086888
-345455.035039
-353268.385606
-352049.499926
-347984.135877
-357639.936251
-365478.960855
-356155.944456
-335681.205373
-350563.167385
-347001.278284
-374006.392206
-343990.471797
-351894.751139
-363444.861343
-355991.15808
-364876.889836
-358025.136458
-348149.549657
-349555.522769
-348463.846354
-355082.926541
-352101.446453
-350661.847269
-350721.60009
-352868.676506
-356872.097095
-356351.58058
-347739.022739
-352743.159626
-359017.136697
-352381.088113
-350240.416679
-359677.155386
-353066.683863
-372116.280342
-368987.188121
-350383.597088
-350921.188835
-348950.523677
-340461.256582
-348100.569866
-352179.204599
-360520.983181
-346811.456712
-358171.375
-356625.114681
-347302.081122
-348327.624027
-352858.925873
-346551.950583
-365175.058059
-326443.435864
-371645.185683
-363023.755084
-346113.66816
-356760.213481
-353137.450665
-329432.134695
-344440.967626
-332302.278569
-342054.267927
-352400.570608
-349369.425665
-333107.603831
-356984.400882
-347257.81584
-347539.988905
-356512.851386
-359436.518304
-369709.906907
-353266.072073
-362609.764113
-332320.658717
-363823.208081
-365360.624238
-360071.298786
-349046.797739
-352876.744276
-355016.498058
-350314.878666
-355429.950642
-340084.566696
-349517.126491
-357804.673421
-367288.424116
-369564.708901
-369573.905437
-358745.238605
-361634.983424
-374723.911202
-346704.741099
-344445.190001
-352358.535985
-351631.14022
-355973.615015
-368888.550391
-354254.037062
-343296.401988
-361383.08867
-349415.220947
-349653.011229
-349425.873896
-351180.21925
-359707.007618
-366836.557022
-336950.398703
-348835.850846
-356793.229166
-359376.133698
-367797.522682
-361578.959592
-345466.390658
-353685.000093
-368016.895234
-352356.664471
-348295.440458
-346426.613639
-354975.65241
-359127.333351
-364992.543963
-349728.36802
-356102.150131
-356380.098098
-343296.539984
-367911.759611
-345825.099102
-356835.467943
-361080.092124
-370031.030335
-362109.906876
-347543.989034
-350832.915855
-359981.695847
-351327.849763
-359262.732436
-334485.819286
-357659.344914
-337314.0729
-357998.347603
-349208.873246
-366615.939544
-362599.750162
-372459.286822
-356032.619176
-353891.28032
-364996.257544
-351010.100175
-341283.094427
-348149.717463
-359129.225099
-361036.781678
-357598.663714
-334931.550983
-363511.940775
-354936.628949
-354347.292231
-355395.36123
-351212.029093
-348643.446471
-355300.237859
-361884.889862
-354918.443504
-350604.909152
-374966.747855
-363909.022137
-347370.849643
-364829.231561
-341083.965752
-352070.745529
-357866.402134
-357154.017357
-344893.332051
-349431.5724
-345164.388124
-364934.127998
-368436.646764
-346536.006236
-355645.8413
-358094.958822
-352303.266797
-362366.801196
-344058.513501
-355881.143512
-342355.360582
-360099.999495
-358026.388415
-329537.932308
-344534.737382
-337928.38609
-349362.357387
-366812.337797
-349875.484988
-342065.392012
-371786.721582
-362017.699885
-359401.441151
-351237.453927
-348823.501006
-353428.944331
-361478.439858
-338668.593918
-371824.701045
-336462.210341
-362224.655455
-359303.722487
-356515.937063
-363644.608068
-354125.762324
-354079.874032
-358014.927178
-362975.324886
-361168.387961
-358436.693501
-345104.586199
-361780.734204
-360978.269783
-356570.17662
-343733.608756
-351700.945721
-369432.755911
-351978.532496
-354621.903078
-357701.111925
-361663.657496
-364898.546622
-343124.223259
-349923.443124
-346194.48009
-355696.443742
-362607.968201
-360087.567708
-346217.919971
-360527.27098
-343938.021765
-352917.339769
-349994.351485
-342419.120928
-346240.241681
-347821.103007
-351827.2436
-368761.740149
-349215.927187
-367994.250427
-349205.427638
-353113.290508
-346175.981353
-374352.598166
-369188.309826
-344420.386393
-350216.396307
-362218.365877
-363218.69687
-341823.113319
-357662.741022
-354435.726206
-364483.740919
-356567.357035
-362686.290601
-360933.614675
-354713.199729
-352899.659286
-361136.71904
-347892.669918
-352893.965366
-337649.430972
-352150.519453
-355852.880899
-334505.369606
-357046.738483
-357193.577814
-362175.274925
-361621.545646
-373813.578087
-356855.359107
-341462.487178
-350153.36319
-339636.308429
-350538.468654
-339008.875087
-339469.380312
-370041.443566
-349054.958364
-341815.905318
-358573.776389
-342348.625537
-353787.2462
-352176.068668
-368091.283289
-359733.763968
-354518.350027
-352019.495238
-341516.813971
-354271.910214
-359605.830236
-355291.455395
-351162.018483
-347083.100147
-358551.237459
-348136.431617
-370206.043358
-355991.876413
-362608.85211
-364697.28272
-358606.468378
-347683.376295
-366057.623383
-350002.125784
-368611.658811
-344673.559359
-362867.138799
-357085.257232
-358536.764785
-363709.84837
-335754.825321
-333010.112542
-358086.507786
-374734.267899
-363097.673718
-358438.936462
-351722.779606
-344371.720122
-353357.776243
-330875.430676
-362913.440096
-362115.219417
-357934.735688
-362759.350165
-367544.128292
-334586.865142
-363116.513096
-355391.836786
-364242.534557
-357688.085818
-361069.802328
-354403.85959
-333330.228329
-351658.88054
-357471.468657
-371626.621057
-340409.043553
-349343.771159
-351184.33636
-335822.519215
-362154.443621
-347196.283212
-361359.91916
-352903.188836
-363537.266863
-353479.575152
-382916.734711
-356779.465774
-364877.045323
-354476.349482
-367374.844138
-353579.992385
-337150.326945
-354183.535718
-354259.746347
-344706.321528
-309147.618782
-340354.331799
-354255.167068
-369529.770068
-352025.796924
-357992.769321
-352613.971999
-361878.205857
-354367.101367
-353621.237579
-363919.506111
-360154.787623
-374774.927107
-357812.758409
-377942.703687
-350588.52824
-363931.305482
-369070.288152
-348611.397843
-359858.314072
-356816.18659
-342186.526028
-364090.588633
-344898.442401
-351813.618302
-349095.965121
-360803.842984
-355273.223521
-353482.297931
-352947.558978
-372384.716155
-368385.110218
-353614.71276
-361278.440434
-367212.658568
-345434.472406
-355643.797097
-361799.582788
-351145.207945
-341311.271182
-360599.4746
-360274.321607
-349570.267745
-348878.886826
-355091.521104
-372358.671799
-350650.432659
-345118.069814
-360839.741713
-360645.810072
-358072.192302
-363455.52249
-370141.988787
-355622.011479
-356168.242549
-356077.937344
-357665.588914
-354522.35349
-362932.8024
-349396.465788
-366569.463312
-347560.580096
-343984.797973
-345510.610731
-342647.822717
-360074.851978
-355174.62203
-358984.717966
-356014.480445
-355808.310168
-364932.329229
-351939.559619
-359536.470577
-365985.946834
-369150.968173
-347772.43502
-361242.239811
-367859.780487
-374679.646732
-366070.017629
-361963.336871
-337048.409798
-355131.423029
-356834.831954
-328007.520453
-343863.660322
-349808.68522
-366590.764708
-371566.009477
-355267.785712
-356986.467248
-359316.171911
-352583.149834
-360087.988111
-352754.489833
-362006.719282
-372946.316675
-361266.847468
-359171.538868
-355523.652994
-364503.961352
-353045.29875
-344930.171903
-359166.374451
-357225.377842
-354023.248227
-358330.14905
-339183.23926
-365146.598412
-352780.068943
-344568.332202
-354811.827251
-357502.949592
-350986.387513
-359625.065882
-355734.532641
-371959.710375
-346340.560028
-358488.220464
-348717.37071
-365532.079517
-365683.559338
-366190.344415
-360573.111644
-334831.354753
-360566.163158
-347688.227266
-331452.374577
-354281.925523
-344001.800899
-362388.20058
-350942.613735
-347971.469383
-354338.789011
-358932.853356
-361770.602399
-365159.162288
-360089.067126
-359967.930851
-349216.586018
-353595.921249
-356395.597999
-362054.117276
-352864.667038
-354842.600524
-344642.326655
-361857.580895
-362849.143826
-366866.350447
-358406.042658
-372102.317067
-345631.072726
-365113.774255
-345340.186515
-359065.328141
-353812.59114
-367594.008183
-347757.537
-358348.78579
-351763.788122
-353349.186608
-354661.798193
-350887.950981
-373139.449002
-354518.229024
-359325.908061
-351425.654522
-354938.79364
-346921.335769
-365057.980974
-350736.601791
-349971.207007
-363681.829568
-353501.036722
-373441.210657
-358769.87365
-366105.532581
-344970.704923
-356127.058359
-361582.960953
-362140.921926
-354098.547699
-366344.664285
-366502.323496
-364699.633529
-375325.964073
-348326.710455
-359328.362777
-344298.567595
-363099.165464
-358182.662547
-364516.041154
-351164.768766
-355719.434556
-347926.846348
-361607.436277
-360330.111995
-361028.05352
-346156.506258
-375281.556966
-369239.626338
-348196.551041
-361089.521345
-365293.674328
-351371.504541
-351648.29809
-360058.207778
-348314.760547
-373226.413793
-355485.553921
-372080.394385
-357058.098815
-354767.503346
-353653.417602
-360478.720461
-374557.410002
-368194.881844
-363520.121872
-368106.103831
-346944.78263
-356659.548774
-358053.947396
-354337.005263
-371161.452103
-356241.358475
-364788.829606
-352405.543366
-353502.894779
-355682.954501
-356524.116867
-365130.787613
-363077.739646
-361805.00983
-358110.086983
-335682.817011
-368517.528939
-350803.610013
-347361.880868
-360829.724452
-350265.377335
-349759.015552
-344825.781889
-368567.889236
-347246.815957
-360215.585978
-367335.904856
-355621.023673
-347004.671826
-366661.134012
-364024.142663
-366335.872928
-367998.249072
-371778.276636
-347478.108988
-365538.033653
-361706.595618
-364177.511145
-365603.26299
-365705.570126
-356727.669262
-350443.166432
-355722.053861
-355294.08294
-369167.150169
-355910.543676
-364409.713499
-347066.747072
-352517.987683
-361362.039657
-351970.035782
-346891.085565
-360564.788799
-342353.661727
-356659.920326
-369728.961935
-365288.730352
-355592.005802
-362548.799752
-364815.978033
-367482.835613
-355148.264289
-358318.122697
-370518.374226
-360078.872176
-357482.605106
-368511.794946
-365647.120357
-358144.542152
-357310.981317
-361390.52841
-351684.931865
-344554.701348
-351738.506916
-350961.76037
-353381.32187
-366188.919121
-343950.501025
-352469.86628
-355316.30843
-355416.322807
-339755.088965
-342513.598345
-365877.736093
-361131.528492
-366084.759184
-357990.061368
-347360.769776
-363628.632854
-351668.73906
-355437.088596
-370556.963623
-350692.256961
-352240.20735
-344944.232897
-357449.648446
-363821.482702
-348088.229092
-367501.596772
-360729.863043
-362828.241992
-356003.392863
-353095.628533
-364401.970177
-342759.16354
-359510.070042
-346715.002646
-360744.708175
-372407.722904
-380470.93223
-371378.874156
-376769.485409
-359823.738867
-355231.370346
-366010.005574
-366876.81175
-346374.951109
-355796.735389
-366277.203515
-349064.551317
-365730.746673
-353759.095087
-347354.455703
-351093.26748
-363312.065874
-335204.607191
-364529.921546
-359634.484514
-356822.549652
-372200.943281
-363739.107207
-376126.552745
-363798.200996
-329665.793197
-355871.705569
-349941.147042
-347367.502323
-345585.445817
-346097.689313
-360133.581902
-362144.864466
-357680.943005
-360707.404521
-364048.125124
-360317.810509
-356469.964195
-359270.657937
-363938.204249
-347289.715309
-330071.884578
-356278.275184
-335314.357615
-344899.661022
-367733.578127
-354727.693821
-351539.831016
-354506.061653
-350633.753957
-360097.425134
-360252.025865
-365366.554965
-367835.960942
-370171.565148
-374232.923841
-363644.052623
-353586.680329
-357622.454326
-340851.148618
-361446.253913
-351070.762338
-359085.589002
-347895.36436
-335402.83509
-348818.398456
-357635.215865
-356403.489731
-356655.433299
-372379.846364
-361276.939762
-355385.657401
-361104.172949
-349018.032121
-368266.729042
-357962.270228
-366960.866643
-348381.589474
-350402.468225
-366384.191289
-337191.571637
-360350.662195
-347537.966843
-347437.550162
-355264.474386
-347880.534582
-349488.718085
-364850.583313
-358281.905608
-357722.237743
-355050.679678
-359887.312285
-364202.147422
-356669.802443
-373785.794399
-350624.340841
-363313.975645
-371272.454529
-348929.217736
-357400.736235
-345567.317704
-358768.895963
-355047.361329
-357253.739264
-369550.895109
-345098.258124
-361140.083229
-368765.840516
-365469.090062
-360117.355627
-350346.41028
-358399.411669
-365682.598119
-361272.836059
-358887.010614
-340993.142585
-355225.159781
-347929.401912
-366929.537347
-364332.729938
-349249.30432
-363435.753768
-363257.86639
-357644.500912
-365390.992327
-349482.839298
-331557.213252
-362050.633777
-374930.678538
-349094.057994
-350235.982182
-366357.283765
-366068.646996
-371089.857569
-336094.821569
-346329.148087
-366956.499532
-353174.054129
-360980.565307
-359774.03403
-357905.595989
-350660.838956
-361330.644339
-351493.981117
-352764.20229
-370552.875979
-362272.434116
-355955.550625
-371023.774683
-337974.210685
-352856.054415
-352855.082488
-352002.880244
-354418.464666
-360512.22522
-353135.116456
-355489.914563
-353888.461742
-358809.677894
-361082.752512
-373810.490467
-354556.117427
-372009.360143
-356803.507851
-355850.947399
-373864.152863
-370257.521338
-366420.508887
-351109.98243
-357140.608028
-361325.231664
-363285.781762
-358304.789206
-349548.997271
-361241.858371
-365943.409441
-349137.515293
-369088.033352
-349169.859114
-352561.951
-366291.750248
-359471.893219
-364792.197837
-367981.674693
-356369.564163
-346670.949566
-358167.740377
-360014.85028
-363344.291955
-359885.567571
-350417.938765
-362225.121249
-358957.242868
-351450.907562
-358786.66046
-362053.407426
-357409.882212
-358688.00643
-354054.317632
-356311.016692
-361597.565034
-352483.365265
-343194.026872
-369570.642612
-349598.667338
-355020.69344
-346018.674454
-349769.455239
-352270.479571
-355538.292951
-337470.552099
-350236.9333
-362656.533044
-365420.21497
-345896.309681
-349927.429889
-368299.547165
-358821.817042
-340150.008271
-355532.737572
-355702.499562
-367794.01675
-349850.626046
-358749.507096
-359980.930575
-360479.782748
-355070.37154
-367099.83773
-332681.431348
-350682.424818
-367771.267483
-372095.951368
-364140.535734
-359656.583977
-359036.431851
-364796.386281
-370809.499676
-356524.613438
-364719.506673
-369264.065006
-364238.932892
-366816.729353
-359399.420806
-362002.127284
-363194.800013
-354932.178815
-355207.480783
-359656.419171
-361292.015242
-357445.897797
-358456.110417
-375152.338771
-361327.305942
-365180.810886
-360643.692852
-362829.586826
-363704.899471
-357604.362483
-354711.56025
-354038.866764
-333778.940602
-347069.307828
-362929.120135
-355703.026687
-352756.810073
-350481.789041
-359652.517588
-359838.151969
-356558.684558
-354585.95721
-334015.136154
-352584.517384
-368465.54549
-353604.771545
-348795.67157
-359419.177846
-364081.935884
-370611.669337
-368956.326927
-364588.8008
-356032.27137
-350028.163335
-351897.312164
-369215.622971
-353693.092589
-363557.277549
-359062.947872
-351626.642008
-354170.930252
-343571.884519
-360044.590769
-361763.512282
-359410.099178
-347576.535467
-357513.222971
-349162.402466
-354471.236674
-354876.333405
-331915.513862
-340700.593802
-343087.670271
-351031.559169
-346224.274136
-351176.253509
-358537.326299
-355346.314745
-352971.69166
-355574.061667
-348337.630617
-345572.068717
-351456.832048
-359210.917791
-367320.504565
-347822.859561
-363629.91857
-366045.458193
-356376.031893
-349735.514333
-349446.678427
-363260.765019
-353177.08298
-355048.449085
-344536.008842
-372086.788194
-353450.214934
-358587.945929
-358512.316668
-364206.770058
-357955.417612
-339803.083691
-350822.586062
-366427.608083
-333085.761505
-345272.578463
-360986.982339
-367123.614243
-360287.578076
-359135.923332
-354565.916404
-361018.963159
-359964.138641
-372386.600978
-356617.411116
-342858.938662
-362106.452186
-349453.015609
-346880.550402
-369372.309637
-355807.066312
-357368.214649
-355077.871258
-367337.722951
-359311.50104
-357694.018508
-353245.925021
-362002.134551
-354292.054643
-350192.548618
-348386.357383
-359993.391641
-351212.775687
-346619.538874
-351321.578862
-361805.294742
-356661.52024
-349027.179447
-351339.456586
-355598.936877
-364400.305968
-356362.759566
-348477.034882
-362494.689071
-363393.91917
-367213.339436
-356745.959641
-359305.11019
-368921.307064
-335640.45676
-352563.346882
-368204.799031
-333260.165732
-365946.445357
-354543.218819
-358884.041537
-355389.524684
-341439.101753
-369042.906231
-363224.485934
-358621.711621
-365136.049958
-361061.7915
-361807.39023
-356731.164302
-351872.998011
-361993.613176
-359764.70632
-339636.92282
-360863.97359
-344369.1773
-364935.51445
-360951.713648
-361889.112995
-358955.102895
-353854.648085
-369318.483077
-367394.909215
-365685.224543
-350820.364573
-356445.026535
-350932.139434
-346827.737168
-359648.143983
-360498.798626
-357380.367276
-351507.066559
-369884.550602
-351763.654516
-359442.689896
-360633.633009
-354486.319361
-353544.376014
-345918.810878
-360355.722765
-368912.642585
-374310.41311
-366765.093729
-357921.492082
-351572.316521
-360151.459751
-371625.965506
-349505.887992
-340894.030321
-365356.461339
-354444.892023
-359751.207066
-353112.954177
-357537.05603
-357119.857025
-347577.606767
-357003.115824
-353151.847996
-368039.539239
-354294.404587
-370566.853421
-363317.483781
-335428.603768
-360111.382333
-353801.720399
-368263.452618
-344189.53865
-346019.343807
-370500.592267
-344195.206488
-357958.94851
-358307.231684
-359803.114197
-358429.60643
-358477.483437
-351122.73991
-352651.968249
-364781.436854
-362270.954879
-357620.959768
-352823.145489
-357170.065455
-345925.600548
-360158.450032
-365565.425772
-362598.903518
-355403.199043
-337793.554278
-370015.468987
-356412.123121
-353140.009209
-359228.729172
-365560.707132
-362728.811503
-349677.276286
-363536.53481
-359410.538777
-359237.59541
-350384.27897
-366384.527852
-371401.411578
-344920.525975
-364504.315278
-366048.641603
-361157.659374
-370025.611335
-355736.671219
-352497.826996
-351666.706408
-359815.325682
-367952.325121
-355813.703589
-355529.311987
-359968.25971
-345042.392964
-370565.34112
-354965.817158
-339808.858109
-362943.573623
-360231.141674
-353237.103422
-343126.163044
-357509.382658
-356730.628944
-354763.171256
-360553.8208
-363861.447576
-372341.812332
-351702.470687
-366758.918702
-366293.48338
-356283.866329
-362656.800899
-361737.931373
-358591.573573
-362954.225389
-361099.32502
-356004.25735
-365066.278553
-371625.972909
-367991.810024
-365089.705234
-368636.31846
-347402.78994
-347635.603885
-361409.12726
-356228.871656
-348385.97849
-361897.374996
-361543.55402
-354109.268377
-364932.48531
-359474.537496
-366688.956973
-346744.295092
-348055.258827
-359643.682154
-357495.669746
-354957.45597
-340654.300525
-354822.836015
-372501.474799
-344328.877376
-354221.487625
-362824.507152
-361157.922937
-349055.911099
-370194.945559
-361767.596811
-333975.677765
-351849.772369
-352326.262124
-358948.984734
-344874.639778
-357883.814207
-347986.614941
-356859.593271
-354360.784973
-354993.629715
-351494.456302
-360781.022286
-344962.15059
-361730.239535
-358613.515004
-353765.242356
-365413.758586
-368066.439746
-352370.185429
-361568.227766
-348699.355647
-361150.369902
-353693.594387
-368517.507282
-362024.086964
-340981.456968
-345875.152076
-355697.764182
-361700.74705
-367648.061364
-357188.803602
-361911.878507
-350931.367296
-366743.539736
-344557.580279
-371093.454426
-357740.103214
-350319.879071
-371048.046298
-356008.241975
-359016.035862
-370979.938684
-364563.912744
-354698.666384
-364512.37676
-355010.259517
-363831.00552
-359241.79541
-361695.346513
-349476.191695
-357542.538349
-356806.923053
-359592.432003
-352693.982599
-341831.932365
-357848.076417
-366323.296901
-358357.728508
-364721.848751
-369360.094718
-357460.671657
-356690.821036
-360063.85088
-362652.894507
-364779.078055
-342372.807083
-356011.929119
-347877.302615
-341736.618514
-353878.345245
-361632.173122
-345646.737146
-363872.020812
-358839.194546
-346356.151561
-353539.916887
-355534.619204
-352709.094591
-375233.989122
-338438.727928
-367720.120569
-360821.258621
-359193.27294
-373880.840055
-361217.884685
-364871.209517
-354673.147264
-355675.68249
-358825.847709
-365225.020751
-374383.65068
-343204.113877
-364051.822849
-355456.923257
-364580.832753
-350812.529873
-359579.640273
-349689.351706
-359758.221026
-355428.690276
-357359.89707
-353333.818844
-360063.628323
-366754.278109
-356832.240664
-346299.844329
-344224.09647
-361932.169618
-368528.877492
-324391.74394
-358066.301179
-362246.008699
-345965.121656
-359580.010295
-347083.718145
-356903.394648
-366905.368182
-351343.723671
-358104.950139
-359679.494453
-364943.887833
-371696.985783
-361459.794424
-354182.221455
-353433.737014
-355290.432661
-366961.196313
-361222.967633
-350627.025659
-356223.419374
-366169.077542
-365397.41991
-371894.218669
-345719.830997
-361233.512737
-361072.618829
-358548.606425
-350741.253813
-362046.146723
-350724.307169
-345179.482941
-364137.709123
-360086.487867
-358688.165512
-358797.306808
-349392.907702
-368072.172755
-356983.147443
-352576.034975
-360990.345853
-344502.376092
-365779.616127
-366375.588458
-348694.04627
-354706.684665
-352990.439755
-373815.760863
-347175.566546
-346527.06607
-344040.558772
-348236.430971
-365571.650623
-347440.820662
-367735.314915
-353428.111946
-342384.025581
-356040.386767
-360434.123559
-357772.216014
-352443.167052
-356149.531537
-351907.042601
-356664.688929
-361589.033725
-362353.385385
-357974.664134
-361889.611046
-361489.109385
-350205.994114
-364421.032073
-352373.20821
-369850.358581
-364703.884451
-361044.305522
-343674.912771
-362226.187093
-367067.576038
-347181.897068
-364603.077621
-366256.019199
-365532.347923
-371671.992828
-353369.386471
-357932.687057
-346319.516511
-363922.402725
-365847.610722
-355861.935264
-359217.300806
-341599.983248
-355542.945268
-356326.742188
-368457.953959
-358938.377755
-361589.657424
-346836.313719
-336007.559965
-356680.564831
-352242.93169
-342137.277145
-342394.912465
-366231.370819
-356548.94072
-359238.997399
-358751.332706
-368956.332581
-361913.941811
-357597.07343
-364654.518848
-355722.197429
-357337.629121
-351228.953468
-358500.20683
-348667.321179
-358917.30794
-352828.769045
-348987.944587
-366571.42897
-352518.764071
-362477.844611
-353289.198479
-364829.455086
-353823.443812
-357864.716768
-353127.058867
-351444.864627
-366092.625696
-366905.238841
-365167.73222
-370694.723946
-358387.828608
-346717.254621
-365443.286404
-360025.601304
-368058.709692
-335412.744709
-353353.17826
-355431.30574
-350716.412714
-370151.808766
-348633.671202
-361195.673807
-364183.992071
-370571.659499
-349330.262193
-361417.731451
-373330.761242
-362891.004025
-363433.389472
-364864.396659
-363542.819468
-348988.602093
-362044.687591
-354611.774626
-373985.311102
-358531.62271
-339209.635736
-371088.112333
-364222.96151
-351921.460018
-361549.575001
-369484.972404
-357726.036269
-352731.703984
-361211.595392
-358374.374625
-358350.744952
-373288.164253
-353888.160884
-354398.655309
-355195.287574
-349298.629607
-361903.854446
-355540.003757
-371609.482782
-346580.322791
-357713.886343
-345283.7364
-348881.092476
-362701.406232
-346388.18282
-362491.10947
-363879.892025
-368025.147421
-367547.778497
-366814.495642
-357716.384901
-359477.020278
-365483.04177
-351680.707488
-369338.407861
-360821.291362
-361295.343635
-358962.621066
-364445.747811
-342197.557269
-344477.142634
-366450.499923
-360107.473537
-341395.338285
-346808.936302
-369019.943661
-360579.542237
-359206.408018
-368064.849242
-361465.525003
-348435.658005
-361366.645328
-359014.487251
-365460.024726
-354576.962221
-349277.420862
-359002.956444
-357266.840828
-339992.226006
-365825.98435
-368593.236595
-365630.896443
-356085.338874
-353051.36415
-361298.241389
-349375.861885
-346450.025167
-365505.060898
-341926.364672
-351184.132076
-326756.047287
-341752.015364
-356736.016462
-363942.766899
-357648.831216
-359700.164025
-364272.737987
-357922.512666
-365634.289337
-364661.138536
-357589.216489
-368853.361956
-335192.596414
-353740.491827
-356193.064841
-357881.513424
-359595.706128
-353256.890619
-379296.842321
-354156.841806
-340343.726888
-357940.70289
-351347.71666
-342386.91745
-345748.622623
-363116.096706
-362931.45031
-372974.220803
-362946.24598
-345481.072462
-348748.119129
-347122.756384
-351558.531924
-365426.893587
-358645.343478
-352287.792435
-349334.600907
-361880.283288
-334929.354724
-370086.673119
-347757.501353
-363628.579608
-365657.426252
-366879.111907
-348355.806197
-362315.377354
-340985.643369
-364570.608845
-358176.842408
-344475.828783
-370398.187097
-368449.403655
-362411.868719
-373323.754159
-351831.450027
-346555.546358
-352157.859609
-366655.677141
-357158.013296
-362369.967279
-358257.839743
-354472.228686
-363694.230083
-358883.235399
-366336.695141
-348481.920246
-352576.575055
-360819.361718
-355149.553271
-343410.82394
-353874.419061
-363519.941769
-349209.175618
-365191.571061
-347242.484923
-354096.176904
-372937.899741
-359249.177252
-369143.844348
-365110.157723
-369655.851328
-354883.247165
-342318.326566
-364430.924988
-361822.384811
-356779.578881
-386510.492178
-351482.501548
-362789.831828
-354251.640437
-353890.713566
-370488.42822
-351527.249572
-364851.115249
-354945.746339
-354890.708431
-354508.042709
-355088.768178
-356569.932451
-356455.589586
-354428.370041
-349525.927287
-352930.912029
-355125.024947
-358956.17581
-348168.751495
-352336.040999
-354985.925915
-362293.983105
-336725.677763
-359341.994022
-358941.704727
-347803.031104
-370554.340025
-359919.622738
-352187.684785
-362068.303793
-349733.526561
-362029.433051
-372224.864138
-350318.458957
-354956.266882
-361076.6887
-364268.308808
-357348.67675
-354873.629435
-363187.135074
-362465.357794
-341711.405079
-341012.527965
-356621.283678
-364491.897495
-346987.855613
-353627.395425
-354184.963669
-345850.499432
-352471.45555
-344724.235229
-375140.816622
-363584.774412
-361206.295844
-351569.318246
-368890.099573
-371546.30107
-364077.754719
-331394.47175
-361982.394683
-358035.062627
-374588.404537
-358658.44752
-354153.388427
-361257.010031
-361853.717482
-349441.818221
-357353.033457
-363225.431579
-346048.410745
-347909.204338
-350253.869458
-359148.244995
-354509.205113
-341571.048726
-349799.531923
-357413.375129
-359776.5592
-352259.391256
-350643.191864
-346857.054871
-349574.857094
-355683.333114
-368370.44699
-372002.250608
-324864.128315
-359094.317299
-351036.893874
-368630.544489
-358046.52619
-353730.133451
-353287.608629
-346189.061616
-367153.439315
-342919.396683
-343786.864893
-351646.847928
-359478.457808
-351468.323032
-358284.627145
-362534.069428
-363510.957126
-369078.667251
-342108.410895
-366860.940775
-349558.447509
-361300.715572
-354585.14481
-347244.109444
-353658.941331
-360144.923223
-372334.890766
-332847.100018
-359020.194725
-354703.842298
-349133.328842
-356460.724145
-372695.241209
-362844.72434
-360329.304849
-348079.124433
-364144.010391
-354964.04991
-363134.530578
-362449.419624
-346645.817029
-362931.78125
-359549.420743
-350388.025976
-356540.809091
-326905.640008
-341795.10431
-369829.268115
-368390.698982
-361678.988595
-351963.752793
-356381.511973
-359638.988277
-357424.708801
-352274.054286
-362543.28071
-373916.519171
-353150.493297
-357474.925876
-349791.217667
-343171.252769
-351872.546085
-360018.838846
-334859.951407
-361447.723016
-359698.020505
-348979.009837
-341578.960972
-352149.66074
-357688.919545
-349459.027394
-356983.860621
-361980.93484
-359725.049929
-350645.65379
-358547.799821
-367304.147837
-343405.776784
-359682.003342
-355266.610077
-330517.153354
-364719.72674
-373154.895766
-334575.920186
-363286.061726
-350333.866443
-365315.968534
-367261.446298
-356162.397707
-351047.823308
-357111.035134
-362056.681575
-345889.00004
-359646.670086
-352153.224937
-365664.025039
-355802.407933
-345645.051132
-355557.149455
-338784.911715
-353050.111086
-365529.879147
-364045.869782
-359679.882975
-358185.09778
-353967.126809
-353550.989422
-345832.68475
-364717.465408
-362957.513319
-352477.576993
-357046.547656
-358555.706986
-347064.964987
-344483.103726
-359572.509413
-364460.477449
-338153.918407
-361085.124344
-346854.913803
-355028.932718
-370483.597985
-342196.766972
-343002.222971
-363820.058147
-351341.560775
-363715.204901
-360591.750034
-360522.855728
-349967.692127
-348242.47512
-360132.466013
-354442.816725
-353855.750998
-357592.499647
-361085.919434
-355773.503871
-366172.435127
-348765.819661
-366164.881881
-339302.86671
-365943.134547
-355944.796527
-366363.009718
-359043.8813
-348204.847906
-368167.10978
-352544.996718
-341803.678651
-353945.615221
-352423.114982
-356927.83863
-364367.673509
-374807.480248
-356152.78885
-363998.044121
-346158.49616
-348402.530475
-365716.702971
-347848.477009
-355188.763245
-370681.667135
-359842.98315
-370428.836214
-344820.285381
-352775.445355
-356430.371953
-361087.350719
-360150.03973
-353627.354221
-352205.894643
-351839.037441
-363173.01349
-342525.608783
-367792.903925
-348142.040233
-373183.84982
-347134.598269
-360796.269916
-354891.633393
-347759.836762
-362206.994266
-341234.577306
-365040.629138
-361074.608946
-354790.905261
-365735.346304
-356239.911901
-369113.848366
-352587.311784
-352780.429357
-360173.989706
-354585.053859
-360150.645949
-354082.971042
-342072.028156
-352014.735388
-351639.388943
-352813.274113
-348477.398497
-328478.725877
-361724.259247
-350729.576211
-353218.322166
-352282.481707
-355341.92888
-364192.998239
-362001.394506
-356948.408328
-343675.580965
-359534.632501
-354404.940729
-355143.236451
-356203.260741
-350278.397711
-365404.118749
-365323.353984
-334690.244553
-356490.354653
-345977.194541
-337120.438355
-350089.189489
-357654.431878
-361212.495515
-357212.892321
-355325.331841
-352863.149061
-349117.723225
-344316.135816
-353598.5311
-354224.650454
-358172.536869
-332528.083947
-357982.853961
-366226.97711
-346752.601507
-359142.421421
-346890.758369
-373676.631804
-349964.317788
-347387.975639
-349798.835053
-366561.875273
-354323.696934
-363996.310469
-350268.007961
-346306.64516
-341161.754127
-361901.474654
-347530.92533
-335507.474609
-368735.413199
-365862.396593
-359079.69389
-375530.476721
-362241.986129
-357219.924697
-350049.798039
-355401.012272
-361159.498193
-362659.434221
-342953.26251
-352665.319695
-369707.055185
-352278.031766
-341718.181804
-350258.711457
-356991.243206
-352105.892918
-357137.370543
-350912.566763
-349618.044547
-359208.130008
-361886.350819
-361604.239454
-360743.946051
-362777.681009
-335195.105297
-352217.107712
-362321.209063
-368068.941683
-358444.879828
-345834.812799
-346255.044949
-364404.913356
-346816.934754
-368220.707403
-346473.716743
-348100.273758
-349828.841976
-359231.272668
-368566.031976
-367348.1002
-367650.812639
-368603.853305
-361187.635714
-340423.139155
-343542.842013
-350235.452247
-349317.529072
-346932.857764
-360356.205052
-362518.052739
-362462.702697
-349491.247392
-369838.371886
-353950.282364
-350117.585158
-360720.24695
-338103.382555
-350760.515318
-363487.0369
-362534.549162
-362323.447754
-353818.089921
-356318.406069
-349971.615084
-347687.641728
-350168.415896
-355687.890724
-346512.406924
-374072.52196
-352690.907545
-357914.320922
-358920.687011
-354067.792819
-363258.268257
-366805.200261
-373786.77515
-352514.700351
-348907.135141
-345958.202313
-370560.235774
-349171.711233
-365104.238167
-357540.074071
-365181.81978
-363459.843663
-342240.483193
-353982.519401
-346652.324083
-344152.770733
-365775.906353
-360089.246912
-355908.56395
-351060.576591
-355878.768752
-369835.61905
-360078.784028
-352754.691314
-351719.154073
-372423.443242
-357673.783994
-353900.997912
-373677.294013
-356889.63286
-359611.231345
-359243.110025
-357963.622005
-354421.823658
-349449.521346
-348269.710447
-342944.142015
-364684.694149
-354632.033097
-347373.392867
-350625.222805
-354171.832049
-356983.129974
-346811.40147
-356980.709162
-360898.867415
-364148.812168
-364946.874498
-367344.339175
-352633.938453
-363362.426286
-363074.321308
-361667.853141
-353002.496932
-374371.881622
-369944.602874
-366925.65027
-342110.23915
-349542.390783
-344994.505588
-334258.441326
-368163.701663
-354006.995782
-351001.907615
-355624.669791
-354699.02407
-351482.390208
-351828.687119
-351069.904567
-342894.689218
-354533.403616
-342993.058258
-348735.16897
-360390.681341
-354677.007654
-360365.518238
-365765.053367
-366697.456841
-355958.514169
-353390.072631
-360461.96877
-337909.822223
-349028.010114
-366441.729309
-349562.36346
-362852.122972
-354305.823436
-352283.550547
-365252.152383
-363826.241763
-362235.78647
-354527.750495
-353636.631503
-351546.511841
-346975.987237
-350205.999878
-356465.047089
-358411.459727
-366362.454587
-354557.018455
-366318.994422
-358790.277918
-376393.947801
-352922.135504
-343546.525713
-348730.966416
-373556.251734
-359344.673719
-354019.650389
-357395.490383
-348779.68282
-353905.509671
-361760.045671
-353732.810553
-357724.966327
-349356.884544
-359699.37701
-363815.562303
-347134.821408
-367666.955589
-359755.058667
-367286.556649
-366468.818843
-324166.344219
-361587.107434
-350922.995521
-354412.334838
-354917.162617
-360378.203436
-349521.646545
-356947.61856
-343297.372793
-355501.271087
-348424.300073
-367737.399585
-358721.920116
-365032.46397
-361807.210339
-341362.545936
-340199.55156
-356701.619132
-357748.59151
-376956.39721
-371793.838461
-345332.008649
-357499.715207
-353761.513108
-357535.416183
-357907.931753
-351020.228179
-360746.4541
-352185.036109
-358080.43596
-352405.985872
-361753.812549
-368236.04543
-357415.987077
-348833.546069
-362647.869436
-359649.143015
-358273.493277
-369262.207323
-363949.488936
-353905.082884
-350191.563889
-369624.180794
-349513.275895
-352395.856959
-365580.713271
-357981.949973
-351381.064381
-333584.270196
-347019.503805
-355398.303197
-345828.698677
-373129.167732
-367016.610486
-363524.407299
-340799.860269
-333318.559415
-358484.741879
-361335.064166
-364320.008462
-357146.347396
-349899.391013
-348842.954053
-356917.988647
-351994.827883
-353084.758125
-363636.548206
-367976.351854
-365638.570379
-350291.710292
-365075.539708
-353383.05917
-364040.032861
-352816.562474
-360992.33993
-376042.31951
-352574.83504
-358028.14464
-356222.943394
-358194.926116
-362384.454416
-360120.104619
-358121.30893
-360682.033716
-369245.384872
-351288.424724
-344529.163224
-349408.10576
-359876.107807
-350821.93993
-362450.374599
-359748.50052
-370957.423146
-358717.819069
-359848.882175
-356870.202099
-354551.00607
-348133.813877
-353824.32226
-352696.416268
-368730.583117
-359713.839262
-357941.156696
-359800.571372
-362492.541672
-354780.924354
-350216.545941
-347475.175933
-350902.144952
-348152.317544
-369065.085189
-354274.840647
-364790.748295
-338743.182974
-364370.930688
-355487.938512
-350577.367317
-341791.01125
-361375.260716
-360857.680599
-372561.697986
-352830.809358
-360697.745824
-364065.041448
-361406.706606
-346140.422091
-353592.931477
-356318.763641
-335286.906059
-359084.576996
-355069.962985
-338206.689447
-336411.911318
-347082.505742
-360698.265789
-356993.238973
-347839.421763
-350744.077212
-370011.547533
-357601.365903
-351291.627639
-335877.507649
-362064.706302
-369550.988163
-353635.652727
-360362.661494
-360744.001607
-348213.177832
-351760.565859
-359282.838504
-342427.479716
-350478.081494
-362294.975119
-357519.439606
-357543.140038
-346156.421923
-344893.526239
-359411.164415
-369310.488201
-353955.579368
-354350.642635
-346310.33047
-363727.262025
-342364.514199
-357086.037389
-364890.248767
-365667.663416
-367633.961956
-353036.454158
-362027.494998
-346168.944289
-348953.963738
-363272.03946
-355588.933694
-366086.08532
-363301.12075
-350992.835279
-360828.124326
-366192.251609
-356227.28894
-349828.285533
-347373.207367
-354688.655192
-355486.726024
-359780.926143
-359926.2866
-343602.647051
-340671.232486
-365677.680257
-339115.837643
-354973.209117
-355118.276905
-364230.92922
-342425.221327
-359576.808867
-357652.400535
-356199.230676
-349899.786589
-356811.249152
-366933.984496
-346297.479062
-350417.104215
-349581.581897
-362695.288498
-336934.25507
-373085.858729
-354456.765233
-369962.288369
-344786.219109
-357435.628972
-351723.433963
-351149.45177
-337608.397625
-358698.479725
-363427.795871
-345876.060871
-360685.854293
-360281.37872
-364829.710033
-353230.296731
-366370.607633
-340158.380518
-356698.714141
-337199.068917
-351589.525562
-359636.827895
-348774.523736
-354972.930684
-353609.233051
-351453.239146
-367097.757053
-352524.477828
-347831.667566
-361494.548449
-357201.839131
-358001.265092
-338291.196432
-370485.672436
-337947.385933
-365337.937837
-359020.931469
-343899.879871
-357295.124928
-355085.688085
-365446.381327
-360871.874275
-355063.576077
-360400.5744
-356959.668088
-347402.742744
-353010.526656
-372694.139469
-353602.455288
-367741.072963
-363751.417602
-368226.512151
-342150.382846
-360988.702598
-365037.823175
-360384.969731
-349501.400555
-351282.637688
-359496.372293
-353315.608859
-374368.357861
-345705.587872
-354331.416023
-370371.3035
-369435.842559
-346701.203089
-355686.743604
-359980.302434
-344772.709937
-350761.414258
-359226.85593
-357324.764541
-354034.120085
-355208.14104
-348160.501356
-346916.878568
-351288.537619
-360835.502568
-354559.538333
-366590.825887
-368474.100356
-348852.951564
-353791.243624
-348876.605824
-361355.132965
-339915.870909
-360542.586285
-353552.233496
-344634.668923
-358586.871996
-349984.983301
-353532.553689
-360200.784208
-362773.631571
-368589.128638
-350818.128217
-346877.664773
-341293.085902
-354972.535942
-359554.861239
-349587.166924
-356078.934873
-356835.342861
-359968.575296
-364895.989399
-349684.900164
-355451.061547
-343835.721339
-354326.991165
-357303.140824
-369258.409705
-357953.651004
-358884.791548
-357509.460195
-367082.739979
-360816.033399
-345728.492332
-354171.038782
-357513.20517
-360018.249735
-364321.95788
-348521.879104
-358881.058883
-367556.804825
-349193.693221
-361552.648732
-364012.254632
-351718.60198
-359141.650109
-341168.380322
-358127.607102
-357653.628643
-364951.045775
-359705.99026
-362838.186823
-362005.315339
-345181.448889
-358058.882508
-353110.58431
-361400.662063
-351749.029251
-357927.418359
-361896.632248
-361816.732363
-345913.954161
-359563.121042
-370193.635483
-352778.605208
-350595.5529
-355881.25681
-363890.079182
-337870.095648
-356078.654626
-359833.615013
-355893.115891
-365389.387149
-357224.692206
-360072.517299
-350116.639466
-368825.397955
-357699.112119
-363981.920062
-372548.124176
-347938.929297
-355754.210942
-358222.988948
-359844.519198
-338268.796475
-358628.471374
-367768.640427
-355465.686444
-343235.28557
-354294.383004
-368457.30593
-365753.809756
-354300.400839
-365706.215755
-370193.700042
-358730.594955
-360569.576386
-371997.645101
-355108.544062
-355314.556612
-342528.024903
-347119.896553
-356244.375011
-349422.11147
-356363.11434
-351207.741394
-353291.163606
-345351.73838
-349313.883845
-345027.652984
-368786.409722
-364505.352129
-370702.81511
-347266.617476
-356475.496109
-336198.582295
-349773.43163
-357667.323898
-354194.721575
-361583.905837
-349809.21595
-355343.514446
-367818.612521
-355504.056576
-366134.133904
-347897.61162
-341952.22099
-366523.751067
-358328.405675
-348397.57263
-369361.414123
-351648.345584
-367230.536614
-364110.109896
-357690.998388
-359807.409462
-363675.837712
-375270.976876
-364499.674877
-342147.108035
-375518.956408
-358025.277668
-359121.073594
-358392.338364
-360630.546562
-349855.95822
-359980.179987
-369684.945593
-354670.994659
-352618.382298
-350063.628049
-359509.086319
-360266.684362
-360625.801932
-367251.445424
-363387.277436
-335259.580829
-365080.335484
-365309.631003
-365986.264254
-361569.411573
-365442.756377
-356714.904784
-352232.237124
-354192.733301
-361203.915795
-358357.969844
-367913.738127
-352072.175785
-358747.739085
-354152.569993
-356290.80607
-354321.947681
-364043.72295
-351654.634794
-360167.818132
-359532.243736
-349456.242095
-359435.861754
-359064.739117
-372043.460133
-352527.144124
-358909.044081
-351774.864824
-349991.857554
-349879.519835
-352338.350657
-357530.275144
-359436.467021
-339952.543363
-362278.538961
-368845.624231
-343362.904027
-343492.108879
-345976.721235
-345654.109156
-369062.1002
-357522.474522
-358463.683193
-377309.911503
-358786.925863
-330938.808363
-354349.964875
-353551.722671
-360115.897456
-356475.648594
-369169.450217
-355256.381175
-360150.057787
-346503.804923
-361367.368292
-366303.223146
-371468.12924
-371440.682023
-359399.19218
-369181.565726
-354729.633381
-353623.248143
-365352.87096
-347610.974803
-368357.584238
-359272.518762
-365352.182214
-353018.638753
-367002.038793
-353838.41226
-343748.03295
-357966.040753
-362349.808067
-360431.059071
-356959.096779
-362951.173651
-373469.8473
-357488.190725
-349229.231799
-360843.954487
-360108.036937
-342808.466559
-348051.712973
-359195.699404
-351270.567851
-363565.377324
-359932.935584
-360207.229627
-351428.354477
-351574.403953
-359167.123996
-354856.96512
-368059.392292
-350265.1314
-343114.445842
-357059.160656
-365921.130021
-346430.11849
-345969.911923
-344863.112239
-366677.844778
-358142.170988
-368274.335143
-375013.213261
-345646.453086
-349397.563245
-358743.917024
-347615.299982
-343262.887543
-348597.500767
-356743.236575
-346025.419683
-365690.119233
-355847.024379
-359099.314014
-351316.188751
-354175.593768
-356759.880001
-352198.892031
-352172.181268
-349671.489336
-357182.451961
-364501.390892
-363835.182532
-357108.99907
-346606.16462
-357359.379617
-371311.121213
-338837.14354
-351467.525777
-365743.683342
-362790.801867
-359705.815826
-339266.138712
-351876.364915
-365769.545545
-360734.692842
-347465.141979
-358579.997796
-363935.811455
-357563.724886
-353111.983683
-349401.591819
-339219.823532
-352464.532037
-348826.68018
-356952.88987
-365027.623828
-357921.336211
-357800.934887
-368349.603792
-356400.800217
-364831.154927
-367753.760111
-354588.826048
-368889.443241
-366488.806631
-364530.448396
-353799.088246
-351423.302658
-346369.051492
-350188.641562
-350255.370458
-365171.472854
-346851.95047
-363313.814171
-364990.481281
-349125.686657
-352215.104929
-347720.262853
-360742.758605
-360213.342191
-352985.503508
-356214.366598
-357774.541487
-350536.035692
-363780.901847
-346350.566701
-356070.323487
-352304.855422
-350050.519918
-366531.053855
-362210.5526
-363064.384185
-364847.346268
-333513.443266
-357575.136419
-367754.107211
-346064.511114
-343611.340889
-339521.890999
-353268.565976
-352276.136215
-363820.263998
-337950.952214
-346380.439844
-359706.636977
-344860.703147
-349686.316322
-358043.084596
-352661.270958
-357971.556304
-357857.609519
-359874.495353
-375271.917081
-360185.244252
-353282.069704
-346038.023878
-363552.49328
-343279.798321
-368421.523106
-358704.272011
-349235.577971
-352182.238879
-351253.847695
-365051.575908
-362007.93274
-336530.18478
-360497.380333
-369874.346707
-360962.829858
-365521.895199
-342298.772893
-339069.01257
-357857.79157
-346375.292221
-351669.996382
-347299.231353
-351656.823249
-352441.947779
-357760.319027
-352454.298983
-352113.68171
-348858.116384
-363880.548076
-359286.229207
-366338.240465
-362642.053655
-364602.866406
-348836.67128
-352472.757729
-357215.642923
-365427.686099
-369401.146089
-358571.988256
-354249.800657
-367850.485618
-361284.221416
-367653.558745
-361871.34718
-338729.354204
-366763.84638
-343314.194091
-353999.721971
-326840.384211
-333800.571814
-356556.301322
-355268.068484
-364408.328342
-364051.859041
-346721.164186
-374811.962333
-363328.600145
-365529.003563
-357042.614484
-347375.972785
-347121.597995
-344995.954878
-359887.906414
-350655.769916
-378537.204486
-359184.487585
-365285.866765
-345736.981881
-346194.293369
-345837.159422
-357357.895817
-354740.204493
-335548.664384
-350972.986085
-343730.004681
-354089.425121
-358594.653697
-365054.861623
-369650.783586
-349501.98903
-362248.072935
-351207.446946
-352026.459748
-360851.783669
-345728.526462
-346355.652312
-362248.088651
-338107.34662
-353205.486156
-356586.072152
-359100.493165
-349003.897769
-357965.429384
-362740.100788
-366176.846767
-365972.367239
-361603.701418
-359365.966123
-355068.683737
-354715.896708
-357944.280437
-371620.206137
-352500.425231
-368282.502352
-359336.222993
-369050.870818
-347005.491911
-344127.226383
-361394.878845
-349635.675092
-356487.232961
-359494.404593
-353189.681916
-361989.969536
-351471.963916
-347841.572776
-361438.016183
-341782.904673
-358750.970219
-356661.325727
-376408.20018
-359518.84291
-352367.100761
-356072.483364
-364457.79878
-358538.775349
-363952.012864
-337851.289988
-371010.588407
-347030.46354
-366273.740555
-348757.25978
-357943.870643
-353940.227091
-368174.432491
-338442.780431
-347730.357715
-368265.430746
-359774.071907
-354472.878126
-359026.189998
-356583.557719
-344550.478464
-357995.563946
-346829.880368
-358945.595275
-341426.841788
-336151.04138
-353952.811863
-363923.867457
-368808.501524
-360929.299749
-375864.153614
-348450.982056
-356754.841621
-356135.872899
-357716.072504
-359153.110186
-358292.519744
-349106.297692
-353849.292457
-353829.099375
-365211.335013
-358840.354294
-366625.407333
-333799.890595
-355091.127437
-345822.782168
-352375.132312
-364790.762389
-354102.250074
-362846.211931
-370519.256189
-358748.214396
-356574.471948
-361792.900439
-362968.391536
-346879.628805
-351240.282413
-335415.702108
-365848.13072
-347625.932559
-360295.30942
-365953.488947
-363633.353075
-367320.393495
-352629.879722
-359212.942971
-345648.471796
-361932.517918
-358511.325812
-359791.462626
-358699.974725
-349613.323004
-354088.253968
-363352.200985
-363228.88076
-352209.345749
-368054.855149
-368000.359236
-357822.712554
-349291.646774
-344333.768758
-359006.602122
-352609.990554
-351657.041051
-371235.579738
-356323.789824
-354271.925718
-350201.642993
-363614.009267
-343788.228739
-357468.038889
-356321.448756
-365888.517855
-358143.538965
-356753.952536
-376103.936901
-355408.373478
-358837.454443
-365102.150459
-357038.050955
-348692.262994
-351993.164036
-346626.692607
-363922.089349
-359276.43371
-363794.620128
-355103.989834
-360356.088844
-364446.246339
-342692.207726
-362606.24767
-352190.999541
-363821.692211
-354559.174155
-362932.331211
-361638.583592
-353368.106813
-357194.288469
-348351.355525
-362961.106901
-344513.825205
-346075.280955
-371373.987579
-350535.254298
-363112.204851
-360090.903249
-354987.129541
-341624.851042
-356063.204448
-374073.120449
-342162.618442
-365709.836205
-362317.993041
-356846.020368
-347830.654129
-370171.395709
-352619.999292
-354076.690385
-361926.310875
-353632.392229
-346866.027678
-359522.247293
-375498.673278
-353734.206555
-340659.20585
-349795.158006
-344404.653504
-358628.102448
-343494.501272
-362958.194102
-359401.069384
-355222.552575
-368783.793191
-356737.291734
-351491.064126
-345465.575861
-352872.833735
-346334.909534
-373132.533414
-354469.263931
-353825.353046
-363562.804487
-353116.827437
-368337.683295
-345568.648385
-341935.890004
-358256.976951
-379365.669446
-348472.988786
-361397.404992
-350637.259271
-348378.082464
-364018.077098
-359381.720724
-346611.947693
-352340.63187
-346101.787973
-334192.041385
-367300.239816
-358183.935268
-351039.870182
-362885.023674
-357818.262819
-345998.012917
-358794.416968
-350850.913971
-353678.889672
-352676.542137
-361789.451971
-362033.852336
-377360.871554
-351659.767005
-367281.380097
-348427.952998
-354183.222748
-367927.836684
-344477.07196
-355687.0467
-363515.61788
-362368.38121
-355485.448517
-353782.356506
-362555.419772
-365859.802143
-373035.768789
-336921.206359
-344034.764956
-361439.856557
-373918.823574
-350421.368884
-353951.725356
-355106.956892
-359990.092083
-363025.607679
-360790.438853
-356926.873963
-355576.178841
-348244.937366
-353019.395157
-369156.881206
-362026.513089
-349641.881183
-351174.755629
-356014.241642
-352203.561319
-360747.839119
-351291.254576
-360650.494029
-366676.32032
-364405.142228
-342589.903581
-365148.692663
-354344.093134
-349709.906447
-356538.887631
-355452.742014
-363492.377785
-355922.368013
-359137.297149
-352161.115382
-359626.327522
-346671.101217
-345724.778272
-367770.907111
-346876.021478
-339215.577181
-367838.994588
-352146.696576
-370920.105356
-346292.777109
-352863.438733
-352625.648497
-364714.150388
-352155.311474
-359616.358442
-365717.699918
-356218.42231
-351158.135068
-347946.441929
-356992.909223
-342166.080248
-359467.747501
-352777.503457
-355208.56997
-361145.005399
-356438.60252
-343438.42694
-351001.937302
-358439.67577
-343054.338845
-345475.491328
-363255.998574
-362617.885817
-339622.974692
-369847.575736
-356359.061298
-349850.24638
-366150.469908
-376419.289008
-353304.913446
-345201.411022
-347648.440201
-355985.1808
-358535.199319
-367187.291656
-358718.891262
-348799.181717
-349284.194331
-353264.375405
-337828.03588
-365780.139611
-356923.993908
-369365.688563
-358729.237874
-361605.988879
-356658.671047
-347704.284155
-336835.778869
-353747.385442
-325163.372588
-365793.760367
-347509.938573
-362243.406272
-356292.643085
-359938.241394
-352961.782292
-367969.938381
-364913.186741
-355186.001587
-340577.680224
-349549.294892
-357245.381013
-367907.258776
-350364.190371
-339835.304839
-343392.47366
-351855.64015
-374735.885745
-366198.45827
-356297.251688
-355046.212509
-341656.772903
-343046.550371
-353021.278093
-359492.132215
-344051.362675
-368954.094058
-363806.453865
-367836.791933
-360576.158146
-354212.438307
-363382.447748
-353894.69895
-361370.562882
-353332.015566
-350230.072624
-359024.221641
-349293.200067
-358990.857185
-356810.424849
-376542.242591
-353666.47415
-361793.553611
-368089.239093
-357227.065065
-350676.828599
-373632.989239
-358896.826306
-366682.314477
-347622.659571
-359721.251181
-351252.237736
-368802.016517
-347103.899867
-356369.25726
-374814.121691
-348965.747899
-352740.523129
-358664.291932
-357545.528956
-361420.588167
-354678.780059
-367021.865221
-354269.682264
-358762.505767
-334914.88155
-360994.560723
-359869.323159
-358500.616961
-353726.203405
-353656.737452
-351899.059201
-360967.764723
-357274.399964
-353978.19809
-363057.371047
-345639.868206
-357234.768116
-346767.527456
-340776.952504
-367263.419378
-361033.527282
-368695.549736
-368502.326867
-349302.316115
-350543.952196
-369802.861897
-350591.007886
-364065.242778
-349234.241312
-353503.218689
-342579.799758
-367067.88917
-363099.81009
-351437.118784
-363037.949685
-353007.882674
-339271.279009
-360587.052732
-354806.585141
-361605.071597
