-564023.679338
-551828.616544
-489663.756143
-599782.785138
-569736.886867
-622750.780594
-609897.269274
-563790.191642
-528133.61678
-604838.136126
-602551.951264
-625501.188899
-604156.956524
-575031.884988
-559900.28369
-588959.638269
-558468.381539
-526085.507715
-546796.267218
-521285.066417
-654665.942893
-722200.039399
-719767.303609
-704952.090771
-644244.580708
-719595.106041
-694051.843804
-631207.474904
-699239.207095
-637282.18403
-653844.90615
-670924.1261
-691299.293841
-676030.784582
-698717.183679
-690571.89159
-661788.63977
-675230.683475
-634654.37053
-694146.923888
-674029.202835
-748935.220178
-721700.652895
-699277.633111
-733195.445198
-736184.679677
-714694.070031
-695088.75167
-714052.589611
-704726.711848
-699480.17433
-704092.835595
-715386.34782
-713321.135721
-749418.941992
-725034.10057
-705533.331546
-649538.084966
-709458.967727
-719767.264457
-717216.057706
-736669.497991
-694375.585581
-708120.538677
-735282.43525
-713701.271792
-716955.180679
-713514.272937
-709648.427463
-722859.234397
-700169.82404
-730879.198862
-731988.576905
-708858.388222
-727867.118479
-709874.239997
-744173.209499
-687391.628995
-709021.513394
-717886.139596
-759319.551006
-719905.079779
-734088.620004
-740980.576611
-750086.634812
-731930.172627
-709612.260989
-731026.186975
-733697.691944
-731461.684923
-733914.278878
-723235.894668
-743049.945287
-737180.346302
-717511.489157
-734989.248675
-740918.002355
-705466.922174
-736012.592272
-712631.140894
-743850.404971
-708110.695522
-754960.043966
-728133.099405
-736100.173712
-742925.442198
-728966.092652
-737179.171663
-732154.005415
-752964.741295
-748233.119902
-726877.313866
-745402.530655
-729826.855246
-707480.350397
-735475.5008
-730249.666363
-730644.610999
-734509.389468
-702001.092858
-745031.293472
-734872.847847
-723929.677456
-727608.615098
-734221.719015
-715526.509188
-725304.030553
-717382.163227
-738206.983517
-727543.20259
-716444.434244
-728962.882593
-760366.645872
-721192.816689
-770786.330256
-751876.783331
-711821.863776
-756103.114424
-735400.296775
-743703.835983
-727734.22048
-742099.428467
-720485.679921
-720638.625678
-750777.867622
-736197.991594
-711316.773045
-741374.905319
-717105.729152
-734860.796986
-725022.241304
-729656.380519
-732534.156903
-724738.415831
-740335.281776
-747704.855993
-712340.166542
-734789.147368
-735201.479047
-727341.332871
-748711.929375
-715516.343296
-727095.509313
-728889.836334
-750857.08366
-733373.740497
-727050.126051
-741745.384171
-747378.79432
-713874.173325
-729180.190083
-724148.243832
-732755.231717
-711625.427736
-741501.931328
-732995.495031
-687671.281146
-730238.017533
-748515.187234
-739635.614014
-738162.222474
-737259.097764
-743038.55973
-736599.91496
-720577.156394
-734318.721316
-721459.469675
-731718.672046
-719748.819631
-722932.22661
-735457.288113
-754226.712097
-733908.966142
-726669.007295
-695314.384928
-726475.180597
-750005.007007
-741292.944027
-722911.731936
-728510.837242
-743233.557192
-731057.097111
-739964.54426
-733953.134473
-711960.911481
-718172.663526
-738177.892898
-730074.992143
-720922.471287
-737756.928417
-704226.377699
-767539.706089
-760099.666481
-732640.347262
-718435.587148
-737252.413199
-705040.229606
-719369.964726
-735378.857889
-721133.517928
-759758.212555
-738597.610873
-726320.725512
-743142.397594
-735511.585093
-707013.036189
-739703.117228
-716584.935478
-712881.801868
-746657.054927
-708258.749498
-726488.902868
-727461.447167
-733294.872021
-746794.517736
-755790.927398
-716459.852136
-729974.601694
-751506.675889
-716997.946413
-722011.204681
-726356.431484
-742807.692926
-746332.30501
-737420.135624
-728599.134552
-727344.532189
-721484.740747
-734293.437065
-720549.446645
-728174.222048
-734416.39388
-749870.108651
-737582.218275
-734496.763063
-737114.110664
-722134.265187
-734745.720435
-716045.005129
-724787.542466
-742828.899706
-746127.153304
-738772.217456
-751250.905417
-736814.753205
-753617.267312
-741368.389462
-744134.38536
-731066.911947
-728365.214414
-734958.451735
-725615.343799
-750722.290366
-734850.617768
-742560.920081
-737117.714468
-729172.454458
-723602.955752
-707613.565401
-691415.588855
-724264.45359
-748060.825554
-716137.239787
-711987.246552
-718961.902229
-722292.412657
-721871.973775
-713283.875688
-729530.65666
-696310.601211
-749695.320551
-740815.094877
-737058.868112
-744642.145193
-722050.653723
-733536.872628
-729566.953803
-750163.706145
-711101.077938
-749740.443016
-704430.025661
-733234.801344
-715388.731574
-724742.233071
-715012.271805
-717624.020472
-737662.931059
-745173.89202
-730227.318827
-725326.57272
-693278.011858
-761585.898058
-731180.085567
-725147.898403
-715126.666466
-718365.243376
-730204.346606
-740743.47107
-747075.554603
-696848.099216
-730783.198617
-742945.375542
-717359.052177
-753070.545008
-742714.628973
-728379.993463
-735019.066908
-744537.718312
-738027.76507
-715287.354668
-738518.875703
-726679.06122
-727472.694635
-740365.283749
-730154.714852
-708437.920567
-718700.730288
-729190.225729
-726849.561193
-711811.474995
-734595.274263
-749461.835738
-736162.792527
-724421.995725
-725156.10249
-692368.113166
-716802.674653
-739875.260335
-750281.914533
-688622.038941
-748057.700125
-760909.309811
-716402.041219
-716619.606375
-714414.244186
-714045.036921
-718125.346438
-712017.954456
-739454.891258
-736172.986231
-735048.07722
-757657.613593
-719238.623899
-710908.468313
-733069.889679
-742449.015285
-738463.796881
-732252.109174
-724777.630044
-735363.196597
-722555.050983
-717733.635981
-720583.916365
-740494.660903
-744589.006391
-745089.854436
-725618.276778
-737052.373559
-743516.687521
-726399.231912
-739819.312474
-724090.655057
-733466.580165
-769887.624743
-734009.778263
-708762.79961
-713155.446206
-732122.56077
-735396.330969
-714594.975647
-727039.341438
-735135.805128
-744271.861629
-728352.826578
-722745.209056
-707635.967499
-735026.777924
-723380.772449
-732904.612728
-739675.644329
-744752.691517
-729154.05429
-737534.649761
-724607.382426
-742856.708859
-711369.034212
-733290.91539
-742465.815958
-747142.305838
-727225.871635
-723815.412304
-773999.729522
-721084.284631
-725840.102141
-752059.709143
-740861.396695
-749421.307195
-756112.328467
-724966.380239
-744185.041167
-729953.41974
-697387.259799
-751774.397218
-720959.678055
-722574.544349
-752825.998776
-741494.243458
-718553.596384
-701149.748726
-704901.901023
-730358.785302
-741048.925005
-708045.3395
-731036.992131
-720247.077422
-737909.617771
-763066.255066
-716469.59143
-744550.992895
-735729.725972
-739746.919051
-727674.112769
-725866.937944
-740749.211211
-733897.79187
-715565.507325
-719930.537713
-714862.776995
-721439.67503
-737120.050327
-725141.092642
-728164.089464
-736252.530448
-712635.274887
-732253.255252
-752664.352352
-730736.660234
-754413.021235
-730492.212683
-720337.419977
-753826.296032
-744335.391723
-738281.78774
-708259.093735
-706188.773211
-732076.285505
-729499.13403
-724699.836312
-747817.045043
-734756.262457
-707347.045699
-722717.116209
-721392.127925
-716005.449519
-714375.973376
-729072.33437
-743782.267004
-730400.968305
-712923.177505
-724842.627992
-739961.468212
-745912.635542
-717188.294396
-706194.93163
-714448.697585
-691382.178412
-733477.976933
-727452.306043
-722533.387235
-714139.805561
-724888.873524
-740061.629987
-739981.996258
-731329.327818
-721488.163359
-730423.516565
-729586.208032
-740628.707351
-696068.917726
-731049.564311
-709388.360071
-730056.385297
-724976.113832
-723419.333651
-698497.513301
-719253.877973
-704585.251366
-720023.85629
-725203.989678
-713306.49607
-729145.248577
-746251.556565
-750495.268474
-725576.409229
-735614.293708
-720076.883562
-742540.784039
-705652.355823
-722836.675811
-744593.870726
-709725.568132
-708240.075148
-765958.646293
-729543.39384
-711170.848654
-726386.569981
-727129.294449
-735633.699851
-733734.066198
-732905.951289
-733144.272997
-717052.869565
-720661.656445
-725829.333495
-739233.623656
-729530.419913
-747920.59561
-742094.13907
-734678.79338
-728604.007166
-743740.7781
-738201.10646
-740241.393785
-732646.206906
-680931.107497
-711474.847164
-728538.094128
-729841.55261
-721234.714831
-749155.590916
-730239.791751
-751237.021879
-716343.801337
-701689.702819
-714264.244714
-740288.509339
-718634.578493
-730797.645565
-735380.99647
-732567.615056
-727221.236639
-719571.295658
-739471.790273
-755673.9328
-732409.761795
-733979.935171
-732949.223234
-703469.328608
-709505.630544
-728626.728606
-742610.301204
-739319.015982
-697725.64249
-727860.035004
-745761.4465
-727228.229572
-713223.900545
-720639.4152
-713166.521962
-706323.242138
-732082.568925
-723728.680275
-740636.441309
-742050.757366
-715576.779233
-724889.983475
-711808.526735
-734095.975474
-705472.590793
-713561.314213
-747310.957107
-720881.580394
-747848.228897
-716623.713753
-710796.721866
-756389.494006
-734350.155378
-729192.977597
-724645.125415
-717614.798778
-728615.801199
-713844.591809
-696377.422822
-740788.807212
-741932.718925
-722713.01336
-728970.043406
-724984.570883
-706812.157043
-739160.555153
-724443.381145
-721000.637206
-735673.866186
-731830.106676
-711538.617561
-722870.062526
-718569.257069
-717012.286934
-741199.08213
-719144.405876
-738461.916361
-725510.787046
-723655.950643
-740290.024425
-736905.01532
-757211.477139
-710685.897569
-727521.180668
-717750.584004
-720641.957243
-713838.337933
-736495.001357
-717442.013526
-724399.190807
-732612.63686
-737887.54369
-730640.314297
-736252.510984
-716331.302576
-716083.806173
-734000.229866
-710575.092907
-684409.964827
-701444.603959
-729532.331616
-755829.221796
-745805.060969
-749613.689196
-735100.240484
-681311.637826
-730224.597827
-750425.14304
-727056.925315
-724634.062955
-730639.631596
-724189.609635
-741985.837371
-719185.948497
-722828.087968
-743255.823819
-711217.30288
-708802.858885
-700732.137553
-747368.852091
-703450.4245
-726173.447614
-717060.070676
-725419.45392
-714382.328488
-701471.408224
-736818.226299
-736444.470448
-726515.605189
-708615.769936
-732126.424169
-729378.398773
-743286.272794
-722249.265534
-714441.456281
-733558.566636
-715584.101756
-730820.495071
-692806.424878
-729861.864837
-712234.066876
-735267.225759
-750395.691447
-728248.619461
-724854.508335
-710089.363645
-721203.132754
-728348.367108
-737467.734172
-735000.055127
-735798.936945
-735072.344436
-728862.378781
-724345.008537
-737881.75837
-730265.298103
-711724.956912
-730167.962842
-704297.135804
-758541.455644
-728691.597726
-738137.713654
-733031.307081
-739427.05924
-731358.684151
-705164.31189
-746653.289202
-729957.8957
-744275.513507
-723712.72572
-729243.091778
-743127.610008
-732644.130749
-695681.824265
-718311.090006
-742839.487194
-705318.191017
-714157.076155
-713574.809974
-748282.300074
-728122.763781
-737804.966445
-719878.221156
-736339.953456
-735405.689526
-715242.50298
-754768.511721
-723403.995399
-735515.570325
-731792.340826
-731194.608754
-709019.136967
-744666.580839
-732587.207095
-722197.475781
-741169.879594
-728441.726617
-732917.382099
-684482.420695
-746509.032128
-722439.039957
-723668.708061
-718532.380583
-747959.408472
-743837.817742
-717010.396735
-740960.462245
-740593.57188
-731742.78819
-695127.765496
-721674.671381
-742838.335872
-726101.133279
-724209.34637
-730157.515534
-745823.551913
-737075.825708
-699041.83232
-724871.15332
-747572.988982
-716042.727406
-742131.749848
-757511.908953
-739357.259795
-722481.300657
-719902.194934
-720548.605119
-744602.097065
-746853.348744
-730902.480131
-703460.786955
-731605.289345
-736532.559327
-717025.482275
-750435.679054
-693069.882544
-751911.955134
-739322.790712
-732179.051297
-727353.970606
-743766.413515
-711887.96006
-759116.164656
-741480.844585
-729631.842045
-722850.699192
-735560.638645
-731261.888641
-745282.053135
-724864.985305
-699778.847249
-751376.387484
-763830.286163
-764803.359349
-740770.027985
-707019.028179
-740817.687632
-730088.961356
-749350.659733
-731505.302243
-731255.619428
-706064.938577
-745809.526454
-732136.881606
-719310.263326
-735209.692575
-709563.323782
-740965.730093
-702837.582512
-721666.789748
-717306.396119
-735612.071673
-737817.502688
-722057.983981
-702930.561304
-733147.736245
-727932.80109
-722472.655334
-732953.267935
-741908.822929
-722461.894177
-730576.271137
-733683.22069
-738982.60094
-688427.196382
-740955.681307
-713501.837685
-735472.331519
-761080.349069
-708166.007459
-739704.57845
-743793.269779
-730902.48362
-713037.49104
-705025.671163
-736831.679654
-699057.930449
-727469.039925
-701427.912151
-733704.119188
-715851.628169
-732277.924502
-727328.386499
-754583.606173
-725823.52882
-710439.212827
-723955.181243
-734050.706406
-702252.894296
-751303.300811
-723275.473301
-745840.334583
-730167.633086
-737612.347198
-725987.255224
-725684.160839
-704498.28462
-732834.9333
-729518.358535
-724490.47218
-737300.149416
-753109.766431
-744914.347678
-713527.604473
-728848.454589
-705568.044636
-688285.947248
-742133.493907
-753008.851401
-711037.960867
-739255.563592
-735597.240306
-739007.728506
-731319.955178
-717997.967803
-757475.956357
-748196.300263
-722618.604295
-708404.60209
-749179.749274
-737737.900164
-733123.11494
-726737.535589
-750386.706655
-724302.803057
-725059.027891
-731381.910166
-743976.005292
-727363.524876
-746095.911801
-729724.265418
-735686.914181
-719787.418343
-747255.699147
-720004.078708
-717966.563965
-735211.001013
-713409.856093
-739961.953187
-744271.65535
-714043.731976
-738173.571228
-720397.222852
-729059.531044
-713043.954387
-723573.561714
-735000.844734
-729889.432535
-715704.972565
-722361.96302
-705471.227645
-746724.916164
-726533.419656
-738930.690318
-728254.615492
-734999.907322
-728990.037654
-738187.629493
-712813.159215
-714557.466508
-742298.337518
-740138.309555
-735230.489612
-714961.887712
-725403.942811
-717861.08626
-717700.658492
-729099.370879
-737362.926444
-710020.356416
-714249.191803
-732416.845618
-723588.317307
-732887.480233
-742193.257092
-726839.468403
-732059.423247
-708601.560712
-721444.642084
-722614.092775
-715346.789062
-728403.627058
-745742.439143
-724226.894623
-725625.047741
-740245.356075
-722692.689507
-735826.202726
-731815.604218
-725551.218679
-741037.701746
-746217.427644
-736644.84858
-724604.139793
-724380.018586
-735887.815371
-748888.897535
-726897.494324
-713077.823153
-722599.968955
-751692.37511
-723033.537796
-751769.92202
-748017.496058
-709202.628193
-741836.089724
-721651.460136
-734727.649732
-729063.636537
-726518.35066
-740222.183212
-736209.225392
-720839.531932
-711823.670497
-760094.719943
-729089.309573
-716861.418448
-747045.927364
-712649.842333
-747309.21596
-752541.144298
-745419.442009
-729512.188235
-702369.07537
-691951.848615
-700535.449343
-744217.527994
-713694.484089
-746810.582096
-717745.563934
-743912.948602
-705571.599642
-742697.432709
-692869.129213
-725549.604803
-728438.132722
-743291.528846
-758661.086027
-730498.614247
-722524.427745
-731496.87065
-725672.17503
-755933.252724
-721484.688164
-743037.000966
-720348.537879
-749128.64848
-730026.422328
-730023.652144
-723894.298975
-723393.490725
-738041.401733
-740991.835657
-705368.097772
-741388.500609
-727388.308112
-723014.932888
-706305.473653
-721081.910719
-719276.842492
-727052.840162
-742219.336389
-741672.666057
-727431.393777
-734560.947635
-713049.587201
-733402.626643
-717384.344211
-714643.811868
-721508.643917
-724482.860323
-719634.36247
-737969.447155
-709282.33852
-722577.209834
-748924.452878
-733080.108971
-716016.808638
-739909.07153
-764261.792387
-726413.199325
-722873.491904
-734176.484342
-710697.908745
-729246.633073
-717550.23603
-727117.925228
-738721.048858
-733665.009617
-739953.657068
-725177.101896
-729084.403108
-748943.319826
-723844.727759
-725707.667462
-727777.743751
-714085.365814
-726303.332588
-721825.943322
-715211.365205
-737855.45686
-726979.757882
-732756.327003
-723747.644426
-712532.115787
-719158.302614
-733667.072106
-717577.748177
-736034.138784
-722349.143891
-726528.497711
-729885.415764
-737932.466622
-711140.958079
-747925.586861
-733596.047827
-727967.229603
-729998.00698
-694100.361084
-732217.709072
-726868.268188
-743670.448847
-726786.251744
-737747.901881
-732810.117569
-719484.634355
-710414.30628
-735945.778167
-727221.83494
-735651.683766
-718771.174537
-728210.269175
-720076.1158
-738400.732669
-729652.055959
-717308.768964
-716052.929065
-706441.49833
-715423.620591
-733952.303641
-730685.142699
-732835.145046
-737502.046214
-748660.165908
-727859.545475
-744310.93296
-726378.366618
-744030.675009
-741271.126716
-713510.259777
-752329.789648
-743326.937262
-726246.812189
-719753.941007
-729281.115623
-741978.122455
-733911.438066
-707121.817903
-728399.385729
-729406.579768
-734699.548112
-734407.034303
-734737.300719
-726489.941479
-733580.155292
-727347.758709
-730844.795333
-729770.201444
-706854.819242
-693986.351105
-725104.098533
-717091.416127
-729094.497772
-725588.063397
-732208.625305
-740091.222346
-751619.925989
-718238.39308
-721300.638513
-731207.884623
-716494.239944
-734233.651968
-755930.749593
-745264.215065
-714461.09373
-709357.112699
-733843.121649
-736635.142514
-751961.222734
-705741.665414
-737260.007171
-738850.156005
-751316.401846
-747834.423763
-735049.009034
-753861.792061
-731601.252044
-741646.549643
-710530.162964
-707972.770409
-714864.216025
-739025.481597
-710039.755239
-738312.54375
-722864.176829
-726125.654692
-763740.39115
-731524.69766
-757469.646413
-706355.528897
-737769.126169
-726034.809164
-757535.161306
-728422.682766
-752945.48438
-760235.171084
-719198.371897
-677192.024626
-699700.452133
-730586.78279
-720786.217662
-733472.154043
-711574.895286
-719633.511987
-683762.456197
-722503.91235
-717262.317082
-743298.3833
-719898.742203
-724933.117752
-727006.606847
-726530.379387
-734793.931828
-706402.745621
-738888.780487
-725981.226356
-709279.919178
-735220.595978
-706976.760224
-742573.426703
-729817.941152
-709710.063575
-734300.620608
-717383.154296
-716434.256631
-734508.747544
-703633.931787
-722309.311126
-714328.885943
-724751.043713
-728112.556838
-726339.716271
-717204.467147
-726200.304791
-731697.655571
-738801.58279
-705710.302154
-702751.979271
-704628.489205
-739046.354737
-726466.79739
-749988.400998
-750552.41282
-734907.74757
-708267.226555
-724825.355353
-726243.461561
-743670.124
-700904.795704
-720279.804557
-730249.422419
-744181.164965
-741827.150955
-731769.75437
-741602.644091
-735840.033134
-734261.042611
-712023.147665
-742788.75831
-711684.028245
-713032.745279
-730071.373092
-746932.910751
-732714.476455
-719560.3138
-719708.403912
-723602.711599
-741116.649651
-722213.54208
-735425.631075
-713026.653982
-710286.386755
-729725.542829
-712517.006802
-739961.444445
-724997.542365
-719131.321595
-729958.046292
-714868.276573
-718785.153667
-729201.588469
-756597.1132
-709620.147174
-725790.947376
-741367.65221
-716065.743121
-718008.276247
-733039.082759
-729820.993731
-730161.246397
-718597.471759
-732118.551622
-734550.644589
-714018.472689
-730890.427707
-739057.72392
-756405.86629
-714539.348129
-738138.877804
-714059.44542
-722007.652385
-719553.039163
-749098.626874
-740197.626092
-708883.382083
-728035.111159
-733412.409762
-734280.264369
-706164.99085
-713455.247629
-728173.335945
-724325.228223
-736727.652698
-723548.986174
-725745.266286
-754698.584668
-733174.015322
-717628.950093
-704873.479033
-716948.564222
-739111.799359
-758767.042059
-726587.771139
-728787.405508
-720865.813091
-727068.493454
-738550.452713
-722261.415036
-725279.057322
-701624.612594
-718574.593829
-740079.798752
-732540.166587
-707877.074634
-753953.332915
-731213.371686
-734421.86434
-690497.108834
-726420.481752
-709480.413977
-718838.538089
-734056.57065
-734134.347744
-714916.594537
-718428.832572
-717085.730124
-743362.360554
-715244.811482
-740645.432853
-731029.727338
-733555.206142
-746611.306395
-714218.438082
-728865.49313
-722065.231413
-740786.307023
-753005.296957
-725550.717831
-701363.471733
-734527.545047
-743709.727915
-748728.716904
-728320.986681
-752771.761489
-723108.621866
-723553.093105
-737752.01418
-726321.068699
-723874.329143
-705676.87853
-727978.422432
-728124.410129
-706335.934371
-736790.368429
-713889.6382
-738633.44578
-724118.782225
-702130.350963
-707510.217325
-744106.597455
-707252.459364
-716805.386471
-725390.273632
-721093.47922
-708065.409972
-720413.272849
-746097.531965
-739497.61501
-721373.415654
-722028.22234
-747626.626858
-740780.411375
-711342.806014
-733537.291096
-719673.039988
-726777.307586
-747112.514858
-717001.801109
-710986.371294
-748648.391662
-729485.07957
-736479.626873
-713288.690802
-738083.588386
-712820.109596
-716005.810319
-722985.861278
-737435.982255
-721626.840021
-722363.699421
-739275.323491
-726997.517171
-725047.841553
-715804.737379
-707477.96
-719604.818556
-704108.251374
-731382.843856
-714064.691833
-748192.332713
-735193.917573
-732214.966323
-736486.247139
-730836.736813
-722304.067091
-735305.939712
-723451.018158
-721156.382408
-737119.633896
-728179.406082
-739137.443875
-753573.719456
-726202.745245
-740789.994713
-717091.166686
-716358.835985
-732257.21841
-735694.751822
-723305.794183
-740923.093909
-732238.093872
-735596.176259
-722910.033366
-741784.29299
-742020.740809
-716055.015434
-729114.493158
-749518.919377
-729790.658987
-733416.429943
-715935.653203
-744541.713857
-747289.413216
-724341.392385
-719775.346984
-723883.267433
-736962.31583
-713274.304211
-709005.567599
-744867.739833
-725789.965915
-727013.904873
-741666.61002
-718847.287442
-692083.561806
-727947.254822
-721262.310751
-753569.286472
-732497.515921
-713043.521646
-742874.368072
-739357.83317
-745056.340479
-722333.825202
-709523.278312
-747728.197867
-757609.26554
-723466.008096
-746100.460821
-736098.591601
-739390.960328
-728298.240826
-732504.420874
-735286.578542
-728225.770618
-694221.93435
-740503.235919
-736798.040221
-739450.412603
-752250.149283
-689096.994453
-743747.65387
-727054.258406
-730999.804521
-718252.034231
-748918.994009
-731544.500415
-728934.831406
-725961.805323
-730822.843447
-745043.399241
-708542.642101
-719088.295722
-733262.740232
-726115.852443
-716076.492063
-719401.219439
-737244.066203
-747031.939988
-713511.134373
-738815.250533
-753218.992809
-737878.927062
-713062.184974
-702037.835879
-736384.535783
-722456.474254
-721715.016708
-729508.545533
-740548.791569
-729504.806242
-715894.759781
-739629.151568
-732516.111981
-721892.373866
-727468.626313
-739842.484102
-738937.529334
-748583.176487
-746660.114218
-707153.835818
-744625.096086
-737204.886546
-726884.756877
-749724.355267
-738044.663128
-717028.184325
-707569.58408
-680780.926752
-718152.818626
-733161.163214
-720823.27947
-743156.415486
-709077.742796
-740770.760203
-711164.295716
-701703.61275
-738681.767598
-764788.311193
-725570.113883
-713676.20654
-744931.902269
-747825.965327
-735621.904791
-706644.291637
-720393.172548
-735251.940827
-731881.205171
-721714.170926
-727692.727126
-735157.338415
-733258.710718
-731152.226042
-739046.69005
-709843.067684
-719391.009544
-715214.743791
-737827.316252
-756437.933768
-747284.568762
-733783.195732
-732533.630994
-721036.176316
-712642.460798
-725275.729015
-740982.457209
-728336.89378
-730551.209711
-726695.268883
-723780.670284
-725072.066451
-718080.596976
-743912.405408
-734624.704402
-742378.257257
-700444.120775
-715785.95862
-749292.698469
-733697.165721
-727110.978
-730351.25809
-751943.910456
-741407.560933
-702945.252501
-729701.482922
-744870.635804
-699286.317246
-720629.561968
-728218.295261
-709172.754199
-742881.383719
-717352.795622
-734220.906732
-744432.614553
-724655.104612
-708963.298751
-747193.508503
-734310.797545
-721425.371171
-738446.213111
-722660.260856
-729966.756145
-736831.396999
-712717.250437
-720234.599567
-756276.778189
-726066.079227
-715478.570323
-727342.420162
-734851.352035
-748873.339622
-703723.666444
-731356.962817
-723402.265614
-741139.690648
-691289.262483
-717352.20537
-733104.715218
-725928.400798
-738386.663816
-729185.304703
-721692.468666
-745133.37095
-715942.717886
-714316.619169
-724847.350912
-700959.098658
-716677.543193
-710391.200134
-723550.570236
-733323.737664
-704228.134001
-750807.518555
-715458.778522
-714608.34131
-736237.872891
-715959.930174
-736698.502699
-714274.233549
-724425.889604
-747131.785744
-732444.925905
-713221.032378
-733593.732863
-753623.689542
-721578.501752
-735538.276181
-712077.714418
-749307.426187
-740544.57914
-726872.800419
-728942.176596
-738888.511402
-713968.112621
-717544.472153
-695083.436493
-716131.269668
-721970.164823
-733096.544058
-707764.690775
-712138.201425
-726414.431113
-715593.438052
-731406.067171
-736145.218834
-725545.207075
-716581.233469
-735615.273404
-721125.566952
-722107.950753
-739414.966468
-707567.590971
-730265.978156
-741294.018558
-743422.982515
-725274.752045
-726222.31407
-724606.65315
-733111.791525
-744619.602776
-740232.975176
-715910.612971
-720071.221982
-732090.42079
-740678.072767
-718105.681286
-732134.220754
-715904.680525
-725108.766675
-741479.402148
-735796.081323
-723092.634947
-736786.02649
-729512.689967
-748529.324973
-689183.842294
-725564.784425
-756841.34307
-727477.080396
-743256.123914
-732723.201905
-728361.900611
-735904.320367
-699721.556166
-725558.435694
-737043.78913
-706710.632956
-731711.613018
-710638.035637
-736593.046576
-704128.622194
-739144.048215
-732623.249529
-749207.925514
-716681.469256
-727327.988186
-732261.453272
-749207.412813
-716548.095202
-735223.478409
-710921.646057
-723755.110988
-739856.624706
-720725.696406
-726538.755752
-715816.26332
-722172.985236
-735068.68656
-719474.616911
-704326.751499
-708278.030725
-709951.535546
-739453.11736
-753318.73655
-711733.053282
-703723.644326
-741574.397651
-696773.939819
-733968.956566
-720875.737833
-743486.5018
-709367.512013
-739451.549732
-726999.821176
-741542.072803
-747414.021549
-734475.027142
-714083.179496
-724305.620662
-731309.931273
-726680.48011
-698183.030636
-738548.282945
-739688.739302
-711112.865972
-706834.221421
-727582.395378
-736573.677714
-735209.221231
-725692.784562
-729912.159223
-725742.807073
-762840.308082
-720189.974464
-734000.264573
-740890.603362
-708770.55113
-730264.949144
-709942.882346
-735869.216487
-717841.741587
-725279.47084
-728727.259084
-744427.649663
-722158.450092
-732270.483516
-694864.588389
-748677.582404
-734575.211562
-718710.930154
-731617.060309
-731069.472061
-721822.580793
-735192.684013
-722029.279858
-752223.94634
-731630.991471
-735107.329898
-737609.157526
-720286.753623
-741217.343741
-726165.031727
-725721.127863
-729606.6657
-736664.85485
-693646.858551
-726645.235796
-726263.199009
-748787.777992
-752417.869824
-717538.600792
-753705.120237
-719793.080439
-713150.985748
-752168.513008
-751617.804477
-743880.957673
-720068.286182
-731112.885878
-742445.467596
-711641.493711
-721953.687646
-732755.820653
-708475.502744
-751241.340173
-724531.625783
-730823.275774
-743145.790319
-725796.537419
-717246.246565
-741693.043259
-734326.942954
-736296.250237
-728784.074694
-730070.806292
-730365.015632
-725451.664748
-742688.472349
-724664.646063
-719673.030578
-727447.462834
-718118.710348
-739543.0109
-759815.796884
-703580.6646
-716881.016502
-732459.777304
-742258.707239
-720588.31196
-715820.087843
-738486.957144
-722116.238827
-717464.588621
-718793.640664
-723204.485314
-724340.828815
-705326.400315
-732318.911601
-718677.133844
-738812.906059
-713956.814356
-711822.345509
-751983.285973
-749565.20291
-707430.011799
-728556.484189
-763556.042157
-739465.666201
-712641.85339
-726344.552776
-702111.072063
-747485.185516
-732249.967962
-690954.839121
-731333.301638
-717585.015663
-735488.711222
-737024.611775
-716487.089666
-744688.330627
-726709.306834
-715976.579079
-728214.732278
-731901.696141
-726204.177712
-723428.699248
-744039.832515
-722404.049685
-742852.014263
-709103.735839
-727186.482959
-719037.135045
-735157.231435
-714376.467633
-739998.578325
-743052.733682
-725096.233139
-730424.125817
-703734.664937
-717191.778281
-735907.778448
-745240.208293
-750272.102966
-734456.085001
-711741.570666
-695971.546049
-728745.875007
-733148.030822
-737469.018507
-736263.070305
-741553.016509
-732376.814484
-713042.363962
-750467.549226
-744023.48255
-718048.348871
-730833.394527
-721063.924017
-701127.542569
-735897.755634
-725712.340831
-728175.389927
-728222.858072
-731818.224324
-733574.705352
-709107.096991
-729281.320296
-736575.263411
-738538.388806
-737582.171543
-726467.379933
-748905.07739
-728298.490201
-724231.784456
-722259.419444
-725104.045789
-726806.204098
-727342.739751
-728206.415607
-737538.293298
-740993.131837
-734464.148986
-734060.121397
-730783.318465
-697853.985738
-751050.971639
-720386.003738
-743494.310978
-735554.385831
-727049.561262
-748718.891328
-738259.191445
-719363.773902
-747387.250276
-726419.995272
-738923.070893
-725699.019738
-708656.747385
-715556.981654
-739408.181577
-721822.699088
-714407.306791
-730831.363416
-743105.056986
-693058.317809
-710642.890503
-742875.093783
-728041.324033
-712721.126435
-721868.530871
-739945.12276
-754134.325407
-743345.09644
-715544.07698
-737705.092893
-742018.029736
-730739.723506
-725480.843721
-719710.701068
-729472.745374
-730866.213279
-745119.368416
-753130.935918
-750138.851055
-734341.594194
-703199.391366
-725103.747094
-728361.813672
-731434.441831
-735870.094988
-733109.52058
-745982.877895
-732950.569062
-704147.379802
-746681.102568
-745081.314439
-723521.318473
-688599.216847
-734063.322652
-737466.739565
-694272.123127
-732781.671275
-740549.315789
-760026.463022
-746379.553948
-734741.063373
-748189.424959
-733600.592787
-738865.227354
-748047.58492
-745985.497221
-737795.435318
-745183.900855
-745928.054778
-701188.755787
-727475.023219
-724495.869564
-703065.659512
-732481.825512
-736539.259614
-723543.156263
-723738.775621
-740039.596187
-725668.101246
-722949.919723
-718387.218365
-720504.699296
-742474.610994
-731560.958288
-717565.546957
-711414.045539
-736839.99741
-734668.572245
-720922.43514
-725180.131118
-730495.855595
-751186.572838
-719818.478296
-718600.840757
-708844.64491
-716377.168359
-719276.965089
-719308.085032
-717949.429258
-723532.224382
-717990.881447
-725297.089472
-737910.576716
-730150.895741
-731401.636242
-713874.95815
-734249.627825
-719249.384779
-724708.585023
-734114.636268
-730053.730501
-727503.42656
-701028.436172
-731389.147759
-748687.435128
-714064.911549
-720252.965434
-741841.817827
-741631.750693
-711428.33327
-702703.575152
-742313.29911
-747406.524185
-723717.288221
-734780.700848
-715822.276012
-705998.226994
-713649.402151
-724079.147414
-751523.945922
-736889.663544
-718435.315591
-687272.275424
-718241.628618
-732445.946167
-744841.819339
-722071.132955
-727598.721174
-735474.790602
-720022.334986
-704364.12398
-736619.853749
-733049.630449
-733798.683946
-727322.275793
-747919.452276
-720524.345172
-726776.522324
-731609.864434
-739997.172429
-739674.588098
-698278.112492
-738525.030395
-716870.061576
-715412.329451
-736636.362178
-732204.989872
-757114.584552
-724198.847094
-741012.090934
-724421.156216
-744319.453413
-705411.064932
-711391.072661
-736750.285288
-724149.557183
-717958.534456
-759500.822851
-736100.768256
-722432.928413
-713608.220446
-743411.997643
-731190.872066
-749958.26841
-734355.468293
-706870.401171
-741280.251844
-750934.111213
-720737.445045
-736531.941723
-726185.005292
-744512.778792
-718992.927835
-747260.299452
-742285.90839
-717335.948298
-728911.354274
-741917.488676
-728845.149857
-723445.948839
-727792.99342
-699747.343991
-723866.557043
-690420.48945
-735611.732078
-732784.716577
-741178.716031
-726931.276033
-747895.096539
-707971.0658
-722190.067199
-732379.505686
-734567.849601
-728385.587097
-735424.653706
-741622.236921
-739220.589621
-739266.74902
-713678.039887
-713086.311049
-754375.142788
-720245.690449
-721155.20994
-728088.283333
-746410.037809
-716032.198235
-740058.847315
-740304.745582
-691340.072966
-736216.02029
-716943.325112
-692492.768027
-733141.566269
-699370.590135
-720583.632041
-746477.401788
-727731.028441
-735473.961259
-729278.211325
-740489.329209
-749012.615299
-726106.144578
-725198.354564
-729234.758625
-753321.354405
-748159.845326
-754078.963969
-713810.110651
-730612.740502
-725755.844372
-736209.521207
-755966.067092
-745512.693003
-722562.835984
-729597.901112
-710444.292648
-751503.812669
-741962.880327
-726221.650219
-742206.417257
-739569.106682
-724536.44747
-713223.308274
-708062.69554
-718756.188638
-735861.134539
-734934.696899
-728170.710895
-741059.763098
-744093.039345
-722889.818589
-747331.557763
-730584.917215
-730368.279669
-721749.623931
-734039.637906
-729629.970158
-732395.427088
-736559.586276
-724479.205843
-723869.327255
-747684.493774
-725472.438016
-728500.506115
-724567.412795
-727644.69838
-739359.381016
-713859.91967
-748987.920349
-737381.415494
-721546.848507
-721319.700657
-745263.130914
-738876.417214
-709844.00335
-740518.938617
-741511.48992
-721728.095245
-704916.798038
-733555.828408
-742499.864546
-715607.622133
-731931.080446
-741561.225104
-687466.267491
-694107.84518
-743832.563814
-739847.91319
-742333.65963
-723470.85797
-736348.764475
-711061.595174
-764578.915528
-729263.881241
-718000.508478
-726907.672323
-737255.60676
-729910.851247
-721419.458689
-730708.255812
-727792.100163
-704972.859225
-727794.663124
-733182.213085
-729158.899146
-731419.765397
-701259.817101
-735322.797634
-745987.865342
-723688.182257
-683562.566679
-721765.784978
-737402.628625
-748964.062857
-744982.960163
-722279.473677
-748315.976908
-716427.292764
-741667.365114
-735989.20295
-715319.525552
-730121.37959
-733091.153863
-732994.120009
-744335.174077
-737624.11251
-725889.184787
-735418.576404
-737584.053882
-731930.182811
-704256.527402
-722068.293267
-743326.352205
-710644.420121
-752298.048442
-733225.923299
-728120.708593
-739147.125545
-733499.135411
-745385.851823
-715999.451144
-727104.995028
-704212.415501
-715201.504502
-740058.655873
-704109.071244
-747672.464522
-717475.48751
-719275.298262
-743490.312925
-717289.55058
-716916.434595
-743491.39505
-749535.713759
-733045.70309
-725773.008332
-725794.25725
-730382.585565
-741946.92014
-703449.374284
-740247.518385
-723450.29594
-739621.213191
-711539.268162
-707083.532283
-727729.044141
-742824.49238
-739148.310342
-737344.741432
-707097.213599
-713863.478876
-738205.886662
-747159.458997
-750128.089694
-731847.205724
-733827.475262
-724869.89845
-736799.856864
-708813.418735
-718288.791786
-727392.530152
-735215.500552
-719576.37563
-714507.811506
-741224.399191
-731226.350724
-741894.089922
-737047.514987
-738512.805126
-734228.487868
-716856.887609
-731205.653626
-730995.725979
-715564.708813
-713530.161048
-748636.367597
-699989.982381
-717276.678411
-717117.787311
-735049.15324
-735086.435304
-723376.190571
-688182.511716
-749374.858189
-748920.307657
-715497.010687
-724375.319955
-725572.959516
-715726.696704
-753903.013779
-711072.149999
-700022.257246
-716025.532806
-703586.887764
-712579.132597
-728540.643189
-728214.292196
-700549.77472
-686713.698067
-729468.441989
-745997.125604
-713182.323974
-704074.096794
-717868.911063
-738194.207535
-759523.262576
-732761.777102
-728397.536838
-738732.068833
-736174.775517
-699864.474916
-723265.315041
-750209.057571
-725496.988518
-751196.441207
-748915.540712
-737394.64664
-707935.525886
-736774.419537
-718907.895944
-742828.412449
-735657.58308
-701744.270477
-715150.652827
-744780.88915
-736031.141448
-734490.978361
-730392.403159
-710991.882813
-726291.038593
-713320.57383
-737592.204163
-750040.653387
-728820.736147
-726098.647682
-719790.79942
-731332.382046
-725725.723934
-719816.960194
-727365.909712
-737612.694981
-726550.308487
-741847.025745
-737560.757912
-736631.42673
-735330.925522
-714484.913811
-721180.904654
-736548.482039
-713572.073406
-742724.811504
-742172.529441
-764951.020423
-750362.743253
-723679.35633
-733989.86188
-710196.082326
-700977.009573
-720959.816681
-728935.340981
-719240.905088
-758937.503481
-720712.546607
-735938.712417
-753855.707367
-729917.518228
-729911.716394
-744991.99529
-703162.462007
-734262.292573
-718896.306556
-715214.418536
-734888.495679
-715606.127475
-729316.465351
-729087.26053
-722243.289061
-721805.294573
-713963.409196
-748667.65386
-721875.041758
-712036.550501
-739191.448333
-717763.433126
-741333.024424
-725828.169496
-736297.923475
-747251.975679
-758821.13615
-728518.184106
-700908.61621
-701425.580997
-734449.193481
-742237.290556
-721998.773171
-738158.713913
-744588.986033
-720001.319481
-715265.329551
-738607.919776
-739076.441937
-745153.187274
-717718.548194
-721459.045989
-739048.296915
-744355.94545
-721863.638413
-748607.443537
-748286.968795
-741552.388455
-729564.41726
-718058.310121
-734992.064714
-717316.921258
-718799.043701
-718359.841499
-741630.429169
-746481.089404
-730175.961548
-739637.870143
-732194.407076
-739322.930575
-713634.369745
-738665.220755
-700998.402027
-715955.039922
-749506.446247
-733623.188481
-748291.637771
-757800.425035
-746597.791849
-747966.884451
-736560.000798
-734143.575902
-720429.135462
-750339.195481
-741358.060182
-729345.255012
-739001.83405
-708456.943384
-719522.176751
-750130.490649
-741173.574302
-733732.311602
-728020.798267
-748958.847916
-703436.748382
-708711.298576
-717899.738054
-756937.489318
-696222.613317
-746107.317017
-742375.247133
-716122.066974
-746638.395814
-728417.765232
-744407.679105
-714563.545641
-741617.837436
-743823.781621
-749475.993786
-720747.648226
-738288.74316
-734854.555384
-728542.74497
-719702.580692
-739680.969249
-734219.78091
-703061.039381
-722687.896362
-701425.993932
-724234.346886
-729634.765036
-739487.882271
-746979.758089
-728206.992315
-742974.241864
-734969.521851
-730382.108049
-726471.52994
-735618.578173
-720151.041223
-718126.947307
-723580.627165
-738543.857967
-743212.280624
-721953.304931
-720007.546915
-735920.034031
-740855.554094
-737389.835173
-724049.984429
-743346.320962
-721870.503083
-739361.872775
-748206.328518
-715388.184129
-708007.65361
-742156.251939
-738768.912201
-743253.641202
-727185.33635
-717755.733985
-712893.831549
-717525.759149
-746016.776456
-720550.920657
-750930.825153
-757377.145364
-741356.329211
-716505.899028
-739933.020502
-729736.377177
-759991.354748
-731675.831936
-730203.991799
-740132.903135
-713202.972431
-714634.858608
-736991.659302
-734360.619021
-745544.923198
-729139.668381
-724890.153263
-703558.526833
-738225.727486
-719182.072041
-739687.475373
-724554.157216
-730377.228347
-713589.110871
-763787.152144
-734206.307473
-717987.728039
-745520.98528
-719849.779732
-712748.892535
-738971.716542
-729421.287473
-733011.101559
-721775.094846
-732749.927227
-742852.851225
-711227.594604
-742502.403459
-697052.479407
-712639.631183
-740264.906541
-714288.784996
-744538.765701
-728422.747912
-753100.555885
-728295.015619
-758919.704197
-747017.82455
-713281.925168
-732463.411037
-742717.827595
-716024.701778
-761231.238471
-710066.583733
-696694.589494
-714934.804453
-728034.013692
-726739.50374
-730138.579826
-722265.186704
-732471.773029
-732524.719493
-704846.914992
-722903.839866
-737281.688155
-723966.813798
-739980.938099
-728563.289189
-743834.922085
-752969.083762
-736371.782644
-720761.38708
-719414.65796
-721312.062942
-760459.857919
-721955.4793
-700584.215304
-766015.161551
-731763.967237
-732077.784906
-724287.384039
-720724.351048
-725550.604729
-691083.665186
-736612.278743
-753775.498731
-701876.778123
-734502.020308
-727986.105611
-743516.112086
-730100.360492
-728285.464739
-749937.75914
-740002.280393
-706999.354252
-712864.067506
-734270.340221
-731583.914438
-749346.559433
-741798.667816
-757349.213866
-760332.138767
-719771.172341
-739775.846284
-746583.468993
-727483.168222
-728881.033725
-711753.423327
-724112.107936
-722111.786211
-708215.514745
-709977.286676
-738511.411974
-706304.739955
-743723.256798
-714600.432878
-725407.622367
-733925.309125
-741778.415826
-727759.157548
-738101.726751
-757053.167351
-726579.915886
-731510.188847
-725374.364884
-712253.218788
-740851.077607
-720472.893255
-739197.529248
-740679.874786
-723913.41235
-735300.622019
-735389.057835
-690257.824986
-715311.732685
-727440.45134
-724448.62994
-741012.928041
-720551.129023
-725636.90912
-733770.391495
-722741.303052
-698791.027874
-750618.424097
-735515.449342
-730464.049114
-735301.768789
-733554.99755
-719604.247177
-734732.005566
-721861.67024
-720429.944714
-726024.220536
-720788.446365
-726469.551774
-750110.579719
-710080.616653
-766932.280719
-730966.539611
-713248.834647
-737467.188834
-745380.034453
-746710.24734
-725683.063046
-705019.123948
-742542.646499
-723623.436672
-734184.653834
-724396.408691
-707323.633535
-727941.265704
-737911.085493
-749854.353173
-708325.520336
-750552.195073
-763344.714593
-753841.097862
-724159.479763
-741181.228647
-718866.947341
-711130.853284
-731100.719909
-736096.689445
-702484.62963
-724473.537998
-754400.426041
-737497.759111
-705648.850319
-738838.841795
-743720.352242
-741409.814607
-745316.624002
-725642.112282
-713384.052665
-750126.154818
-751815.408909
-718849.858393
-703780.32117
-735856.484634
-740291.99242
-736385.802283
-729728.846125
-749756.953954
-689016.743306
-729537.375811
-756009.580508
-745280.107114
-728849.32212
-727617.518936
-737456.467847
-720196.64205
-740545.573376
-717602.741797
-710700.691142
-723262.440525
-733795.269586
-725894.469263
-747819.236219
-721987.01575
-703186.713291
-745552.161351
-735095.200901
-755901.795437
-715171.234947
-740726.067238
-740465.541593
-728000.935635
-711740.443776
-725916.360878
-719151.561865
-739033.069767
-720058.149116
-735546.284892
-714173.354938
-717588.247585
-718287.3045
-716610.128224
-698914.080157
-740012.765776
-745450.083998
-741925.532907
-742558.576033
-732516.882737
-723597.774371
-713016.792907
-718660.19897
-721092.482309
-733074.674454
-705680.058868
-730795.483677
-732394.806116
-711409.797098
-733526.765913
-705332.309318
-747125.20506
-748711.742609
-714043.07671
-733760.919548
-749454.410269
-731234.566439
-737232.714913
-732252.42334
-708560.964283
-728608.331345
-731936.789949
-721070.606982
-732126.901992
-709326.514398
-736097.162347
-731857.051934
-736610.739628
-732345.580772
-712054.441816
-738186.909365
-745443.11427
-720335.073947
-710915.577686
-723559.529682
-732930.562438
-741094.049101
-727832.481669
-738365.784315
-750863.170998
-728157.160534
-754287.899793
-725439.872026
-721613.6121
-720484.628593
-715667.651826
-739858.984082
-730476.14078
-729359.196551
-728460.353744
-719281.178604
-713971.182333
-718820.699329
-706738.785156
-712861.775109
-758622.787178
-740111.150838
-736203.410345
-720685.147148
-724836.567543
-720065.902882
-726860.471717
-740454.813147
-753174.093921
-726840.483999
-747778.482108
-714659.092281
-729704.746809
-701917.811702
-724615.315152
-740237.78946
-739560.710474
-729556.454478
-702071.824176
-724400.115939
-746356.523388
-727721.359413
-760960.143796
-726098.7208
-725921.065501
-730081.690634
-754286.905944
-711863.854283
-715230.221593
-745377.104402
-707571.887636
-721503.892478
-744629.034084
-748895.366599
-713375.807698
-731011.966901
-706597.815195
-683988.017817
-743948.469203
-749456.619888
-726501.643699
-722487.920513
-733292.33386
-719077.010853
-720215.319371
-731438.166263
-749146.524586
-755206.811735
-742298.497422
-723171.834124
-736222.778807
-721588.308878
-727651.602452
-732139.39817
-742615.408715
-737868.645497
-737220.458642
-715670.013411
-694688.763062
-726664.087226
-717866.705431
-740607.127779
-732633.584946
-736151.638059
-726918.703717
-723793.508066
-753414.338718
-745108.459516
-703784.610426
-743493.589429
-730472.95285
-746223.005454
-746486.465211
-737387.717661
-745272.263725
-737147.529642
-735476.055533
-736485.579326
-742826.22397
-703547.172812
-727266.402071
-735291.963538
-737901.200321
-728603.620016
-736448.865992
-680084.81091
-744445.549997
-714287.679566
-728863.737565
-721628.844046
-704533.004037
-737234.302053
-752937.493853
-726492.479389
-729148.573651
-727931.996454
-729047.280591
-743682.477489
-739547.989033
-737903.940339
-740857.996141
-698785.60805
-728599.421979
-734262.859836
-719544.901602
-749308.093426
-719924.066159
-747629.773766
-741551.7346
-747435.114396
-724645.887064
-752304.095036
-725311.306119
-707648.453994
-734578.110014
-726592.928856
-757635.144647
-732737.199455
-716333.756681
-717900.438182
-737818.52007
-731751.179407
-735328.863963
-750470.935311
-717020.638976
-754796.045946
-726272.278835
-725667.189622
-765903.73595
-740528.955213
-717394.579918
-747396.665843
-735210.963083
-700850.400793
-706005.958167
-751850.887948
-740923.72722
-720629.993029
-731788.104272
-746874.223316
-704201.547427
-730235.862191
-740175.349364
-737173.794978
-751509.196225
-732590.450035
-747658.774021
-735866.841532
-758597.591526
-756126.989272
-720839.464434
-719297.799567
-725394.937741
-734274.076194
-729475.628956
-724087.097929
-718834.586513
-724960.905974
-712382.693758
-754338.075838
-734336.752324
-704022.701927
-747860.578539
-739313.169945
-729670.387807
-718093.179777
-726842.46399
-699876.226413
-730582.289905
-734322.070224
-723091.283677
-723067.545256
-709695.350565
-700662.66787
-746502.751088
-740587.233373
-732117.234337
-729636.628638
-730493.092969
-741000.361607
-719568.121479
-732042.20528
-720442.856619
-729227.640552
-723995.854389
-713920.181775
-723772.089281
-728736.867588
-757492.160204
-727169.179034
-720695.970987
-743193.287161
-755413.46022
-739327.885125
-727033.859183
-728840.073506
-749318.412291
-723726.0197
-728473.470487
-720033.76214
-742005.513863
-714966.191202
-726636.244938
-744720.286443
-730846.863635
-730609.898456
-711000.643131
-747098.950047
-750210.826327
-731817.149662
-731168.632398
-715615.670334
-741155.548203
-707306.338267
-719953.364623
-731847.866292
-749580.81115
-694040.858871
-715684.55904
-697156.89493
-721862.358411
-739553.047897
-743545.968382
-718758.875446
-732678.851688
-720426.28724
-746372.994238
-720962.362175
-709200.536409
-730969.255999
-746228.50951
-740545.679023
-729110.385897
-731934.23786
-728300.554733
-754247.473741
-733758.745096
-734755.080063
-728003.307289
-724064.951144
-739608.230896
-720108.947385
-729127.792925
-732853.198382
-740378.253393
-736597.349904
-740894.99769
-746954.832781
-739932.742645
-711157.1351
-705550.632096
-714241.229396
-731188.859711
-723453.34276
-746620.575361
-745688.050745
-720734.036983
-729217.214771
-758640.36047
-738459.039049
-717938.810834
-731590.423389
-739436.544662
-742424.836499
-710347.522546
-754988.117232
-729080.375678
-722041.112755
-729688.830431
-734287.179284
-728523.802226
-726949.005443
-722048.720729
-706205.837554
-729713.633677
-724642.720395
-736577.919719
-716503.017365
-714571.61755
-711267.077165
-733730.116208
-725910.599066
-697106.995022
-725210.644889
-723476.505729
-732397.618793
-748837.590099
-730678.42761
-711890.707779
-727201.91792
-734308.056918
-736504.677106
-712597.004781
-712900.610079
-751502.564861
-742149.912953
-737756.9887
-703789.196672
-723955.19292
-731889.736588
-713920.488266
-730452.715271
-734812.112249
-740700.289021
-736193.968978
-745037.469162
-753905.679072
-743615.218166
-750641.956857
-746641.79103
-757174.092805
-727364.807858
-735707.225768
-747119.961472
-705902.924947
-729113.724706
-726989.277775
-732868.09495
-725851.64961
-706274.608437
-729124.443089
-710322.526995
-752164.691933
-737048.896783
-731435.557623
-738199.138601
-764857.74591
-722279.514478
-734295.281669
-740013.313469
-762657.733474
-733044.317764
-709401.969758
-718845.804565
-749707.54005
-714823.97276
-733015.615685
-736317.402835
-739150.910023
-730369.459292
-737113.954055
-711567.953526
-725425.789546
-727341.527303
-744390.314793
-727936.566531
-726696.975809
-731903.555319
-727085.842159
-750855.566279
-753560.747002
-724158.351546
-727183.137051
-732286.322816
-744093.371695
-721066.003534
-741000.29572
-736361.845879
-725435.771086
-710774.566738
-733699.816125
-728664.932344
-748296.52818
-715081.568992
-758408.815656
-707198.423922
-752891.55149
-733037.131846
-735348.195918
-728878.896674
-742145.97722
-740949.263806
-740716.950357
-730537.542261
-730935.516856
-736925.9436
-731341.491708
-731505.436464
-769803.170407
-741239.527719
-737592.575658
-735867.049794
-737026.381351
-720416.162545
-706889.688988
-725840.571532
-739692.233533
-738305.856896
-733392.262229
-739420.724723
-730206.770617
-738526.875984
-745070.400618
-708676.896179
-737044.197289
-735805.135342
-723498.202488
-742855.327591
-748614.898787
-738958.516127
-718392.447107
-717751.881302
-744127.481714
-740040.062122
-737990.153563
-715594.636645
-732916.051661
-731141.644787
-735712.911162
-759014.910785
-728819.478167
-726870.665856
-732561.389265
-725400.181007
-740311.149412
-725286.886466
-728254.654131
-737192.503088
-728274.074624
-750147.413924
-720833.935838
-750015.219125
-735896.425159
-722388.636263
-728446.063877
-724202.187766
-745445.261743
-756516.21165
-735370.998622
-712160.40639
-716176.669217
-729852.747192
-740212.593159
-716163.960962
-741652.579922
-745311.175303
-717844.774483
-726174.296684
-731767.654092
-721667.569474
-720614.071376
-740654.635237
-738729.05773
-739416.747148
-720218.89969
-736471.773733
-724625.637888
-746871.036083
-727142.367382
-735498.834242
-733406.076852
-734710.3576
-736110.202767
-716775.9457
-748192.519332
-741389.201942
-717256.82083
-743410.757158
-743725.184112
-727632.912331
-734313.990449
-741460.348068
-729064.311527
-743383.813051
-721789.779423
-742307.885704
-744002.732054
-725709.123652
-728462.635987
-728149.217042
-732113.360487
-723160.725429
-744026.7193
-723435.386499
-728909.487921
-741475.836461
-735431.638285
-736721.260717
-736128.411156
-736968.975888
-714389.323754
-712395.849826
-739813.51186
-739520.702751
-746814.947808
-745147.410535
-718597.324182
-714393.752399
-735473.189829
-744114.43685
-721196.884311
-727217.04979
-715964.786397
-732586.969376
-714900.811983
-772597.032978
-736484.193483
-729729.260618
-716483.632906
-731968.10692
-743046.943894
-716487.223908
-733342.854787
-726742.525718
-719297.768191
-732423.138804
-732942.631959
-746409.377834
-744483.253185
-728229.347609
-748031.350475
-729599.555421
-724413.899311
-700686.559759
-728491.901725
-746690.161623
-729194.612319
-699875.04761
-727358.605571
-726685.94699
-713146.631456
-719525.020737
-737742.502469
-730456.659369
-718926.455932
-745220.106396
-742764.243547
-726734.055267
-730867.681421
-739338.187928
-761435.875721
-729338.863909
-754125.648448
-722823.311948
-732463.627446
-729248.17862
-726139.335331
-726912.692847
-739598.971778
-724025.946772
-739846.043561
-716448.464233
-720485.628203
-759016.481647
-739390.617124
-750046.974378
-740348.610712
-741541.952834
-747385.916724
-731514.43798
-717905.467204
-732191.067773
-733606.354856
-726092.174249
-736135.016042
-724844.770666
-733148.073934
-746607.164615
-710007.837725
-736211.524117
-725255.564239
-735561.871412
-735256.068213
-719134.367099
-708243.010285
-729044.222762
-725291.250325
-752241.946768
-719456.891792
-723425.446994
-748442.619258
-732164.26228
-740589.184906
-712309.373467
-742810.341817
-734930.805301
-738469.005063
-717746.105832
-738850.06321
-738414.182129
-733323.437413
-716583.135703
-730460.830511
-741251.197065
-745214.095219
-729852.973483
-697714.786651
-733356.68849
-705813.076061
-717071.129887
-722547.209007
-721678.03711
-739976.268125
-741942.794159
-732242.365419
-691757.896257
-734580.907069
-714404.746641
-737434.921156
-725048.233876
-727513.281423
-754650.059362
-742033.313782
-751962.28991
-731792.076216
-721685.592805
-741052.118359
-746044.381477
-708228.130539
-714611.96443
-745541.498207
-724705.771061
-721640.77232
-730280.591345
-727148.323732
-692493.250285
-747250.434028
-725034.542995
-746291.580957
-724931.750271
-728698.923589
-718667.680114
-740017.394992
-745171.005992
-723496.417775
-735398.993882
-724490.591183
-720438.06054
-739550.585522
-715445.405506
-742574.534092
-717091.862425
-731568.097454
-725554.77116
-736746.414803
-734601.209921
-751501.039241
-735537.752578
-735353.80396
-717573.903884
-743623.101538
-746536.460785
-717129.631166
-746304.811847
-749927.239972
-716933.793184
-744554.444014
-734565.473954
-737365.247581
-717225.102749
-750459.552457
-717739.650877
-738974.958548
-731748.081553
-743813.460487
-742694.191721
-733685.306896
-728926.193821
-747063.930027
-725020.20913
-717582.891381
-744507.5161
-728981.354295
-748069.491906
-712336.949434
-741317.460238
-740958.970677
-740018.092202
-705716.017013
-703717.950064
-735444.698258
-734863.269577
-756610.106288
-709230.432298
-732523.075287
-727795.013498
-721014.056025
-736499.179342
-739846.659523
-752730.294804
-733221.36895
-742296.570244
-732123.350681
-753012.232003
-735458.188283
-724758.958701
-706043.223614
-716383.463997
-728811.934097
-749073.685323
-735143.142711
-734005.456005
-753232.459544
-721537.366942
-732965.385437
-715589.896131
-733969.418496
-730590.241866
-734240.80913
-742054.895211
-715261.596375
-722695.849774
-720737.880215
-731875.732702
-728614.719549
-735281.856789
-721290.88027
-720563.030425
-709117.863133
-755852.183742
-740658.97798
-738618.001859
-730487.610167
-706781.703668
-733383.124873
-719123.108459
-738695.237866
-719579.713303
-698122.368551
-739588.449952
-743264.849088
-735416.2045
-736773.579508
-734539.180707
-721084.249926
-741493.113219
-745229.361427
-725462.839738
-719547.682448
-732266.24592
-753872.82348
-723194.597825
-749277.032619
-718540.65248
-719271.695925
-734493.439566
-729772.087722
-728036.337119
-728805.860322
-747063.364657
-714557.223041
-729985.425006
-745536.370438
-734986.731687
-735326.385385
-755652.66226
-727839.510765
-720809.511678
-702297.148674
-683456.730591
-738998.958386
-736919.91544
-701305.113761
-725049.819893
-717719.473303
-732567.651837
-727884.480313
-749379.33669
-734406.590139
-741648.572353
-730937.704763
-732506.041629
-718119.789975
-718135.179464
-728794.213169
-755561.061775
-753320.846723
-745904.519287
-726389.007593
-724513.00722
-743111.056672
-715308.48112
-729272.027381
-727763.442803
-740196.609929
-753931.240563
-736650.683374
-731026.706944
-742362.40162
-747003.84461
-718323.314126
-710935.564678
-722383.844094
-738637.383606
-711513.654362
-746468.530134
-713757.967518
-743277.037641
-735868.98332
-727676.006855
-727096.983652
-716032.263392
-716834.40565
-719056.050806
-741119.847985
-733040.061766
-748482.204662
-751620.540959
-742618.33275
-733978.409719
-740487.551073
-712779.996696
-698815.52806
-722242.758618
-750165.086873
-754883.428332
-717400.983348
-744272.678465
-736554.732559
-741366.818711
-750207.529042
-748147.040702
-729036.411875
-714351.096963
-733299.464936
-709762.611381
-714086.545218
-739009.230682
-731234.725703
-747952.380089
-747683.609969
-692281.466371
-707197.615368
-745677.506015
-750437.839927
-723367.733506
-740374.255371
-719127.74375
-730034.060873
-731913.296058
-746068.607455
-719117.909782
-734560.519262
-713410.086588
-755640.466831
-729526.481113
-740349.983572
-719834.293947
-734130.952442
-715210.859756
-744135.803673
-721652.270725
-752463.12637
-740470.044279
-730634.249047
-733094.086247
-751035.848366
-733042.013229
-725262.430843
-708644.332646
-739716.591559
-731000.507966
-736034.083179
-744083.379229
-734073.547923
-735675.900902
-737843.098332
-740723.55343
-727939.591586
-701291.717595
-753106.186088
-735245.785613
-748558.459951
-710731.25855
-726693.706756
-741043.94122
-738594.689281
-742659.58116
-745470.899802
-736723.357452
-731877.482559
-728326.757774
-737847.291206
-708417.730713
-728267.015599
-770241.904413
-711392.922046
-750655.139331
-714597.476628
-720807.774236
-729702.632135
-738842.019635
-720876.883914
-727313.602716
-736499.538105
-723247.62712
-721906.590883
-752232.981233
-734833.700045
-712661.970347
-750617.130171
-735110.63034
-719229.295776
-726728.169816
-749603.591117
-744868.769623
-752024.8118
-741997.365911
-750034.579002
-725938.330836
-731563.333257
-729423.943181
-727423.289721
-725435.429361
-736930.783801
-716037.365935
-718829.270257
-738763.398576
-745454.889741
-718750.825211
-724933.3238
-703911.4722
-706003.64456
-749148.181771
-714949.73943
-720012.815645
-721209.964967
-728433.928349
-739278.676102
-733572.788262
-734269.548947
-716272.181052
-751084.431019
-735260.237721
-743359.164162
-741144.313087
-733806.172411
-758578.677431
-750461.601994
-735353.075059
-730542.685197
-719226.755541
-713861.281056
-684461.85605
-746964.313166
-724935.481865
-728171.201695
-733494.086471
-737302.5955
-753831.150999
-740141.724208
-737684.528748
-728122.823029
-746920.004389
-733073.139364
-735537.892739
-726546.615512
-727599.617908
-741063.870804
-717168.913268
-757756.060995
-738695.438131
-728083.604874
-694593.784721
-708056.971721
-726063.982536
-730991.630653
-743325.796416
-706132.477319
-731817.406184
-751403.300159
-725165.122783
-719069.353825
-736840.870336
-748985.846466
-756394.498132
-728325.819788
-716278.953493
-732386.016379
-732506.937873
-735089.54701
-730237.738629
-736931.430304
-732188.279279
-734978.032055
-718959.640685
-716579.33979
-735811.64926
-728050.856718
-738857.699657
-726615.991982
-722850.189722
-745077.022715
-741016.788751
-728672.887565
-742074.346898
-724905.250422
-730222.034658
-732751.768181
-715617.355756
-713135.084259
-720689.585844
-731775.410084
-745177.918713
-721569.24736
-739570.784441
-708121.963547
-721565.208646
-733205.643274
-730854.815104
-738605.660592
-742767.371974
-758917.423041
-720535.322689
-734889.740042
-722400.400301
-722444.857124
-734753.086593
-753589.185188
-733126.482075
-700730.96326
-747382.559589
-750151.700357
-715696.527946
-726381.638998
-730345.705618
-711133.101173
-708944.543028
-735040.543691
-720892.14747
-748342.513585
-722605.603161
-752723.703896
-702893.599426
-720854.537923
-747625.2749
-728999.262367
-747287.791054
-743442.97028
-725031.756621
-750021.654417
-733762.31206
-734903.678835
-710735.620857
-740095.214994
-713692.062558
-738866.111325
-740218.628023
-721289.188389
-728870.88493
-730661.385804
-715744.592152
-742526.597351
-723980.555266
-741420.835379
-726538.151286
-730293.065106
-739231.928021
-728288.551742
-723344.258987
-747084.930775
-744443.068402
-726374.395126
-729230.307196
-730596.938657
-747563.436559
-732434.034988
-723029.612672
-715576.599176
-734520.37998
-718651.610931
-736264.484258
-701086.708012
-740605.288306
-729612.341295
-694251.397764
-742415.0862
-736741.164561
-730816.62417
-723948.695621
-732625.409513
-717741.55812
-701310.574971
-704899.521468
-736051.282288
-748846.430754
-742615.802842
-732605.742551
-734442.866288
-719869.486366
-728495.013484
-715646.753407
-726304.541842
-749730.954751
-751190.156145
-745938.872034
-718223.356547
-739808.407409
-725982.421621
-730981.632502
-708660.589594
-742873.239447
-739775.595208
-741280.102256
-724017.179231
-715063.505267
-725103.122434
-727200.15726
-744953.290075
-732444.54902
-716693.384998
-744476.321895
-756069.956879
-735567.882505
-730900.442556
-726739.328516
-734475.564884
-748198.040567
-763284.686248
-748997.608222
-729416.748053
-710411.874343
-730950.91358
-738779.697816
-745853.248831
-710910.175763
-747296.945259
-743098.29612
-736375.670213
-736514.172748
-720771.552318
-725177.1294
-717797.834943
-737295.051444
-735616.409944
-715549.306131
-753872.210818
-738759.043801
-729016.817022
-714152.07722
-733443.592518
-751159.772647
-744405.460272
-738366.349422
-724592.283701
-731734.00793
