-662319.748056
-604596.825575
-598887.971029
-563129.817396
-583204.683251
-562311.649085
-552377.907827
-567769.661313
-607032.252947
-507610.921088
-513506.809087
-527312.029125
-524688.573121
-569598.364756
-539107.35706
-500981.402324
-545911.081423
-529538.818516
-568551.823859
-538212.406179
-679685.792762
-687661.946646
-715320.830523
-678770.5847
-695818.529222
-673660.827342
-641343.012693
-619628.825172
-707175.315309
-679898.62496
-649495.095769
-722542.297493
-692364.792874
-668741.33947
-635342.662681
-694396.157956
-680281.383676
-665009.678079
-677051.720021
-644158.189822
-716822.978231
-728970.087864
-725290.370423
-733480.175974
-705011.226514
-724725.82856
-680042.097332
-722689.220472
-716307.022559
-723583.364971
-716069.904865
-730609.437413
-735225.137822
-726160.450891
-675492.614956
-744738.08597
-683917.145838
-716397.940296
-686299.691095
-706024.935709
-733543.34519
-721905.214518
-731252.915287
-743860.989109
-742376.999315
-711616.713129
-713654.544216
-711355.000282
-726117.805463
-700065.93854
-726655.579322
-720169.82098
-723722.120022
-737790.314545
-727387.183524
-747454.484987
-733916.619562
-742787.06175
-717697.203816
-743175.560855
-736230.358227
-740416.91055
-737690.140988
-739546.114638
-745454.079373
-741867.509615
-737517.910656
-720122.006482
-732868.081625
-740737.106605
-741739.062295
-737260.848696
-720015.346596
-719979.76527
-729449.380818
-718849.985105
-695192.312996
-735036.38322
-716334.920432
-722718.711885
-708404.119075
-739137.921714
-752270.928276
-736069.697388
-740942.477472
-736372.542523
-738128.636313
-701000.10605
-728671.167766
-733381.531853
-735787.845429
-723976.441232
-744527.093455
-694838.410007
-739029.989079
-723604.863739
-721237.103471
-726025.491532
-724258.660287
-748956.896469
-732318.187099
-735709.570824
-750994.273902
-715769.542821
-742088.245767
-730153.177592
-722811.098006
-722299.777795
-740541.348831
-726145.414645
-716608.5884
-730832.821169
-704966.347626
-722321.794484
-717001.812506
-736491.77323
-709106.865001
-731905.665496
-730769.796176
-737105.521826
-734406.047121
-743473.567082
-724714.158827
-727322.097829
-729429.308369
-726791.712984
-721690.0409
-722998.345705
-741400.525918
-744939.332678
-713249.803626
-726525.960736
-743006.394834
-710878.516042
-711963.507031
-750186.917991
-718079.818617
-709729.363026
-749391.953372
-732806.083354
-708516.90334
-733769.633718
-724110.643836
-717659.884614
-732758.21255
-718930.234714
-700528.160339
-740459.832872
-729318.592182
-728767.312848
-700238.096753
-710265.171815
-729608.059622
-718130.644717
-739658.055672
-737198.338732
-739157.452354
-714641.458924
-737370.715702
-720447.087321
-717390.248575
-733916.626949
-752239.193045
-704209.213316
-739350.067382
-741677.842354
-715839.460104
-744233.420264
-741773.444566
-737413.70902
-711248.862906
-715486.426425
-727224.129637
-698255.89303
-750525.215983
-736099.292206
-708089.050412
-747648.097642
-714606.124982
-734886.717862
-724065.878886
-755400.214926
-744669.418383
-723418.266356
-759664.078156
-694047.864311
-710765.774667
-726725.566814
-742835.54661
-734623.36558
-728630.865533
-705797.180673
-693154.397777
-713052.149817
-728718.78775
-717694.554892
-745937.724076
-691404.199154
-733576.346719
-724823.456576
-706729.088534
-724885.107386
-750950.569719
-695654.100637
-740860.172531
-749050.188181
-718469.604684
-729192.425273
-719129.334634
-732869.316048
-723440.468977
-698814.695034
-711977.151564
-714052.501525
-749866.084313
-750993.067596
-720440.774695
-717147.32199
-722678.255934
-712738.824759
-704693.393196
-730746.395666
-723155.579822
-741534.271157
-725508.167807
-748067.623637
-740266.747132
-719936.507725
-700831.815131
-746697.77985
-716581.600435
-715012.4972
-728168.73447
-699845.152754
-715416.225123
-723782.715565
-713386.233265
-731012.301913
-722005.007704
-731576.770701
-740386.144253
-727834.440288
-728883.475284
-739959.928772
-717707.552458
-733389.756352
-731507.32236
-715297.291814
-740123.161837
-697730.975291
-705594.337152
-732396.779438
-740500.555093
-724899.355538
-714357.091979
-750165.486616
-744786.622409
-706139.374249
-712834.471225
-714162.545023
-749719.718163
-745806.987618
-727102.014707
-721206.032048
-742159.051979
-732631.355473
-720174.252737
-725108.455506
-717300.683656
-728663.051727
-708480.696604
-718076.925371
-709252.650071
-694507.23655
-740639.937515
-750129.701817
-724571.389723
-716450.599416
-715014.632403
-728595.302453
-710946.214181
-710741.68356
-725019.726243
-730639.413261
-713459.576448
-717155.129267
-713798.364422
-719083.797846
-739016.196956
-714594.431705
-693348.212059
-723175.382888
-710197.214441
-727017.279764
-738379.799586
-726326.570207
-757572.701267
-718319.374946
-744459.513135
-727332.414349
-709520.757172
-741449.638486
-732953.439449
-720594.573639
-719130.329843
-730689.06975
-738875.097457
-709264.757307
-717908.614691
-734605.669054
-724299.060568
-722657.185986
-738927.533947
-695085.865566
-706199.65971
-737082.439747
-732711.743713
-719132.139617
-734508.047841
-734628.791676
-716171.816128
-724220.181652
-718918.16056
-716545.017189
-731151.470323
-735330.372725
-732574.318641
-724020.854459
-727579.594595
-717938.442913
-730284.728372
-716941.891027
-713621.693817
-707405.768168
-724605.952429
-745002.233489
-737756.315723
-737290.303696
-707495.639635
-715583.370406
-739257.991047
-722435.707181
-743093.165041
-722410.554386
-724531.935553
-736332.725646
-688353.847084
-720480.973655
-729541.273348
-715032.069883
-727370.918802
-700889.339117
-740520.821918
-733748.544283
-745142.613521
-727426.200144
-730341.491687
-718066.9854
-740238.30281
-736075.437598
-726885.204189
-729078.593482
-722965.944822
-712964.680755
-708513.075333
-690763.467124
-709489.434616
-724235.118345
-723607.477936
-734611.994783
-703221.385511
-730557.773595
-736282.877382
-736510.884355
-740022.413826
-738106.843071
-746746.428816
-700378.618363
-743595.627717
-739836.704826
-728155.324018
-737077.862474
-732268.794209
-734360.28161
-728245.10422
-704488.098863
-727598.660089
-718610.832496
-751583.37207
-736237.391046
-702923.535292
-737930.795976
-736704.27708
-737446.527357
-721119.894004
-741160.860686
-716670.701417
-712945.613226
-735778.940719
-730619.433503
-741816.0134
-728981.91091
-725484.684053
-710563.324492
-720176.528052
-729933.695563
-734601.937084
-724246.045101
-723637.644595
-743190.999548
-722138.291389
-720815.187673
-723102.128237
-709240.698582
-720336.285166
-746454.550969
-726681.213544
-747268.913682
-708888.903389
-718900.045044
-751917.447056
-738426.744651
-720990.604007
-725190.097831
-750323.086286
-704261.981853
-715899.751415
-735910.522562
-721792.464509
-754164.277073
-739649.294194
-679518.968939
-741311.972329
-714442.782167
-725624.968504
-708473.672853
-731452.013126
-728251.225949
-729303.672408
-732989.134797
-730662.308762
-729020.190877
-743680.980435
-719435.594125
-728664.296703
-728426.84777
-726712.438965
-712454.926481
-700394.417025
-736896.719008
-724787.037011
-714381.608646
-725133.61325
-725419.605895
-726974.381045
-731687.022545
-730151.050326
-718248.862538
-743022.417272
-719221.515836
-744098.507089
-731381.978323
-755965.155168
-735034.772607
-722762.183691
-732219.75026
-737485.403897
-732915.880816
-708296.409653
-723940.71869
-744623.848288
-700293.20423
-736475.417353
-745896.862823
-751822.027126
-728526.11574
-714068.951676
-729512.234549
-753713.889724
-731090.648544
-730738.196805
-711102.650866
-722130.682133
-713724.001225
-727300.004258
-733803.679788
-710787.711708
-728864.624917
-721565.172589
-730033.689176
-740185.360858
-731921.996763
-732285.796714
-711416.339934
-719117.893692
-733119.422395
-723157.967576
-733547.400827
-718986.130334
-736549.465012
-735616.407497
-715311.700661
-734973.330427
-727088.233565
-745414.909501
-720715.766043
-725747.861047
-733401.506648
-716553.949198
-733812.460481
-756410.706286
-729727.370386
-709452.574765
-718048.438123
-725703.959027
-700795.140782
-712940.124402
-736690.602871
-728998.237216
-729459.026056
-736434.711493
-713444.303324
-713823.365532
-748534.284362
-724715.363098
-727883.252106
-741037.590066
-721368.353204
-723643.439582
-717726.177007
-760224.919069
-726986.517345
-694313.626379
-700514.018799
-714794.987459
-740688.362752
-725994.011668
-720704.468452
-732309.820762
-722388.522934
-748047.295136
-733445.478802
-709637.215711
-744529.058823
-758008.995168
-721439.249854
-737519.003596
-719266.197937
-730807.077798
-729964.704271
-751004.401588
-733409.26885
-706270.512708
-706159.07009
-727249.160214
-726830.144866
-723093.776645
-709004.200972
-739566.528619
-710272.723603
-753404.445616
-731857.28813
-740446.337933
-721915.903914
-742170.621175
-731784.93056
-751452.843315
-739577.511804
-715581.886361
-754919.550157
-737433.011024
-729224.97651
-689897.62838
-712931.210404
-730336.24536
-716261.924838
-719027.843279
-732732.924405
-716254.473383
-717196.653369
-733865.535594
-724547.251752
-725862.125262
-717736.934017
-716718.149318
-729659.195509
-742002.859435
-719669.492285
-731195.32207
-735753.517137
-730621.486102
-732822.349631
-719354.841156
-736220.279911
-720147.928488
-737428.190198
-724280.436875
-716945.432097
-725807.195272
-710099.431734
-719049.703762
-745824.53901
-730290.393982
-724001.020551
-721236.714847
-742000.317419
-733427.123891
-725953.560217
-710693.17012
-746111.094215
-753495.727065
-713553.802856
-717552.41717
-731471.561339
-742254.370199
-759759.596257
-715413.965343
-709367.9101
-757701.940087
-738681.100165
-744701.833746
-732869.713001
-749692.570921
-713152.830651
-726355.566659
-717339.865178
-728350.500963
-710585.611349
-720456.396971
-715541.692639
-737016.572592
-730486.350812
-709292.988044
-709150.746896
-736676.388781
-716060.057707
-737420.615946
-738243.980867
-745320.533333
-732459.591309
-730373.266597
-720092.543483
-729132.942698
-744456.063694
-736807.231006
-727397.830592
-706491.678114
-728025.404666
-752667.450647
-735942.66299
-716795.061358
-710848.204424
-715417.550114
-715589.311706
-707450.299179
-710464.459951
-720256.323791
-734134.685148
-749390.714641
-725771.586741
-737682.442236
-751730.705581
-756974.867499
-694657.689214
-713807.939661
-739805.788946
-728428.205248
-736577.525422
-740089.281181
-730330.624554
-737086.031709
-746614.70965
-715878.856817
-747133.32293
-733144.306573
-744259.598762
-720376.652679
-720137.064492
-716928.152829
-724018.454445
-738613.421291
-735778.161505
-722990.417535
-752775.147
-734474.436476
-720646.752892
-737075.766897
-709001.469897
-739083.165674
-723466.869181
-734760.096767
-715405.662305
-701604.790942
-738657.032234
-720301.372892
-735770.258203
-728231.371269
-728499.933446
-734913.466786
-715411.569154
-713870.531186
-745723.267713
-730967.01737
-732433.036196
-741795.702957
-724358.790841
-743492.036812
-711118.364524
-715635.645041
-723204.146249
-735423.975773
-730039.260366
-722632.032259
-761686.989889
-719519.338313
-745425.946957
-726248.474765
-726404.27869
-751447.047512
-712676.002901
-712490.063301
-715734.435456
-745968.743977
-725493.755202
-732180.763911
-732892.870272
-706661.459993
-745448.278165
-717929.90081
-735234.09546
-745687.762217
-712213.55839
-725155.446089
-743284.191916
-718436.924603
-714383.842849
-699106.835784
-698489.360286
-745046.123433
-751131.787345
-741304.229726
-713685.754059
-731279.843887
-695177.311541
-740641.684001
-750964.275492
-707943.432337
-734976.344957
-726720.498212
-741446.054242
-738134.416033
-720817.374684
-716140.564349
-740105.302897
-743353.569028
-757241.211288
-734617.128246
-714855.048341
-713570.738291
-738149.506917
-723200.521259
-729649.093979
-710032.699435
-703418.318563
-717577.236705
-755253.964643
-732448.333656
-729764.528989
-733570.814372
-716020.887607
-706110.990315
-736044.026812
-715267.221863
-720619.735172
-731722.033738
-742647.457684
-697614.051392
-743561.659617
-725142.650421
-716209.187308
-720144.848669
-720945.226436
-742083.599126
-728531.436102
-722621.999654
-738040.228552
-715520.422781
-749803.561923
-694678.184973
-736065.088717
-739230.08715
-743245.589999
-723216.215787
-739474.268349
-733256.503845
-757299.680259
-750498.852954
-729277.727527
-736307.144273
-726150.392494
-731526.615609
-735224.584974
-733953.419818
-737218.138234
-747826.59415
-747084.629983
-721280.793824
-717102.070072
-717958.217782
-717560.181895
-734537.571134
-725097.480795
-749625.704635
-724608.077524
-717599.412598
-709310.65104
-740147.566915
-721971.931937
-735413.791714
-730518.707681
-727902.610574
-737587.661383
-721582.790571
-754277.296687
-727490.681168
-738300.025981
-719234.077266
-715535.449918
-723608.157338
-714204.704817
-722813.173331
-739338.334312
-748709.821267
-732317.694302
-720014.987612
-732973.572891
-732610.664907
-716343.311263
-723770.009409
-725101.516356
-734754.342508
-712587.304284
-718152.978573
-751586.686295
-714420.775816
-744129.785017
-720995.011481
-719340.23674
-725240.230757
-720305.194976
-740483.881066
-750699.114188
-737137.103788
-733850.723379
-727548.027806
-710149.339763
-722656.532294
-727599.238723
-733164.629247
-754061.960051
-698248.217424
-704065.585176
-698851.413139
-722564.392759
-719598.909265
-746902.257231
-740990.95691
-719716.045834
-711644.529018
-755096.144358
-726592.780992
-739729.721932
-722509.155061
-743067.036042
-718331.762478
-717672.976367
-736429.83537
-731390.276282
-741104.782174
-722709.416638
-711205.238514
-723501.785027
-716000.461551
-719672.558058
-706462.522329
-744925.243867
-720316.402133
-706435.71903
-717022.928793
-704715.040003
-745267.249671
-722009.649491
-718537.890388
-741381.59464
-704361.734537
-723397.736772
-711354.427499
-722713.448986
-725501.945011
-709943.897553
-735806.901502
-715049.745316
-723598.42594
-714440.677923
-701978.228985
-747035.2629
-749848.282601
-741286.699923
-721365.09928
-699995.569183
-722993.571426
-721788.636343
-716500.652123
-716566.118975
-733092.308935
-718307.584594
-737890.981411
-706326.023067
-721272.593275
-745129.181845
-733537.012327
-732220.230221
-740410.506566
-707018.339391
-735906.021738
-721751.663043
-738667.063355
-731578.174796
-711407.175663
-724703.654855
-730588.356275
-732335.063481
-706962.902174
-751489.590104
-728280.252734
-727490.777436
-707921.304934
-696565.488897
-744472.378271
-706026.840603
-736707.161003
-729561.517758
-710718.331268
-698116.12392
-745500.927409
-745111.885011
-735147.939323
-729813.55261
-717407.058812
-732518.214032
-726458.875875
-747593.247074
-741950.455313
-709659.709463
-722446.631797
-751562.269122
-734480.821329
-720651.439247
-737666.368469
-715961.470843
-716869.683923
-719116.938425
-730324.657788
-746668.627402
-709013.291377
-737706.432602
-716636.509984
-729579.120598
-732511.099076
-732584.992119
-726552.283602
-740420.251713
-746370.754834
-710535.138203
-719025.304867
-724814.776649
-700437.331711
-694428.746395
-724765.24654
-735457.310759
-731080.729842
-735065.938762
-697337.432884
-715982.748929
-733071.076086
-750548.14336
-727775.833272
-732142.0127
-711363.763343
-726083.875412
-732528.546171
-703354.463296
-732635.691568
-725363.858651
-721444.93361
-739978.358451
-724251.806982
-737978.729915
-746991.463435
-725789.552115
-725646.118712
-738428.845754
-724644.994923
-708711.874004
-706798.103967
-728985.602923
-702155.451252
-743642.094715
-713829.393978
-719160.913431
-737054.746961
-741454.137504
-743356.673137
-711153.345302
-710470.692641
-746664.709563
-729985.569088
-735663.597621
-749295.439065
-723526.945027
-734826.80466
-718430.626432
-696289.999315
-726412.482081
-746471.545633
-757832.934776
-745873.329807
-734219.163828
-726717.806036
-710133.387378
-738055.690127
-723098.407358
-729828.147246
-734502.495298
-726023.922339
-737549.220752
-719106.255882
-730136.071308
-736333.542186
-724192.462219
-742863.592185
-716297.171385
-728259.146828
-704482.442153
-746295.308778
-746431.807188
-733061.456223
-742508.059973
-721104.288918
-750283.459738
-749031.125425
-737303.871794
-727610.782764
-756513.767882
-725875.658425
-730785.178279
-715347.775495
-692067.099644
-732657.004339
-727845.720728
-738492.856962
-725859.109251
-697978.810127
-733980.567586
-724860.847733
-764320.824547
-719886.464532
-731207.334934
-731357.286486
-721780.875571
-723184.127993
-740037.802091
-716174.402673
-716619.779553
-704983.08995
-721196.72863
-726522.608239
-720486.674103
-722639.592213
-744909.92292
-728110.947766
-699296.163246
-753441.077314
-722569.343706
-750107.772498
-727636.937491
-740470.337234
-719709.921643
-744004.038291
-735079.953111
-729872.436123
-734724.687992
-720171.643447
-741329.438269
-694235.657588
-734922.714558
-729780.725344
-718687.327059
-733951.993021
-740551.31032
-681338.857627
-717924.020598
-729196.357847
-733453.269811
-723385.129445
-747379.758113
-741992.673567
-750193.00249
-727241.027936
-737938.597718
-738499.394773
-734533.697221
-733217.103699
-736419.500597
-750749.782737
-719347.923493
-730964.104399
-735957.870635
-713388.972673
-707030.109224
-705678.510401
-736630.456698
-738486.194677
-721591.987503
-742184.328318
-750161.050821
-726959.124489
-743636.800917
-735139.248796
-746710.887748
-737610.601938
-723664.111381
-748762.030768
-727242.070019
-705908.385334
-734865.160384
-730037.949436
-743871.062125
-736261.31193
-727366.116172
-747030.092357
-746249.485152
-720271.793575
-745893.015323
-708139.647541
-739608.220338
-725931.879583
-743036.218257
-691302.906596
-724290.910866
-724548.5132
-740490.704519
-731540.103827
-745858.797964
-728899.776258
-709899.320358
-714586.633714
-727596.035057
-736141.127693
-733683.42302
-722390.737804
-721564.52673
-693053.996366
-722060.66935
-732672.350627
-751085.210268
-729317.748804
-726324.515858
-726188.249048
-733822.973469
-737037.51614
-739700.411301
-728795.779945
-748464.206224
-714671.151915
-722413.534268
-718716.92764
-730349.869341
-725271.310184
-721509.751482
-723793.023857
-710153.41464
-751462.775181
-720812.447163
-732967.703106
-741313.658222
-731917.882953
-739896.126816
-722120.219922
-726411.593898
-713582.831309
-720880.963104
-722861.592924
-724924.523213
-724796.214926
-753234.528079
-726199.564328
-730870.20942
-719268.603142
-746917.486265
-730216.358185
-706338.910917
-735979.792812
-704000.125652
-711940.916592
-751827.598973
-698454.660077
-712147.215667
-712678.991093
-709570.8103
-728749.330366
-730978.118202
-720870.728138
-743961.512612
-721012.923158
-751482.862587
-724891.605212
-753889.581627
-735484.686516
-739426.004588
-741432.893436
-714950.953033
-758914.727581
-722588.379872
-716132.811123
-740379.547583
-709486.661168
-742129.048698
-697947.341694
-723892.499648
-751505.222845
-751590.391675
-728521.447711
-751479.404967
-733092.708596
-730204.571756
-734372.072303
-715940.281927
-720107.523637
-722249.323539
-728272.521286
-702474.158765
-753252.06881
-728374.750548
-744741.159231
-739139.2308
-749896.107243
-727536.310881
-688698.968269
-731006.21621
-746048.507
-719163.570142
-743476.625066
-741253.225948
-737740.716945
-722416.039506
-742139.693936
-727065.427383
-737650.203559
-700176.062346
-718044.677447
-736943.762446
-756654.72262
-740296.433732
-713786.369464
-747188.520848
-721432.543259
-750644.919679
-735911.275484
-710173.680813
-728861.872424
-727703.864562
-723464.106172
-743211.776485
-690009.800891
-719118.419226
-716711.551823
-723178.689647
-740326.660959
-731162.042798
-700818.755854
-696208.295953
-724057.713326
-723436.942652
-738709.115182
-730516.633378
-709984.068879
-718156.684184
-749694.266207
-733972.729618
-746489.729891
-741829.149943
-736449.974841
-734157.853271
-717169.279343
-726423.109001
-724163.114013
-712771.992283
-720506.635087
-715078.87731
-712405.614779
-721209.040019
-714931.885312
-743520.195375
-735032.966784
-713098.449382
-729312.216564
-712225.043087
-701238.675612
-715902.942686
-752999.809261
-739636.298841
-739527.292747
-724918.13626
-729876.076494
-728208.882523
-721337.723297
-686687.865151
-746607.853597
-733791.768341
-727903.825561
-726089.177828
-743987.353739
-705478.634301
-716727.460408
-737141.789188
-723873.113708
-730451.927481
-727076.295673
-744442.5924
-743738.737228
-726071.154388
-715057.541335
-740350.15376
-734352.436378
-718423.122063
-725896.923193
-712937.769796
-736010.938415
-731665.012608
-675861.546475
-718241.217243
-739970.690604
-729289.735459
-708894.615029
-721675.910269
-726965.499529
-720593.321609
-712429.84864
-744155.709432
-732777.399687
-748071.34568
-713244.882115
-737706.553554
-705367.430556
-737151.683407
-721837.865212
-710112.845306
-727996.943287
-722334.444209
-735557.807495
-711347.393739
-738980.494976
-731948.874574
-739606.083313
-733272.385113
-711746.731388
-740854.541129
-732920.692311
-696555.140847
-707527.231768
-743699.263007
-700337.128808
-733021.608578
-731990.704515
-751814.443096
-733182.059023
-705443.280692
-739089.99157
-703578.717217
-755515.722976
-712723.1212
-724379.696562
-704542.644067
-729449.292577
-744004.156016
-722304.30501
-737364.573581
-715793.479374
-713903.437292
-712414.924645
-736062.761924
-745154.496598
-742460.427435
-732659.385943
-708363.873433
-720936.453863
-705250.895655
-754870.462795
-722513.271741
-722784.528187
-707388.627313
-742926.718874
-717533.32482
-731972.287891
-751886.41631
-727437.379087
-744320.473887
-723535.122326
-743401.618074
-703733.46319
-717215.877343
-707585.093137
-736239.161425
-712085.300274
-721617.511225
-745580.943693
-732049.993208
-727755.747562
-733002.426819
-749875.099002
-722202.828608
-730806.976647
-737272.434674
-744042.575507
-729748.542357
-707310.563386
-746376.802333
-749370.084137
-699572.602779
-714673.288087
-732026.048253
-711060.748579
-726801.829722
-684987.233546
-711854.347608
-683495.786792
-728231.862288
-748405.343823
-721702.121583
-727789.718636
-722741.070663
-731945.29843
-737887.725306
-722606.290846
-733705.593891
-736395.427322
-743827.468503
-738096.345176
-741684.080379
-725146.357244
-740892.011367
-737690.654634
-734456.846703
-697091.536527
-731065.534115
-716115.63671
-725041.458037
-733475.307514
-734084.433349
-713906.006336
-727669.945706
-730493.537902
-701342.901077
-719617.55759
-725132.076285
-717014.477843
-747077.425102
-726225.91467
-734769.113404
-728505.907447
-717429.498552
-727928.113223
-749317.649493
-687152.340645
-711218.573252
-732528.250155
-734937.62555
-720435.755993
-731404.686782
-747579.892426
-702537.436066
-718802.519096
-744324.555842
-736407.596544
-731099.630441
-715602.448689
-718635.486779
-741371.881423
-720354.40981
-732119.420991
-730885.927912
-737548.180913
-750717.259962
-712973.110093
-726200.020929
-706522.860476
-711319.919495
-729519.211481
-734719.912027
-735978.04517
-745584.251762
-730516.557444
-730227.320432
-682682.622072
-727820.218296
-728775.300028
-717128.166721
-742367.971462
-742734.568003
-742205.646574
-730799.732434
-735880.725039
-732724.665302
-698904.849561
-720943.355282
-698808.598155
-696353.176938
-734793.153292
-718433.625653
-730677.552714
-722014.483812
-721450.284327
-729745.370732
-724337.660608
-744585.700425
-755307.977925
-709102.979823
-692160.57102
-725616.672817
-727899.838584
-738623.253755
-712294.957371
-755479.319125
-717623.069557
-712703.639791
-712780.943264
-684360.918927
-734975.826328
-739235.797216
-712644.562347
-730119.439284
-751179.401188
-719907.706651
-748208.055493
-716468.51152
-742839.636889
-725769.531461
-716106.537489
-723288.184973
-728201.026027
-715792.96572
-742115.134406
-704737.308914
-726312.462239
-722333.518207
-747119.052339
-721219.357317
-735414.699314
-728763.935509
-713398.909517
-730289.365283
-724753.898009
-715023.365215
-723555.729765
-722596.636742
-736319.399713
-731396.547187
-735603.395252
-734106.001911
-717551.370485
-739576.182854
-741498.259731
-724523.165762
-713821.952805
-718128.471555
-728948.231747
-726835.029875
-749742.873954
-740674.840234
-722227.815266
-728047.182101
-706387.037989
-750895.270357
-732766.987628
-724643.75291
-752431.989702
-723219.514894
-732704.257454
-716652.112087
-709945.573844
-743366.135075
-708553.375746
-723672.590476
-708789.460141
-716336.897171
-724950.341154
-690171.614482
-733807.184027
-740877.238876
-703772.716531
-718029.48265
-737934.500264
-741619.813287
-712653.314842
-742871.229809
-722939.167795
-747888.923747
-691032.234024
-726682.128065
-746269.018822
-746317.229988
-701330.793784
-732449.629066
-724312.337758
-750119.525974
-730258.454104
-723791.503535
-747736.207925
-724785.940275
-696966.983135
-721579.752206
-729174.167363
-698563.163287
-712501.006291
-752123.887761
-745366.175564
-742310.9684
-745024.800177
-708975.689917
-740742.516217
-746759.59952
-696509.994364
-736985.738047
-717643.400801
-705368.214398
-729951.13487
-725238.602341
-709906.16072
-750883.607718
-743905.502531
-706029.214221
-730911.199054
-708996.37356
-705659.611684
-745994.576918
-729487.7537
-757784.737513
-712161.766163
-716683.807264
-734944.179014
-747880.453405
-738525.124394
-722370.838143
-714566.034161
-732822.587301
-704024.285426
-690966.344814
-728217.661444
-722326.512486
-735644.469387
-690493.008523
-737502.77439
-739586.308327
-733988.724215
-745965.951285
-738643.585646
-741493.387174
-727421.468906
-728751.012101
-727561.919059
-726666.946257
-738593.5491
-743206.813921
-701494.078436
-720293.258298
-715663.597725
-707663.824356
-744534.446946
-750334.355629
-740063.314065
-719163.42304
-762483.508572
-718831.280069
-744830.729862
-745941.923888
-738730.762473
-736222.410571
-734979.758988
-731265.729987
-745433.383292
-719399.402563
-744099.795963
-728610.048942
-740190.818396
-714948.519921
-731466.684207
-717499.296166
-721772.720242
-726942.003915
-732837.449796
-746264.536298
-766829.437383
-732039.775059
-679918.453604
-764817.016851
-736032.4775
-749982.850594
-708140.563369
-723751.019458
-745392.055807
-718519.37648
-733532.596271
-763270.201717
-740701.201759
-720617.310209
-722933.873118
-718101.699651
-742134.178277
-747952.01697
-731096.728553
-735703.021566
-726664.08209
-726139.883605
-729329.648345
-732069.233773
-743795.721988
-731913.368423
-724531.185888
-712339.250085
-733557.339033
-749452.029015
-710917.084568
-748910.420166
-732958.028441
-725278.160494
-735610.299269
-723795.038989
-748774.16963
-728330.23616
-734832.66536
-722643.703603
-749690.912261
-722997.943856
-727370.254514
-755290.919712
-723569.837088
-723106.227672
-712671.034897
-750328.188766
-762936.945539
-756660.608074
-739036.335823
-742072.637314
-743194.541027
-734901.510834
-737174.649765
-729558.567447
-741036.179117
-718683.579722
-745158.035838
-725109.256221
-738132.812083
-700937.542286
-728983.709639
-751234.025487
-736779.873362
-705454.867356
-725523.440588
-733295.366596
-729859.865694
-723970.345635
-734201.446892
-738805.035593
-720928.537301
-719778.824727
-708175.975098
-726156.828624
-753023.135911
-729834.467235
-718828.186948
-696531.001189
-735776.450953
-724627.660113
-732421.61424
-740072.02958
-730528.639207
-701939.347178
-682200.991412
-741200.144302
-737860.015402
-721621.312605
-737250.36006
-737882.232379
-691771.651132
-709526.87693
-723460.505485
-737504.98136
-748709.36284
-730279.1949
-729614.251782
-722987.61734
-733602.891762
-717371.753836
-724175.087529
-734680.45201
-738387.606696
-754769.144814
-727140.393741
-727067.976396
-722101.716713
-742564.352397
-695687.892586
-746253.787632
-729288.119681
-733027.883148
-709326.62796
-734699.269352
-727025.901532
-681874.479774
-739838.099181
-723811.078737
-724993.281104
-726363.605177
-718274.04378
-717178.592014
-724311.9976
-747150.71171
-741249.944083
-740444.885234
-735357.477304
-740330.184653
-733569.464859
-713990.719147
-719294.946297
-693743.319265
-704184.711157
-735959.975601
-708742.489584
-718677.852832
-741292.316075
-720832.700037
-734037.47979
-720946.810867
-730541.681022
-723923.183307
-730469.089845
-721462.61763
-710965.374181
-718252.602446
-743346.940179
-738775.756571
-739303.774024
-728367.374768
-723133.303478
-718517.59332
-713814.408874
-714698.640215
-720359.181271
-710330.150684
-731596.038171
-719566.724195
-758363.610404
-691055.453766
-729463.376883
-743385.136932
-728951.172296
-735322.679651
-738357.547734
-726375.294546
-744905.023678
-714384.966469
-727546.792434
-739059.411538
-702573.287105
-711690.777865
-712938.801681
-739571.483058
-726866.745204
-726795.023888
-747844.383728
-714536.84642
-723522.71739
-725384.545302
-716508.311298
-730583.493424
-700630.303593
-739399.886479
-727495.104581
-713207.13803
-735247.139653
-745293.526287
-714857.921227
-743248.916019
-737051.947763
-725197.150085
-715096.008518
-707028.186035
-733438.01347
-720164.810988
-713974.110685
-731430.625633
-734643.979149
-710998.713013
-721811.815466
-731211.055112
-730552.074649
-740605.644028
-711888.977444
-731755.072186
-732828.143592
-725181.211763
-730480.403903
-722390.274982
-718396.965324
-737834.241475
-723128.905408
-716466.919907
-695987.079566
-746129.509373
-742265.977577
-733500.103758
-746971.127085
-735375.306059
-744015.944065
-711703.193412
-732217.505795
-739208.278258
-704763.60916
-735439.921843
-740803.25437
-743579.636534
-745133.969727
-739156.450322
-712924.348917
-733242.554962
-735884.132711
-727994.968368
-726702.75985
-742165.747222
-730983.653093
-723837.577198
-749813.544435
-708376.076739
-735553.341087
-735978.649684
-720993.923373
-727109.49453
-707892.438733
-739678.082919
-735793.040753
-737540.86703
-736234.071084
-719403.119407
-728252.338535
-727344.936182
-706756.418711
-722433.527418
-723598.971855
-724749.887414
-717252.94815
-718870.313402
-729595.57677
-732661.619238
-731406.059897
-749551.355294
-733980.913026
-735374.984828
-730982.485073
-715673.632061
-729628.222973
-727323.134256
-729205.512953
-737481.488758
-723466.864444
-733659.939078
-692407.652701
-718315.756447
-720721.595003
-719893.818449
-701973.614104
-738801.10375
-734488.895178
-710583.788327
-754389.760787
-730172.873151
-722413.544842
-717772.220682
-697017.683762
-719950.253614
-739555.503307
-739571.649776
-731410.646317
-746043.49569
-728018.714322
-722818.813152
-710046.661015
-724000.950248
-741877.306821
-725963.202296
-733939.031207
-725460.821905
-749423.795594
-718763.805359
-717778.977326
-742532.77684
-728578.364271
-704502.197289
-740162.361301
-736697.707427
-714458.272163
-759239.291172
-692864.231385
-706394.478941
-681714.265728
-718846.592205
-700259.482415
-744321.191829
-748464.445629
-717023.141001
-737973.994397
-734799.179109
-726292.606738
-720100.605491
-739198.908143
-705276.984557
-728901.668184
-706958.224842
-700752.794229
-726561.030667
-712497.827538
-719062.539611
-704836.794977
-741270.035321
-725253.158045
-737744.777797
-695382.125322
-732783.960721
-744092.829891
-760521.353424
-741092.059843
-734848.747474
-728402.982838
-728752.920927
-739273.827717
-722756.318409
-746639.13213
-705110.579822
-702497.020968
-736896.325839
-735863.657738
-732439.551743
-731639.501546
-720764.842479
-708456.324336
-740650.357707
-707112.621794
-736951.43541
-695160.688541
-740016.690837
-736278.87041
-693793.033027
-749780.587755
-737503.508338
-734416.099896
-740778.766748
-737053.040531
-718574.044337
-689455.263963
-709959.712669
-729088.796351
-723651.206103
-719482.537651
-728753.197522
-712734.048445
-728172.281545
-729782.137604
-716221.540102
-711299.129549
-737669.737916
-730140.053983
-710885.50817
-733450.179003
-725136.664388
-737573.582108
-743044.689223
-726311.508864
-723879.590049
-733799.856642
-698441.159134
-713008.881552
-742113.618332
-726941.498026
-711136.708592
-690407.436821
-728708.290405
-710997.5764
-738300.752735
-731958.4188
-721938.725981
-754570.586352
-703773.523916
-711896.80502
-741865.679112
-720014.774428
-715550.781067
-733574.792256
-735735.838679
-737600.191024
-729297.608755
-724920.147424
-710305.828817
-739642.243402
-762582.655343
-720307.56773
-722154.662769
-697792.556338
-731069.051759
-739968.331126
-715876.845585
-715736.935287
-723747.76279
-731492.319472
-748215.246986
-718025.932403
-737960.598216
-729110.988434
-703048.14536
-718897.394124
-727278.652673
-710473.667089
-724471.267491
-692552.296775
-748817.040364
-700305.043416
-734560.705357
-736692.147786
-714218.852969
-718770.751223
-719284.440621
-744937.898328
-726502.775364
-746733.48131
-733924.855989
-712650.23328
-734845.651903
-718302.878422
-736218.582447
-708305.919271
-727016.663504
-687317.605366
-727881.29406
-732907.647953
-731125.106263
-755142.614869
-706088.206337
-713253.055943
-716973.354311
-728908.470048
-727904.01382
-743794.015845
-744422.565158
-732813.497522
-715936.051586
-736125.315981
-699624.791682
-743894.112578
-754631.014465
-712938.428608
-719716.233367
-714059.226435
-737173.337818
-704327.855899
-746432.580122
-742248.576266
-703140.655761
-724865.947996
-759306.518861
-730904.679202
-712905.163767
-708017.631971
-734085.00495
-743183.181603
-743899.676385
-721519.258606
-727983.348578
-729886.700338
-757867.933006
-737800.056557
-742895.494521
-720578.14381
-739247.622177
-722462.482994
-727230.052967
-741772.712934
-722578.205735
-714899.69787
-743407.002875
-743678.559197
-727267.772131
-728588.766702
-732506.94429
-737777.755985
-736167.505221
-726026.080302
-721280.528631
-700370.409293
-723718.179755
-717867.900851
-705758.489634
-729985.191033
-733385.397136
-718125.85803
-757523.981686
-732533.075003
-738119.724427
-725255.332995
-731950.322802
-774201.763874
-704714.582253
-713550.821593
-726443.7355
-735284.244383
-717478.44739
-735425.147613
-713689.60634
-694871.534156
-725753.893626
-722542.932175
-731918.210774
-715398.033477
-734029.633775
-725934.070867
-730488.47865
-710291.116716
-734839.267345
-702013.703353
-691147.848469
-727634.442125
-715681.578793
-734091.83408
-744317.719879
-715386.569997
-729288.62161
-706821.78279
-736838.130013
-732898.143347
-698514.825709
-734806.687087
-714560.843765
-754494.892681
-731662.0529
-723769.383804
-745041.441044
-712944.876271
-700442.75953
-727208.206876
-718939.656915
-741022.675103
-727110.422729
-749084.672975
-738949.406021
-715669.432377
-732458.238103
-727834.175318
-715151.066803
-721978.492346
-726964.687074
-731518.275489
-704177.525608
-722738.643536
-731448.724225
-731447.133843
-708775.11064
-730773.988175
-710215.704401
-755809.994205
-737259.975384
-737704.523847
-741422.112564
-749473.341737
-707514.511039
-725722.48485
-728707.818484
-716865.312648
-717357.206443
-695356.243108
-690571.302766
-748426.114028
-725933.302771
-719720.99385
-717992.46866
-711479.137336
-751895.321395
-712617.466237
-730795.30479
-743955.22121
-719124.219739
-742120.149102
-727635.468396
-730328.704317
-747158.079453
-746405.488045
-694628.622298
-733182.825303
-743705.990788
-697814.130366
-692591.496802
-723476.655953
-716215.643087
-749498.684637
-722566.95913
-698446.51335
-717365.805312
-712963.470731
-727502.255359
-702318.374887
-736180.894142
-730802.207389
-731164.413391
-712483.34087
-709132.663963
-742889.320885
-724684.756284
-683352.764713
-763811.875953
-731598.468875
-731060.700074
-718708.263318
-681281.655634
-723752.097724
-717103.613046
-712542.262361
-731560.709971
-734029.64032
-714815.519209
-728020.25381
-721805.11395
-744393.437951
-715899.425327
-705378.03144
-738413.832566
-735528.075893
-714774.187028
-735285.566872
-731764.676078
-735083.315482
-744556.354664
-731392.17426
-750470.671671
-733921.873462
-717669.002271
-732209.422553
-724684.095334
-746032.011383
-722440.805922
-714543.419376
-718494.455865
-717245.706358
-697463.828808
-702978.094303
-722920.398205
-726424.313236
-717642.330283
-706652.926864
-725873.417948
-708306.732377
-738400.871364
-719855.982008
-737247.848336
-717572.235392
-726553.936515
-706829.056746
-740768.329711
-725586.773471
-729020.521655
-680177.19476
-733697.676772
-726687.435142
-725470.907581
-746536.363298
-699839.522734
-735673.08233
-707645.037205
-727070.578983
-717510.628685
-705970.446672
-719230.224579
-714226.315072
-746899.008774
-710404.804936
-709161.514514
-724792.61722
-711169.937116
-731036.877595
-704778.394122
-718937.029099
-706939.516504
-731649.652775
-687605.682946
-722427.43846
-735415.766149
-709316.849497
-714956.674327
-713519.955402
-705621.888631
-731632.881819
-730240.968829
-752533.725002
-697576.338956
-697836.236316
-736091.070417
-730433.252203
-729887.258938
-741354.683554
-706918.632146
-716121.037232
-695091.46729
-751539.361455
-734882.243939
-723402.572256
-712684.668289
-746327.464986
-734083.001582
-748414.013362
-699496.733961
-714240.188032
-699157.705425
-725423.392562
-722529.304002
-731940.19558
-734612.715437
-698639.535065
-737914.783239
-732421.485564
-743246.685761
-713761.032596
-731203.237653
-729000.69856
-736633.395212
-715987.946859
-738889.661013
-752726.881015
-735891.961184
-666053.716965
-686394.720877
-731958.945057
-733916.933973
-681413.264585
-685653.585232
-712927.001034
-733862.203361
-743695.132028
-726043.929878
-709751.998855
-729468.746268
-706835.950691
-697765.227853
-721523.537238
-727901.274281
-719627.605225
-732189.182703
-733613.628781
-716117.564633
-708718.691575
-714217.491926
-701758.670002
-733094.036126
-751970.790104
-731942.326594
-723325.244428
-735469.048995
-740971.147722
-722169.310182
-727829.483707
-709933.796582
-717303.862963
-722244.941618
-727667.868562
-720230.968877
-720348.034841
-724632.09087
-724608.295835
-703011.470149
-728903.831776
-716182.235396
-711074.905191
-689808.44696
-737055.74229
-714121.507361
-735350.172915
-724699.149077
-697754.041278
-699395.017849
-725970.581098
-703874.538951
-729583.727053
-724667.759681
-721533.407626
-729591.257763
-727514.775145
-731347.127689
-706699.60886
-716741.030214
-717476.7342
-719526.011978
-699598.238602
-744477.756934
-714122.01035
-722299.239343
-722548.017921
-730910.183291
-712591.324136
-742853.470304
-727232.385071
-725307.586084
-723272.46024
-718469.976932
-734848.756667
-729021.982088
-726185.587332
-738467.886429
-679195.581871
-725673.96206
-701878.900006
-734629.714858
-722571.476245
-718287.236
-693818.179909
-699318.332526
-714798.980663
-737068.26552
-705267.07577
-735924.0345
-716225.716309
-728672.860653
-707968.277682
-736652.406469
-720954.506928
-715211.924042
-710881.313997
-721418.472065
-722304.142582
-733283.699491
-699060.479692
-713146.83112
-708838.351416
-739479.699484
-746567.539742
-706080.305798
-711241.182059
-713211.266696
-706595.119827
-732440.461907
-688918.462434
-717920.276958
-744409.576493
-725833.933308
-743770.59536
-695147.91278
-701173.0239
-711544.669895
-711223.807314
-734274.3785
-732101.446438
-728980.829131
-693095.662439
-712682.534636
-724385.177828
-748102.504191
-761123.123015
-702734.331147
-709631.882578
-693786.455412
-747391.031777
-707085.219924
-723386.889491
-704298.898862
-742817.944357
-724793.443678
-703565.810394
-754083.157111
-733024.625067
-714037.932996
-705725.170909
-700142.418819
-715888.031658
-717623.12043
-733433.223426
-720182.349801
-735206.955932
-741490.603152
-746719.721917
-723918.217305
-724328.208449
-757663.958424
-723011.617757
-711665.497542
-732400.214555
-716638.804025
-702639.270721
-739236.537643
-746125.399132
-699025.406508
-728493.006021
-716536.89594
-726654.050576
-733929.182328
-705507.870605
-722594.175997
-713480.639815
-714284.730776
-703551.824608
-734244.319905
-721306.75731
-720574.505642
-725709.4843
-727444.543447
-750911.678019
-689230.232927
-696162.510484
-698361.418978
-738637.686738
-729531.822876
-709492.699732
-732108.166175
-691677.39184
-720000.118426
-729586.570909
-692393.197231
-721651.84377
-728472.90503
-719624.354212
-737164.03625
-716296.524342
-717032.832386
-718678.605245
-723779.131151
-720451.600336
-732201.716447
-746619.345399
-728163.433097
-732724.714018
-705347.546824
-724323.744283
-736273.838402
-734823.089691
-726669.354521
-725924.932544
-704208.047455
-728753.415912
-729639.202924
-735839.219393
-739051.025909
-702233.635638
-720424.012557
-727000.902843
-717009.434739
-741387.608212
-737099.46732
-736956.129232
-697404.887924
-732442.721925
-721664.613865
-700449.439531
-738545.755472
-745468.286987
-708328.555414
-735012.288284
-719772.417198
-709234.222174
-741331.659341
-713459.835699
-726613.806338
-731008.826186
-733892.267166
-701363.649976
-687114.683906
-731484.194506
-717884.431603
-735615.468908
-718360.297615
-713193.983498
-703532.903264
-730703.244159
-701848.982391
-749489.095108
-701386.958414
-711580.454458
-739451.885451
-744422.775345
-699232.743454
-721480.416701
-696919.706598
-745200.359833
-730058.932422
-705495.50854
-720459.881215
-722615.022194
-749425.689211
-698969.736376
-686269.136697
-743937.172815
-699123.808189
-706860.457886
-722446.148379
-734459.751598
-697446.412866
-724113.867471
-717193.734393
-704819.208409
-721998.382171
-725263.766991
-732313.423966
-712054.337168
-753745.781922
-711524.398338
-725367.942512
-740953.497916
-704194.911813
-745147.704881
-723567.134968
-756118.658588
-724950.44245
-704097.840801
-714386.258031
-741748.19823
-688120.045783
-714548.899904
-728429.165262
-737671.731623
-743864.040196
-701398.297386
-710393.223922
-727541.295636
-715585.37175
-728556.389455
-744524.792435
-762121.902541
-706483.300759
-727489.027772
-705012.198622
-737456.179352
-718524.156515
-718228.182144
-708283.835222
-713085.585596
-729617.310529
-716120.189169
-742700.533171
-722603.574901
-733720.921607
-721763.530913
-729977.910303
-734299.525319
-723243.802315
-714777.145738
-734851.068375
-733265.807961
-707781.636647
-734852.317751
-710734.666739
-723173.778146
-728653.950449
-701067.81954
-721925.754132
-708278.093169
-713578.336947
-732569.413057
-721373.319015
-720750.171945
-704135.877387
-711495.497694
-736026.052043
-732117.392434
-718609.841835
-708908.255846
-730816.361343
-727553.272572
-750262.782391
-718579.27613
-713313.579612
-744923.514062
-723621.060957
-720612.268135
-728075.698119
-714142.796818
-721658.498476
-725013.108447
-733498.945439
-710770.222806
-718971.095752
-722430.095261
-734070.632503
-708698.2104
-702152.135811
-681307.638765
-723817.170423
-709927.194966
-714466.972416
-685813.488201
-718310.791179
-741554.316063
-727682.699114
-723272.256069
-725810.059536
-712562.867624
-714444.996753
-723450.902326
-705735.518933
-709378.232937
-731390.534866
-721568.818918
-729364.015446
-724691.572717
-705031.02849
-704302.511969
-688825.894292
-727840.783151
-742945.324302
-737913.942299
-741697.185469
-735364.954402
-717415.62367
-712221.929488
-720217.257119
-698430.704449
-727465.055577
-715292.447929
-732293.089887
-747373.272483
-746787.374534
-694440.405699
-727939.722915
-718297.844424
-721469.290649
-724789.388647
-753158.938694
-743844.135412
-704703.258441
-733103.480233
-715755.779141
-717177.78446
-741002.703035
-734191.62001
-715792.773707
-707478.345799
-721068.033066
-716865.50585
-730108.9716
-701119.750554
-748297.980727
-740072.160439
-729347.37789
-713191.027781
-745690.240292
-710934.840082
-742756.305859
-756078.543589
-704465.958555
-731709.577487
-716382.868896
-753677.470518
-730556.939448
-695395.660695
-749587.992081
-731781.063594
-737598.224373
-721029.988291
-730024.591754
-701113.169531
-707517.114639
-686290.855408
-709664.849548
-731604.970596
-730661.262253
-714769.841477
-726177.931252
-724159.929803
-687773.726283
-733759.317712
-723986.361705
-732673.58524
-706084.427388
-727882.055161
-718291.525769
-671291.010097
-743039.920148
-723289.200149
-692297.575947
-716654.538437
-751066.242814
-760895.597344
-726259.605172
-722395.838758
-713195.082113
-739518.076958
-744936.157438
-749289.437977
-717162.288173
-712415.17042
-731186.50077
-698486.128817
-718013.122986
-717464.846246
-721523.932131
-709322.397109
-715085.424501
-717560.142215
-740083.935056
-721828.620449
-725608.519123
-757731.353679
-717766.038431
-730907.367283
-732016.670838
-741076.481804
-721555.223641
-742016.440328
-706538.843612
-738443.48744
-718080.724491
-706511.489953
-677093.015614
-757605.105784
-734144.232905
-718380.846687
-726033.595389
-695567.849414
-715595.365105
-691052.87207
-739164.620079
-732214.271293
-725898.983146
-729473.465615
-731532.939559
-716287.733813
-727941.496148
-732507.483515
-751267.951326
-746224.487849
-734525.639986
-712912.372967
-730995.409077
-738919.148798
-685965.37897
-729537.003866
-739779.803514
-699542.647437
-716978.717696
-727996.723351
-746666.073118
-742811.673736
-731642.111047
-701565.369502
-707397.695166
-724596.615809
-726330.993362
-741035.074686
-707511.685683
-737061.365215
-717709.026857
-725254.71158
-725628.851414
-700264.921987
-706872.042446
-704998.397918
-733386.730197
-708756.481141
-719251.364822
-706346.690393
-737900.667412
-705870.711577
-722785.903488
-729320.212622
-724136.566215
-733539.258902
-749438.479418
-717146.800093
-731386.223545
-728443.25574
-712859.488662
-704936.43345
-715780.337917
-741815.791001
-708732.443196
-725251.389997
-713466.669395
-721963.43392
-727665.005181
-708725.146534
-723715.796522
-708836.278978
-710267.644417
-740722.173491
-727387.319831
-726064.150061
-742793.282781
-729832.326885
-739360.022828
-740018.108392
-696751.20473
-715090.749891
-726374.005514
-700841.137833
-731482.391405
-744790.527671
-740396.829484
-730826.551738
-720788.056031
-689723.66878
-734932.904155
-728758.851763
-727079.877885
-740674.445489
-717477.094839
-713118.503046
-718039.458842
-741671.535984
-716923.629791
-732675.779514
-705214.478837
-727188.20252
-705953.274618
-705145.347639
-738526.150889
-713977.82597
-731324.960095
-742047.509692
-748956.514019
-695454.708749
-717369.967085
-755684.512498
-743302.341196
-719656.676784
-724927.432586
-742968.610826
-716261.441065
-727155.870762
-731115.59762
-713585.505049
-707057.961703
-729089.975825
-735615.199777
-713118.114055
-732005.389988
-722287.097822
-696832.739244
-725940.464515
-739216.037021
-723436.607906
-725955.039432
-724404.085144
-718173.861742
-717521.049671
-728940.58946
-690073.222309
-699051.983979
-734097.701184
-739015.046646
-699797.509884
-720241.338295
-750648.585456
-744631.246025
-753490.993745
-720239.069443
-708910.208898
-721893.946405
-729590.219851
-725879.2189
-731525.729553
-737174.270531
-735712.054821
-708004.878488
-729122.599538
-756247.360567
-710560.474655
-677151.856444
-732168.01388
-722404.509608
-689784.428298
-719845.834871
-731042.867507
-700952.749474
-749037.250257
-732391.040672
-739037.93857
-738883.523435
-716196.148546
-705761.628915
-710853.052205
-743559.869697
-709599.5563
-744436.89301
-724585.49622
-693405.071784
-731940.836073
-729944.511164
-740525.418977
-733847.320116
-710482.374577
-736383.131128
-740800.161164
-732207.31458
-713664.285905
-718682.752471
-728031.710162
-703949.451623
-709412.157713
-728026.975284
-731154.020047
-712678.587037
-728413.633741
-723075.238001
-710672.999752
-723090.919825
-693706.78223
-709570.8792
-731504.615449
-719389.16915
-714613.214854
-732194.633377
-745113.695249
-738439.264878
-728975.151212
-711201.255659
-722583.974261
-704694.489408
-709956.60678
-721209.734452
-725217.679342
-728697.299709
-745141.223714
-726939.374527
-699056.235019
-714140.763559
-735738.277184
-717430.197499
-717896.347402
-742062.688747
-697821.125527
-717009.485061
-734919.713757
-694429.964244
-729734.481478
-730302.913742
-711410.042018
-709247.172269
-736784.593412
-728118.872428
-735347.435924
-729986.047554
-729531.492828
-720520.970386
-728958.843148
-729708.186464
-725835.544822
-724662.278779
-739317.128057
-745203.147853
-701248.913412
-718286.193402
-734926.409316
-725807.67277
-715809.304167
-750714.469501
-720916.028435
-713834.278811
-694000.070832
-729962.828313
-695865.403086
-718157.854698
-741931.79976
-712516.808568
-736844.29556
-704616.34148
-695308.795947
-715434.741308
-715055.7134
-721193.715317
-717832.82649
-728004.401218
-735056.235606
-725289.455604
-752205.413282
-727390.826714
-755834.547084
-702562.622328
-713394.616541
-734370.355433
-741192.906577
-712610.964891
-722544.344985
-729167.156469
-692532.649765
-680911.21877
-724737.878715
-737640.134537
-755748.248636
-729915.146548
-726072.884446
-687827.951248
-726999.357514
-715258.428863
-715570.880745
-726920.787924
-716906.909656
-730759.266986
-721077.37109
-733964.114277
-711188.036109
-714726.608389
-736254.232567
-723236.395811
-721100.928055
-725591.988425
-720644.665484
-712954.311029
-748741.535769
-754471.651211
-724403.281151
-736203.237152
-712721.530745
-709362.798247
-710407.879878
-728629.821308
-712850.963813
-725785.895734
-729529.432846
-744974.319881
-714091.556198
-722244.819025
-750440.629261
-709515.314809
-725021.248648
-714601.500206
-733142.177196
-724593.420574
-742803.18569
-717584.155281
-729134.066388
-728580.885923
-713673.042035
-735928.290268
-724253.537395
-695493.052072
-708955.585454
-723141.836191
-687167.813441
-723100.333122
-730156.65125
-710991.067346
-725272.119069
-727465.592417
-716470.478195
-704900.382528
-730909.232298
-727666.706482
-740767.692976
-721006.821455
-711371.667435
-720569.347704
-726437.906439
-726885.360154
-734615.407867
-710437.718643
-736856.801862
-716971.646995
-738307.475342
-709139.185655
-733702.97837
-702988.959236
-705095.382993
-736860.888685
-698865.218409
-721274.101384
-702453.237868
-729060.996313
-747566.921236
-725869.829125
-712319.242677
-740150.167061
-730413.3188
-731516.597628
-703205.862123
-723425.457396
-741562.949531
-733159.851457
-717430.586188
-725988.602628
-726808.844677
-727926.942373
-725214.33443
-718866.827211
-720347.132882
-712875.263415
-720223.368546
-714225.685507
-745666.449835
-696164.57084
-712661.970648
-723567.748748
-718358.490779
-718402.693005
-703830.102679
-724107.316554
-732076.140907
-746653.806258
-719872.318702
-735677.200994
-707878.489668
-746117.071471
-716765.009777
-713140.398214
-743482.869543
-717436.900411
-715255.209609
-707978.271145
-748683.465032
-726048.886307
-746540.061453
-747198.914139
-734462.428343
-697315.556738
-719199.442293
-742166.072723
-743051.271986
-706582.985854
-751692.931572
-733077.930556
-698607.391578
-725466.764671
-732608.323994
-716490.156161
-733262.339416
-724093.090555
-708931.9703
-724974.64898
-719083.432077
-727526.350071
-724542.672723
-711924.64208
-731713.341472
-689596.287893
-703361.556554
-713514.078803
-729211.835468
-719897.956766
-718510.541495
-727717.142704
-718932.56307
-719202.108999
-742833.123801
-704862.574385
-728226.239304
-714093.671253
-721994.948471
-727975.053479
-736866.56957
-745226.565518
-720328.643612
-702331.156709
-727012.145733
-702647.362621
-704650.742329
-727702.554453
-738226.54151
-717703.467238
-725074.669726
-733171.469534
-747502.98469
-735873.89344
-714902.901422
-705034.765566
-721212.407813
-741299.389687
-725052.754341
-732274.812319
-745206.397516
-711363.099261
-731128.400833
-722599.622182
-690225.937992
-728854.919759
-738376.523836
-711812.213241
-735480.09762
-728172.997108
-723207.68345
-740645.713765
-715203.637302
-746213.42062
-736910.649743
-750863.569017
-736043.127366
-747961.598323
-742411.539604
-733039.065294
-742789.567151
-708937.216473
-714784.70346
-689872.895155
-698773.435599
-736576.418447
-707995.958326
-717081.24909
-702911.686065
-721161.072013
-727613.326381
-710031.220362
-710092.048083
-717182.014001
-726126.025995
-743733.026857
-720636.81046
-739892.407871
-703033.228347
-723868.681012
-726694.126251
-728082.635022
-715370.455406
-751033.654434
-695052.727493
-735943.20079
-707784.046165
-729983.847145
-725324.303004
-732170.675891
-734653.467154
-711676.754831
-707206.438787
-729703.607017
-722792.063159
-734724.649457
-724458.370321
-733293.881551
-720162.475239
-741222.983412
-730565.785353
-719665.848825
-688168.795786
-720294.562404
-726975.584057
-721559.436095
-710736.08958
-751012.693252
-723838.291639
-735071.013609
-729100.762354
-721728.221385
-736015.094634
-711410.010815
-750227.854659
-721249.922844
-734461.035315
-717304.760817
-691347.660607
-706084.476964
-736917.448507
-698018.108083
-701527.812493
-723670.886436
-729692.626104
-732153.96261
-718098.164317
-709175.77981
-702151.616625
-726492.035517
-719100.178878
-714093.072811
-732363.301004
-738580.246006
-716253.758442
-703239.938963
-731185.949959
-724616.485562
-735599.068328
-720189.501571
-732038.81657
-710342.738099
-704632.344795
-704496.87798
-717007.228854
-711399.375963
-720899.587211
-693836.690732
-736647.87127
-706989.669557
-711696.06069
-704760.568955
-733357.083101
-734133.048617
-741954.112955
-678004.909252
-748444.925468
-731791.959155
-703697.913793
-733318.379304
-735026.481832
-685201.185019
-738563.317899
-725307.115494
-733137.398757
-733278.057669
-695508.233645
-741381.700927
-728794.003814
-698509.235593
-721382.286557
-698534.798974
-759109.110219
-728441.034396
-735888.499861
-757814.541521
-735805.652169
-711300.315084
-727995.319636
-740298.531474
-734588.438669
-706281.732874
-730335.061344
-707424.581119
-733734.984436
-745319.241704
-717978.358586
-747358.455207
-734407.628893
-719015.905102
-732522.652019
-741594.221358
-692061.574168
-730270.128561
-757252.68672
-712561.067655
-680672.62246
-708860.685394
-743756.943685
-718975.65217
-748812.726386
-704187.899497
-709943.485965
-694341.794989
-722553.783796
-739012.860244
-720246.366794
-717387.591156
-730904.093673
-741536.785545
-727131.223289
-731168.633098
-735093.668273
-732275.960111
-720309.176071
-727166.050348
-723053.388447
-728930.476158
-739237.878312
-736208.563952
-724319.272536
-737234.840646
-691997.683946
-710773.525027
-718002.023881
-712156.789147
-727155.745703
-716443.524426
-732573.430961
-712167.473452
-711653.087204
-733653.239792
-702005.470171
-733594.180865
-731164.084144
-744171.096029
-704600.281547
-718540.526523
-702880.259461
-696354.12376
-737504.376187
-694486.946815
-697458.268301
-715141.557526
-708101.601239
-706614.347895
-717855.211307
-728431.752247
-700318.543001
-732077.409229
-740063.554618
-724204.846019
-703212.739022
-750456.99166
-725954.470136
-722798.577788
-738293.341781
-709746.063689
-732334.858169
-720637.345532
-735041.935795
-709205.477421
-696839.22457
-687028.301843
-720332.88211
-689199.962462
-699409.462047
-695210.787888
-718977.376835
-738804.197103
-738919.604881
-710144.06013
-714020.132956
-730184.87387
-734015.457701
-736085.13035
-706660.267132
-724671.865773
-707335.964391
-726793.260191
-721891.496114
-725995.197449
-698845.534339
-749577.912762
-734575.004003
-723486.16121
-703359.243671
-717394.655541
-739583.688465
-733066.269326
-734398.522242
-737811.519002
-703136.35191
-745673.45408
-711341.435144
-710598.682441
-723230.523597
-726987.074547
-729302.322574
-710814.153172
-735678.526027
-702791.443762
-716542.094135
-738347.56086
-724715.755232
-754709.996249
-726690.446744
-742792.590696
-718349.560681
-689362.79225
-742097.811836
-732719.466115
-729114.772042
-746144.231029
-750018.557635
-726463.052248
-720589.057743
-727293.718033
-734301.243412
-737177.346372
-735086.39843
-713701.400911
-720065.309078
-701250.299729
-734903.451193
-703896.968137
-725350.112281
-711023.221144
-717503.33426
-728257.988815
-728663.422293
-730390.299423
-737987.989291
-735053.002058
-739010.00852
-699166.054348
-738274.040668
-687749.699615
-716977.644597
-721419.078243
-725671.629947
-695716.79818
-728864.389458
-735875.420165
-726252.443803
-731004.342439
-731767.807753
-714734.717134
-745006.179512
-741404.821026
-726429.009057
-719755.48291
-717352.415826
-735521.350587
-741553.526738
-725123.229535
-732529.137446
-737547.064204
-718335.88978
-728162.439875
-740850.579969
-711576.847075
-712838.143305
-697446.727445
-747769.043654
-722679.96617
-708461.914371
-717305.413852
-718519.015647
-724728.78591
-695871.937867
-729299.830032
-731715.131193
-710511.762215
-754090.628125
-734817.270633
-734901.694036
-732066.120708
-711240.538744
-740553.639691
-738554.865062
-718222.415076
-715514.592803
-731717.817422
-740352.282096
-721336.266178
-696321.224859
-731252.668482
-706167.201424
-733881.656772
-717753.377534
-731068.16703
-718524.370909
-719291.934183
-739639.878016
-734018.463449
-749221.91281
-737557.509104
-715023.966509
-718727.65157
-739783.204257
-717686.815091
-736246.180084
-704868.129008
-697369.567071
-713724.391142
-731723.681255
-686872.075783
-732905.346701
-739866.49289
-730575.03383
-695906.315669
-724908.483574
-741007.43188
-750085.055104
-747682.289776
-722058.072409
-735179.711835
-717773.293674
-722883.434984
-738400.284387
-720657.492064
-704566.733831
-719256.2135
-714694.50829
-728836.241291
-730596.25368
-735513.766308
-722608.434834
-735284.631964
-735551.055836
-743338.165423
-696901.238141
-721771.226354
-747460.765913
-723712.985201
-709340.68922
-709595.410966
-727129.48059
-723351.471225
-740889.144571
-696517.75425
-705075.640045
-730199.255174
-712500.435245
-731485.914843
-703910.376863
-726294.389069
-733763.628943
-731939.097799
-740886.990328
-718743.376144
-700368.631661
-722925.289389
-745651.992648
-711543.305591
-716992.514508
-736857.133189
-701191.498796
-728189.639042
-742211.961124
-739032.517372
-723131.198484
-715635.472663
-701416.290318
-724760.867615
-733429.24316
-719403.177597
-720574.475194
-747876.402794
-749085.674099
-726047.043222
-712977.857081
-735951.998111
-721544.421664
-729925.680419
-727987.081259
-722063.202755
-719324.015721
-725033.072098
-724516.569077
-744364.262728
-708393.868526
-721686.058227
-691072.303649
-713140.511937
-713696.333193
-725545.268314
-748299.224216
-717685.446169
-759263.387818
-727232.848894
-713033.713579
-700028.469212
-749933.553878
-714013.054109
-749535.413381
-726816.650522
-734934.296312
-739780.66182
-719344.221597
-728210.818785
-692691.937968
-710778.54731
-712793.092205
-697931.756818
-725104.957133
-717323.301696
-716705.875343
-722087.463127
-723506.109332
-724893.305623
-696382.128519
-740024.007255
-737945.551733
-720343.623679
-736573.510697
-736663.197093
-725706.62076
-723303.725813
-719248.069749
-707778.105719
-725988.202725
-717852.62821
-722973.361403
-714807.762599
-720373.658706
-725814.3663
-727308.600594
-721237.062784
-732111.627013
-718285.970905
-728490.984388
-737823.680691
-734260.142567
-722402.267128
-729858.97677
-704995.540929
-705099.71856
-743993.997235
-740888.19435
-674947.522819
-683888.905564
-729536.991773
-728130.628531
-717880.773199
-718834.243072
-723938.280622
-708838.183123
-704940.60185
-757003.060302
-711495.88368
-734707.281478
-721729.835147
-739899.694385
-733116.998816
-731676.983321
-755744.789225
-707605.580037
-732317.187606
-713578.196093
-722774.985743
-741867.302679
-740693.116115
-731038.496477
-700748.775714
-732555.736799
-744185.758447
-710110.040937
-716848.646343
-718877.538343
-739114.672619
-743329.804432
-714688.577389
-756340.406424
-731987.362308
-724820.81399
-722586.820859
-736577.926852
-714833.310962
-739013.053031
-692915.965876
-734296.475899
-732775.380047
-735983.692371
-683951.687564
-716664.18146
-720131.873312
-710879.336638
-739973.178153
-714574.227865
-693195.515325
-713598.261994
-710980.250276
-737044.776118
-746580.11636
-715328.109991
-707966.16185
-727930.903746
-716605.804717
-765097.437097
-685688.207777
-701991.103884
-743449.605113
-717188.050656
-730668.765034
-727055.345598
-719193.29216
-713101.459558
-723451.307636
-726176.327029
-743010.021695
-712512.210931
-692799.136909
-743863.210748
-720831.115911
-729536.661492
-717410.945622
-729662.189079
-733520.326883
-744292.681108
-719851.123119
-724647.319187
-679837.994073
-735032.389637
-739520.772046
-758927.508479
-734724.736515
-739745.127892
-731817.142613
-739845.151636
-723179.091408
-707665.411365
-748947.14896
-744916.402146
-710495.39101
-738014.190977
-729183.063048
-722807.074434
-733603.12144
-738495.408989
-685557.831973
