-930216.617133
-973951.621731
-989829.177607
-970333.319976
-1008601.47467
-984268.443353
-963479.373369
-999584.425412
-982653.011926
-1055959.13065
-1053711.83164
-1031227.14233
-1020736.56152
-986461.969314
-965926.134075
-1024448.66217
-1044635.44522
-1072677.70604
-926922.045657
-1063240.55869
-1126214.5471
-1165402.76349
-1253966.75772
-1145734.18018
-1143853.7069
-1164460.31086
-1141903.4995
-1229408.3869
-1178342.23825
-1216060.62349
-1134917.81931
-1122709.57173
-1131719.87912
-1231532.7805
-1202220.94583
-1161233.68801
-1130137.67279
-1180099.1336
-1127368.89995
-1108593.74026
-1118200.98083
-1296745.61258
-1265674.98613
-1270694.11994
-1235212.45191
-1252628.78379
-1238579.03464
-1292630.57034
-1280129.79006
-1286959.99894
-1218308.54932
-1215542.33717
-1205115.49802
-1319636.04385
-1125130.92881
-1267990.82615
-1193603.32975
-1179105.79941
-1273222.80693
-1276084.41968
-1128941.13373
-1299283.93037
-1250848.39271
-1252075.52139
-1283815.38059
-1270321.60481
-1268177.3256
-1260972.33115
-1283727.74552
-1274974.61653
-1290224.84746
-1233105.5371
-1256937.53508
-1341764.44809
-1177479.19993
-1310742.80169
-1271411.40338
-1190615.18151
-1267162.02619
-1253837.50128
-1205566.29867
-1232573.28854
-1265028.08911
-1248629.16901
-1250473.15096
-1264394.55788
-1305154.09905
-1277479.75227
-1304548.16024
-1304539.31102
-1274415.939
-1265266.93738
-1295214.59574
-1259033.22056
-1260920.66309
-1314014.47275
-1278476.25366
-1240434.33382
-1273031.99858
-1281471.31877
-1308289.405
-1276218.14743
-1284997.622
-1297238.04945
-1253488.75505
-1306503.09344
-1313146.00126
-1279419.32176
-1294751.38235
-1270673.75306
-1214196.35276
-1248327.47107
-1275882.03742
-1323456.46528
-1274268.49937
-1319440.31879
-1223391.74977
-1273801.11051
-1246205.11938
-1320596.14506
-1282117.48489
-1319221.86736
-1254412.95481
-1290098.30937
-1262068.8752
-1307457.82792
-1283494.37246
-1301513.54894
-1302172.01637
-1311350.91229
-1261819.49816
-1295908.36677
-1282648.0107
-1289847.89042
-1289373.3066
-1291073.92014
-1268304.29738
-1280006.17894
-1246277.8231
-1281629.78731
-1283113.73472
-1275891.9827
-1294019.31895
-1283251.25476
-1292675.3566
-1326331.56639
-1290596.04885
-1293477.26314
-1269179.50697
-1291028.19489
-1285912.55964
-1293866.09044
-1268960.40998
-1294743.74233
-1327755.1657
-1264925.40805
-1274999.40202
-1293825.10893
-1261178.14553
-1300493.51554
-1303743.12241
-1283037.90331
-1325683.59587
-1285911.89595
-1260488.00312
-1322861.41139
-1264071.04921
-1279261.62769
-1289833.96893
-1285658.44709
-1264803.35526
-1317030.15831
-1290579.79418
-1291130.2759
-1323138.23646
-1283553.07677
-1281391.93501
-1299505.40362
-1288321.40898
-1275144.89901
-1291112.08074
-1280541.90853
-1292888.01911
-1301674.67618
-1265491.87584
-1292323.83574
-1237760.53295
-1282993.49084
-1284543.63724
-1269601.15157
-1238804.07983
-1305219.02562
-1267376.886
-1261802.16983
-1300659.00279
-1298974.40592
-1285505.10546
-1280793.17203
-1289456.98934
-1297558.79744
-1290510.67491
-1257392.0066
-1295101.17657
-1221539.09575
-1281838.25242
-1292021.84694
-1315013.52687
-1279990.76423
-1309189.7314
-1303148.02647
-1289139.09276
-1282763.40904
-1292935.64711
-1289037.11299
-1316712.34116
-1269016.04193
-1305581.12323
-1293354.91154
-1254876.58811
-1300039.88277
-1303532.72056
-1267845.87482
-1263703.83523
-1296078.31567
-1299313.85597
-1285356.85984
-1278815.8883
-1281317.24095
-1279873.49953
-1265192.4088
-1248659.3375
-1280289.02172
-1311169.02691
-1313936.13003
-1236210.91566
-1271261.70422
-1284756.86009
-1304937.78843
-1298824.88758
-1285479.60707
-1301229.19987
-1306129.3248
-1286865.74026
-1293128.17183
-1296474.33123
-1312791.70063
-1280235.24805
-1281361.19219
-1279743.77726
-1328748.62758
-1274967.83555
-1329178.83755
-1277404.88715
-1290447.34334
-1295508.08508
-1271022.06279
-1248948.04191
-1300445.34572
-1258552.15541
-1276269.369
-1289211.97186
-1305983.19966
-1281926.43586
-1297985.49592
-1265532.80917
-1317507.79813
-1294043.01188
-1281256.42807
-1293542.21559
-1311860.28274
-1279564.46907
-1287795.89019
-1296513.80908
-1312072.95152
-1298849.27577
-1261983.19808
-1298841.70495
-1283410.55236
-1303345.47414
-1284513.49013
-1259318.2649
-1327346.88329
-1286331.90006
-1301860.38974
-1288070.76389
-1331669.89597
-1274855.8642
-1313214.24509
-1261539.93875
-1293039.89343
-1291906.19986
-1293739.11919
-1266640.16916
-1306619.20085
-1266123.0584
-1251635.7889
-1272455.21907
-1245343.79772
-1305242.46626
-1283929.11861
-1270015.96988
-1283799.83792
-1300667.94175
-1279846.27402
-1279951.61886
-1294839.22681
-1263984.01691
-1273243.714
-1311760.98976
-1291641.89646
-1293043.57964
-1283424.14856
-1267386.78341
-1277100.91771
-1300002.63507
-1288417.24161
-1274151.07041
-1260731.67273
-1289608.92185
-1307142.05117
-1322500.01282
-1301861.6756
-1265648.78441
-1305984.2742
-1279362.27492
-1283394.34219
-1307215.29355
-1276865.2484
-1301726.9236
-1300416.74201
-1298842.13856
-1275040.37474
-1288891.52676
-1302857.34062
-1303959.24513
-1283419.54448
-1313038.87001
-1292936.20707
-1251438.47531
-1281209.34723
-1313606.50895
-1297258.69734
-1278314.98547
-1270361.4695
-1286340.98113
-1270066.70957
-1290795.46161
-1291352.38466
-1246317.34557
-1312234.27871
-1299848.25203
-1239992.66577
-1292102.91839
-1297166.80891
-1289188.11316
-1272394.51063
-1300954.71797
-1274498.63183
-1306014.89768
-1281155.40864
-1276262.46238
-1299116.84851
-1310098.77976
-1298821.92425
-1291395.16468
-1275935.84103
-1302457.6617
-1283395.04856
-1269816.00754
-1266615.24485
-1298648.27906
-1281580.2415
-1292125.18077
-1279743.2449
-1287685.65399
-1304538.1198
-1327560.40279
-1298487.58454
-1278447.43227
-1307279.75951
-1299123.67824
-1275569.57874
-1304002.59035
-1278683.3155
-1260347.08619
-1275040.94401
-1316246.77445
-1261903.23663
-1288397.01826
-1266119.67263
-1295749.74751
-1286515.46956
-1282421.98252
-1268202.82942
-1278473.18399
-1294425.96546
-1298231.94042
-1282647.55882
-1306147.36034
-1315371.6875
-1299397.29412
-1270232.06765
-1285756.743
-1295145.0987
-1289486.02758
-1284994.5574
-1267402.75121
-1248412.65439
-1304438.43704
-1310423.46357
-1296346.41099
-1295545.45779
-1310067.02272
-1260223.483
-1281095.02021
-1264928.12979
-1278381.35288
-1263481.99308
-1289166.76662
-1290371.7463
-1270574.91472
-1299618.71252
-1274104.42193
-1250512.25789
-1267687.91753
-1297513.59454
-1296028.94664
-1282307.78513
-1288052.45488
-1290930.18776
-1275267.21583
-1260101.52651
-1279811.13943
-1288629.68475
-1266092.77711
-1280626.00792
-1269083.88396
-1283414.22077
-1294830.10625
-1260180.31212
-1262770.87634
-1319040.50005
-1265351.69781
-1288172.5518
-1258152.02247
-1310863.98942
-1272647.21798
-1238319.37325
-1284041.48847
-1283680.49022
-1321772.18974
-1281295.95189
-1252795.31894
-1310748.96318
-1297820.92108
-1264757.11174
-1284179.25376
-1293051.55925
-1305953.40595
-1277652.93973
-1254221.83541
-1269622.90677
-1299207.39676
-1297959.18581
-1264219.08777
-1282784.93971
-1295073.68808
-1232479.02541
-1270281.54309
-1286791.96445
-1301390.50898
-1291196.96497
-1297434.76134
-1287227.79955
-1267571.19397
-1256900.15109
-1285574.33522
-1286320.97466
-1277856.61579
-1310132.89796
-1287505.15458
-1284956.46167
-1278376.2017
-1321832.03744
-1285353.93364
-1328710.52776
-1305656.60541
-1253793.99335
-1285308.10212
-1296212.27416
-1272365.41966
-1284368.01259
-1271234.245
-1247520.38697
-1283374.74374
-1243335.19086
-1280171.77706
-1311501.84504
-1294954.14064
-1280790.79833
-1264269.62592
-1304103.92229
-1272284.29001
-1262218.12813
-1321900.57112
-1300382.76731
-1282301.61005
-1272325.79227
-1307972.26882
-1274903.80469
-1295630.25252
-1268494.91837
-1274331.73352
-1278512.4896
-1295067.81073
-1307742.89738
-1280606.7059
-1297426.35498
-1258129.29617
-1270728.03977
-1280510.14334
-1278676.8131
-1303099.89059
-1270870.04451
-1281900.08425
-1268731.18518
-1297158.99653
-1271169.21817
-1271943.45176
-1282357.02476
-1283428.77056
-1304444.19912
-1285143.94892
-1280927.91756
-1281995.68676
-1265275.99018
-1289755.16027
-1279729.70404
-1324614.8995
-1289555.09337
-1306940.33442
-1304027.51567
-1300354.99735
-1299526.91659
-1242788.56861
-1300664.37939
-1302032.60463
-1277071.97623
-1282730.83529
-1299152.07471
-1268957.2224
-1290077.75725
-1270570.47824
-1261864.4675
-1289020.42687
-1288085.46795
-1320979.22268
-1263370.30364
-1276197.54105
-1258624.34497
-1284636.43983
-1237815.72938
-1275487.65233
-1289725.03809
-1306266.17882
-1260450.79589
-1298411.89271
-1278977.06115
-1278637.96339
-1285851.54861
-1267278.82087
-1288652.98689
-1287786.37249
-1288881.45801
-1289625.51519
-1285833.48996
-1284282.77409
-1313870.65294
-1305343.04969
-1294697.98528
-1277025.75411
-1273382.19403
-1278360.5518
-1300080.18296
-1242650.89061
-1289190.32468
-1279005.15007
-1282955.50017
-1263014.59552
-1266258.76175
-1287463.3757
-1300656.1978
-1265408.30947
-1306623.70357
-1287355.93743
-1286435.94212
-1290649.44412
-1282160.73841
-1295060.33357
-1259105.26406
-1297804.87971
-1248589.77079
-1261717.02495
-1273642.54175
-1288799.80301
-1285512.77987
-1305872.09778
-1252063.42989
-1306652.25271
-1275561.37684
-1252779.56807
-1275696.44219
-1264725.00809
-1289022.60119
-1312747.00185
-1282887.49648
-1329617.52502
-1289737.70929
-1280969.92643
-1267782.00425
-1276264.1235
-1279625.00763
-1268650.33433
-1254221.0558
-1284559.51587
-1304591.43897
-1245655.22959
-1288232.61197
-1268922.66763
-1288302.75046
-1232239.19627
-1262252.45195
-1293444.22709
-1299084.72038
-1302213.40317
-1308004.88223
-1289045.02465
-1313033.53429
-1272617.53829
-1287004.93807
-1288877.2701
-1273812.41165
-1246854.64951
-1251931.0975
-1259399.38835
-1268917.73652
-1320111.67111
-1261828.24202
-1319308.63635
-1311652.90694
-1237665.95906
-1280479.93875
-1292431.79426
-1291562.29925
-1257138.10902
-1259929.94813
-1262644.15477
-1307327.20957
-1298807.90611
-1282528.62208
-1318620.16819
-1293937.91423
-1295836.17509
-1277941.91022
-1284225.31205
-1280405.46039
-1299161.30337
-1286785.23449
-1293304.78276
-1256966.81164
-1302747.25812
-1309619.92483
-1279928.15717
-1276808.5818
-1270593.81671
-1268953.55352
-1301636.47066
-1272606.3042
-1294789.85273
-1282462.80967
-1279787.42213
-1268617.74277
-1302192.16709
-1263112.51207
-1276007.02442
-1290529.2084
-1302428.53151
-1280359.88345
-1312004.50624
-1268431.26729
-1268573.55398
-1290731.35033
-1281028.39082
-1296057.17481
-1294322.56696
-1203064.4859
-1296981.58042
-1287292.9014
-1249561.73829
-1308948.63666
-1275590.08305
-1306032.80425
-1295542.17424
-1322381.26038
-1283348.65619
-1278457.50107
-1301732.13463
-1297256.44975
-1309068.17021
-1275171.98921
-1297004.86476
-1286101.20894
-1308512.53935
-1301734.00616
-1281840.93031
-1273099.40362
-1252480.63866
-1282069.89981
-1318451.67797
-1282081.02953
-1268600.64784
-1273496.30283
-1277102.15003
-1309932.53179
-1279924.51921
-1279850.09071
-1287064.43958
-1260988.33372
-1275942.55376
-1300543.34866
-1264623.66594
-1282087.25375
-1284586.96881
-1298913.90889
-1310149.76108
-1284197.52888
-1279160.23983
-1274654.1499
-1295088.22755
-1290099.60425
-1281958.48658
-1219793.53731
-1273612.65753
-1298696.0508
-1285919.26014
-1287040.05677
-1280368.29214
-1280414.60853
-1294689.55481
-1262412.82087
-1263273.35864
-1253938.78022
-1260879.05627
-1262438.78857
-1290296.28239
-1281986.32257
-1281239.39937
-1292157.93936
-1278310.90104
-1286288.482
-1302217.14051
-1281140.56011
-1284086.55561
-1283873.59805
-1316318.62253
-1273514.19845
-1282483.48557
-1292032.70506
-1308883.60756
-1229319.28096
-1290414.31121
-1304307.29854
-1297272.20091
-1313867.66123
-1275575.64759
-1259221.78205
-1288987.24643
-1291506.95265
-1310381.81703
-1265957.53781
-1293940.93246
-1288331.68757
-1256954.54892
-1267641.26393
-1291845.39263
-1266521.60838
-1289586.22612
-1305291.48121
-1317699.66317
-1302016.56166
-1277148.75877
-1302488.58304
-1318226.02869
-1307656.54385
-1305842.75801
-1268652.09788
-1309938.04282
-1291520.46903
-1302308.05031
-1264989.87779
-1308400.9534
-1310954.82156
-1291944.28038
-1316054.54371
-1306396.63147
-1311869.48656
-1288424.04891
-1254631.63219
-1286896.45857
-1298763.7054
-1276543.29593
-1280065.73481
-1320225.07146
-1285414.07636
-1306244.78269
-1269627.37403
-1256521.20666
-1298030.6382
-1261413.48528
-1304421.75494
-1274815.89818
-1301885.33771
-1277788.04378
-1303719.77927
-1305489.6258
-1252821.22703
-1277179.71196
-1285597.36229
-1302270.146
-1288942.02632
-1317590.24103
-1279040.47906
-1321348.10762
-1311530.85764
-1292480.55876
-1279103.37964
-1317647.05553
-1307754.33845
-1312899.67413
-1314514.09158
-1301816.56182
-1262910.6608
-1290787.75534
-1276476.2295
-1275542.96269
-1288800.37117
-1290707.29717
-1270605.18953
-1277070.94612
-1298482.33552
-1271359.11941
-1298768.55283
-1304787.81463
-1287973.42584
-1315215.07654
-1303024.70263
-1272162.92853
-1270918.34211
-1255041.45377
-1289869.05551
-1284115.93824
-1279665.86495
-1247480.05365
-1290780.10776
-1318272.68526
-1300373.96322
-1320483.93966
-1319590.69746
-1278870.3296
-1311759.85559
-1295139.44515
-1276586.41086
-1287265.20171
-1291104.27572
-1311311.37822
-1293853.55402
-1281337.464
-1307532.74552
-1286553.36868
-1307357.52571
-1286674.01037
-1306467.82396
-1283310.58414
-1251989.21608
-1274547.37967
-1304366.28693
-1312982.89617
-1307076.77625
-1292818.32216
-1282611.20646
-1301420.29261
-1297478.95836
-1287120.55063
-1275350.59239
-1277887.64103
-1264602.46185
-1281937.14924
-1313626.45175
-1330040.86408
-1285444.40807
-1289676.7347
-1304325.60323
-1302488.69889
-1295384.70164
-1247309.70166
-1294878.84858
-1310906.49177
-1304356.72485
-1279501.43816
-1300326.20563
-1315986.78248
-1285081.71279
-1298928.58445
-1302864.67533
-1281505.50366
-1273496.15182
-1283253.85772
-1283258.80604
-1278351.49601
-1309168.86683
-1310945.06655
-1297133.6352
-1312493.1815
-1283843.8921
-1284926.6756
-1331951.6239
-1257230.4328
-1293915.65656
-1293669.15232
-1269043.55829
-1238361.18217
-1301421.1138
-1274680.74081
-1288260.25815
-1307415.0503
-1234971.63467
-1315282.54527
-1264597.35659
-1291931.57447
-1304803.62977
-1282614.49889
-1260621.1117
-1265045.0963
-1297955.45319
-1253815.84584
-1281189.76756
-1274227.55932
-1304381.73581
-1270483.15302
-1314293.01607
-1298274.24506
-1229808.43462
-1293044.18067
-1250021.38595
-1291773.44911
-1278846.49405
-1266034.94204
-1282040.99623
-1290798.0891
-1298118.05532
-1264800.55951
-1247497.23339
-1286961.43227
-1247179.75429
-1287729.30734
-1322846.59073
-1255829.9907
-1293429.66103
-1294508.95525
-1283546.17831
-1251122.36533
-1309094.48025
-1319317.93823
-1307568.88665
-1288112.87971
-1290095.50704
-1250512.05037
-1257411.97369
-1270216.40982
-1301038.59783
-1282948.0551
-1286269.88601
-1331974.72567
-1271759.03001
-1256250.13233
-1269264.49414
-1293141.36965
-1276004.51278
-1261741.57863
-1265259.74493
-1281930.13664
-1252484.23975
-1315936.6159
-1295415.11667
-1308327.38869
-1279339.28457
-1303421.39903
-1284154.44542
-1270797.45064
-1296827.38425
-1292595.86959
-1300736.10363
-1286062.00335
-1271772.34767
-1299033.548
-1293791.51825
-1286114.67387
-1299593.68877
-1292582.54676
-1278854.51618
-1267806.11535
-1290159.11639
-1293866.55777
-1290116.39722
-1260626.84118
-1296038.19409
-1297878.64023
-1315104.94748
-1301335.88745
-1310586.00158
-1290621.116
-1281134.02207
-1323740.30825
-1326217.82983
-1313608.7921
-1267970.46462
-1302344.67904
-1260913.81358
-1290907.44695
-1269606.24094
-1230947.0544
-1266845.48427
-1299606.56209
-1310166.62989
-1305491.15605
-1318191.71949
-1253267.80611
-1247770.90594
-1297040.44906
-1267581.30429
-1295413.36829
-1302508.07904
-1284237.82236
-1292355.358
-1273341.80308
-1276361.80487
-1290523.6543
-1308710.48465
-1288844.69782
-1301894.65672
-1266434.09959
-1269854.15257
-1287740.61178
-1317659.41155
-1293924.06042
-1309142.68392
-1294418.72017
-1284681.55135
-1305975.55469
-1276388.64771
-1312068.02865
-1328255.29002
-1264444.84601
-1304940.15892
-1275212.70519
-1324333.14864
-1299251.4484
-1260140.41564
-1283352.16825
-1295130.35137
-1275873.11725
-1303433.20363
-1223082.81103
-1300981.04251
-1316514.18394
-1261195.4126
-1304908.13436
-1303840.07661
-1285852.91242
-1293049.34506
-1274125.47284
-1296031.53117
-1277976.11042
-1311317.84177
-1288822.84656
-1306439.55939
-1269256.60086
-1218587.10298
-1273460.04915
-1299301.59606
-1263711.07727
-1259418.02531
-1313351.98859
-1282360.37291
-1298011.51633
-1276191.95711
-1291239.73248
-1292465.25195
-1279559.91194
-1306336.81071
-1300915.23857
-1267412.98974
-1285949.34137
-1286520.61641
-1300694.46973
-1287005.09698
-1297049.11529
-1261538.99196
-1293993.5736
-1234447.8006
-1299894.08732
-1285327.65299
-1276673.31097
-1292549.91106
-1262091.30436
-1265217.38237
-1278054.94713
-1330981.82352
-1299433.21596
-1304140.69086
-1295121.36005
-1297091.1341
-1303324.39617
-1288816.95813
-1311997.99478
-1311824.82739
-1320966.18024
-1257455.18116
-1294076.41146
-1258028.54341
-1300327.67277
-1306998.27873
-1311850.41078
-1312777.22386
-1264638.39646
-1264470.70676
-1274832.1376
-1283804.466
-1269552.07106
-1295999.61402
-1302258.36284
-1315275.16059
-1289235.9851
-1285792.59831
-1280182.32452
-1272994.22742
-1311756.73291
-1327923.36067
-1268078.66379
-1312864.83017
-1237280.44714
-1262084.79236
-1251369.49245
-1296485.97305
-1261781.80273
-1292480.42045
-1280424.12356
-1326642.56095
-1281153.84581
-1285932.55164
-1290575.51478
-1267272.00658
-1284907.78061
-1290502.82195
-1260644.40244
-1287832.96919
-1292665.96099
-1252773.9977
-1275987.31879
-1285575.72534
-1252273.63313
-1251917.96227
-1248983.62177
-1295585.39536
-1280896.15348
-1281225.90628
-1295263.80927
-1304944.10053
-1268824.99658
-1298179.56301
-1279781.47377
-1276660.68557
-1280810.38911
-1298533.75835
-1269200.43016
-1232699.79192
-1275511.20226
-1311724.96148
-1264559.71865
-1279059.84244
-1264863.01861
-1239148.8298
-1286775.84063
-1305744.87605
-1303999.41126
-1319947.92425
-1250684.63039
-1296207.08555
-1294159.96984
-1288928.62291
-1291515.19495
-1266246.0866
-1312039.02943
-1283735.3281
-1289107.50756
-1267166.64827
-1285835.71216
-1228432.70124
-1311417.67474
-1312871.61043
-1272282.98851
-1275298.82436
-1272186.78672
-1299272.98849
-1254440.58864
-1317451.42961
-1298948.69345
-1272990.50501
-1268406.13352
-1275373.74965
-1292002.50299
-1302357.78772
-1288860.82603
-1299293.74005
-1259011.4671
-1284059.46321
-1276737.30957
-1278489.76353
-1280197.6655
-1257688.3066
-1271207.13498
-1288775.00318
-1271810.09581
-1284742.14456
-1282902.98996
-1270883.87806
-1301799.34044
-1272455.06907
-1233422.50179
-1261522.6322
-1319594.19394
-1275454.56271
-1279362.39562
-1291550.95546
-1315569.80352
-1262477.4198
-1307134.64222
-1276691.48072
-1312811.4096
-1265030.99231
-1261339.14595
-1268011.65409
-1261670.06724
-1297318.82501
-1279048.20805
-1293927.3673
-1279041.17251
-1253212.45757
-1269723.7882
-1262550.29084
-1304674.46007
-1289227.49932
-1292762.6505
-1319309.13871
-1275653.68489
-1299304.24628
-1302033.82266
-1300706.35944
-1258958.99738
-1291998.85775
-1269380.73812
-1253194.30932
-1295074.50216
-1276540.8018
-1252356.0534
-1280582.07246
-1286071.15774
-1283527.61177
-1304446.64176
-1268774.06735
-1287026.47429
-1248768.37047
-1290783.44656
-1271893.71699
-1294596.03401
-1277679.78184
-1278290.64229
-1244971.89687
-1304760.61469
-1255968.1226
-1253071.54997
-1287503.69938
-1272352.38176
-1311168.76083
-1295586.35246
-1271248.26667
-1280116.99486
-1274991.69786
-1292974.9914
-1232780.14987
-1338208.82168
-1267832.93437
-1300897.84379
-1274451.5205
-1279394.35568
-1259264.48136
-1300151.24868
-1291643.45154
-1288568.59284
-1300322.20042
-1271842.43402
-1283888.47405
-1309312.45937
-1327059.23373
-1314987.70446
-1278063.87725
-1260832.16437
-1290129.67061
-1282591.03229
-1267194.6991
-1295627.1269
-1283247.392
-1282062.98898
-1310011.52467
-1256641.70191
-1257321.88819
-1295433.54546
-1268096.84263
-1259641.70752
-1317486.44521
-1246258.74969
-1264606.87628
-1236086.51241
-1323322.91115
-1253187.80517
-1255586.96932
-1309869.30915
-1283687.03943
-1307248.02694
-1298566.57342
-1283251.3705
-1278839.35168
-1293850.45524
-1313949.70013
-1289582.39194
-1296705.29159
-1296161.08544
-1290373.40815
-1303445.75983
-1273402.7552
-1275939.43793
-1265548.5784
-1234618.74144
-1298115.19242
-1308603.67169
-1306934.18746
-1281935.14667
-1283003.00003
-1293854.28378
-1293282.72203
-1301733.5378
-1313170.03821
-1295233.26438
-1325253.62075
-1296508.80263
-1263038.10256
-1314517.05765
-1251609.26176
-1306188.35852
-1282806.72591
-1293146.63703
-1258265.27405
-1290549.95894
-1321317.32411
-1295750.5823
-1302839.80498
-1280004.6309
-1314570.70816
-1263959.98005
-1305520.2346
-1314973.67122
-1303546.84945
-1292144.06447
-1283889.30736
-1294138.89854
-1284839.3079
-1264411.90114
-1261382.67842
-1246618.15201
-1281680.34553
-1222469.35085
-1292708.1432
-1321876.41505
-1309806.26661
-1301065.89364
-1275381.2554
-1279331.73364
-1291492.19508
-1270026.06335
-1308493.32355
-1279112.7485
-1334754.6117
-1313416.12445
-1295672.46362
-1281976.20194
-1246956.67072
-1261558.08339
-1300678.31283
-1235202.5109
-1285592.14128
-1313192.89441
-1292526.54719
-1256843.36304
-1296404.54586
-1296045.26466
-1259942.55761
-1285253.09489
-1309838.41869
-1290893.23918
-1274620.72911
-1294013.73613
-1316451.88705
-1293045.9475
-1285032.21445
-1311501.6149
-1245474.07367
-1270802.70203
-1291749.89291
-1275929.82949
-1305906.66709
-1283130.35084
-1277499.34918
-1324445.75052
-1289141.25694
-1261966.33651
-1262792.21472
-1292129.09871
-1294945.63095
-1273382.82622
-1271990.59542
-1301907.90404
-1303455.10904
-1312527.11938
-1308008.25504
-1297075.84041
-1276574.78601
-1271113.52168
-1273098.267
-1291903.55211
-1298728.19814
-1251266.39016
-1263203.98246
-1316278.13493
-1312489.9901
-1295484.40073
-1284846.68626
-1279140.08286
-1260091.19822
-1300137.44873
-1309681.06397
-1308235.32177
-1319875.82785
-1275241.15883
-1308417.44615
-1272277.747
-1266749.31229
-1272290.20032
-1255405.33387
-1289051.72728
-1289541.48703
-1282128.8409
-1268280.53823
-1299126.0533
-1315377.64196
-1283743.15733
-1269469.13225
-1271242.81321
-1298700.32792
-1244095.0698
-1269102.46421
-1293392.28505
-1295952.21673
-1321263.56676
-1257733.20938
-1247732.83148
-1289099.9879
-1262602.28124
-1257147.21609
-1304631.35213
-1334030.64147
-1309099.68877
-1320885.85549
-1321900.62965
-1305108.15578
-1293977.91205
-1290672.4944
-1291648.74231
-1292524.85734
-1322745.74945
-1307213.48253
-1318458.90206
-1325138.30858
-1303111.62428
-1302538.2584
-1267448.01153
-1279751.00922
-1272464.51479
-1224891.58589
-1281796.31641
-1272904.19277
-1272726.32395
-1305964.74686
-1275783.91869
-1280245.42996
-1317479.15207
-1263921.48771
-1281258.41585
-1251476.48405
-1296216.93354
-1274823.4158
-1294936.80021
-1277620.27153
-1264020.3765
-1324534.48612
-1269475.40342
-1325066.26804
-1283379.87297
-1234303.87687
-1247767.7418
-1319520.85218
-1241539.21226
-1295767.36097
-1294456.79762
-1274895.04773
-1303483.65345
-1302681.72622
-1296596.34846
-1288525.95996
-1294303.71133
-1293113.46583
-1296242.26793
-1296583.22929
-1313341.47335
-1311463.35989
-1274575.16102
-1298271.67796
-1287141.85134
-1285307.8214
-1312975.53181
-1313258.22341
-1252917.97141
-1266264.85023
-1318217.32723
-1271441.10013
-1294265.78324
-1246206.65054
-1265044.77733
-1280917.21887
-1298141.12602
-1314851.34516
-1277294.63426
-1266402.76722
-1304578.5073
-1262518.24128
-1274996.68216
-1299586.88181
-1262759.87945
-1267815.75311
-1307717.02839
-1298953.32124
-1277853.81418
-1284776.69897
-1310320.08575
-1323650.98795
-1268285.79817
-1281754.49081
-1275703.92987
-1291649.09639
-1305157.06273
-1313646.16023
-1291846.46434
-1265923.71209
-1268525.28398
-1310004.08619
-1231576.96121
-1267791.59205
-1303234.65495
-1258408.91536
-1325257.07368
-1308768.42991
-1307383.41342
-1317031.79829
-1281416.26917
-1325659.67318
-1297652.36091
-1279826.62897
-1312432.20599
-1250305.08353
-1328389.62104
-1269740.85557
-1289415.89727
-1279666.88428
-1276845.57916
-1266661.89617
-1253209.83601
-1300693.0722
-1281136.75038
-1221766.85818
-1293736.6719
-1287576.34167
-1287881.06404
-1307999.47422
-1283817.64745
-1280469.76952
-1293641.62967
-1305029.35065
-1297215.20751
-1313575.58179
-1259843.79721
-1262266.5989
-1263872.49417
-1278965.56063
-1290087.20167
-1252045.91961
-1281675.69594
-1284252.03729
-1324989.64297
-1240373.8338
-1307518.29398
-1275804.28792
-1271675.05896
-1292078.28469
-1285485.31329
-1286244.83068
-1300448.62108
-1233053.41616
-1301294.17841
-1257792.86547
-1283185.79364
-1271825.09433
-1297698.92555
-1294334.60482
-1264363.16258
-1324040.41566
-1302987.3243
-1255203.18215
-1258218.22072
-1293610.57515
-1278382.36089
-1273657.28335
-1288278.53595
-1267437.38916
-1290836.9972
-1309245.33697
-1311328.63782
-1283305.36101
-1284871.42949
-1280995.67373
-1246843.65023
-1291544.00085
-1317996.18201
-1294319.85423
-1285528.70444
-1312858.69974
-1289393.36455
-1277505.42032
-1276530.26156
-1256948.82507
-1283368.34808
-1275365.47196
-1271184.58202
-1262501.72603
-1291682.6536
-1293704.69475
-1303108.89007
-1292359.03745
-1294810.60439
-1309289.07222
-1291019.56358
-1287421.23108
-1255323.57468
-1318947.36757
-1303201.18608
-1269783.10283
-1282830.02874
-1299282.05188
-1305787.60092
-1284982.70558
-1290874.78386
-1276781.01762
-1266960.81093
-1253976.19984
-1274956.15508
-1313082.91184
-1288058.50722
-1304344.15595
-1271319.83762
-1259889.99067
-1278129.27172
-1273271.01342
-1303434.73616
-1319826.42956
-1292293.25044
-1293406.03852
-1276231.84823
-1315821.14591
-1303972.218
-1260737.57084
-1272656.09018
-1261696.44233
-1275849.28012
-1285914.22374
-1318044.75121
-1294255.58629
-1269628.8089
-1290296.12238
-1312490.43121
-1276590.02482
-1317550.20188
-1265015.79374
-1282662.00571
-1303176.67131
-1289766.15844
-1287531.23105
-1272513.94478
-1306652.14655
-1301098.50752
-1276238.56542
-1301616.31586
-1263824.05936
-1273544.05709
-1270008.43148
-1286195.15248
-1319172.16681
-1303959.5526
-1265754.48343
-1272736.17431
-1285999.90141
-1274606.51407
-1322104.70816
-1330642.96441
-1292625.665
-1318521.15902
-1295856.61071
-1284540.0321
-1298476.87168
-1268377.45053
-1285338.6869
-1252188.46841
-1309520.505
-1302661.42531
-1245445.24413
-1256470.9905
-1299980.30324
-1310273.37413
-1263105.1105
-1301294.84644
-1302612.84088
-1267603.98435
-1260806.84506
-1304242.92692
-1288304.28406
-1300642.47673
-1263975.74496
-1313691.20015
-1293911.41348
-1287470.76443
-1281159.02859
-1280444.93224
-1277032.77491
-1285633.3576
-1309439.14957
-1286953.91693
-1262332.08821
-1303941.77041
-1313288.26026
-1278140.58401
-1261320.91993
-1279275.64911
-1274137.1116
-1279062.73549
-1293840.62201
-1311038.88355
-1323556.50739
-1272694.77963
-1270266.54912
-1270172.63751
-1305046.75577
-1259901.62477
-1283996.85243
-1303909.9564
-1299780.93811
-1307810.67284
-1308499.03965
-1296904.15892
-1307395.19599
-1294473.45899
-1282045.98598
-1260177.87713
-1306027.08222
-1304910.34932
-1266163.12341
-1312636.55541
-1289299.05502
-1244453.99267
-1276345.07791
-1281474.9526
-1292116.40448
-1319753.73029
-1279955.60486
-1291663.99921
-1303150.7229
-1291874.04854
-1315853.47736
-1299045.4941
-1264005.81458
-1273300.64725
-1315696.68995
-1300328.5746
-1276755.37702
-1262768.70175
-1289895.01615
-1278508.49292
-1308460.63395
-1253325.88691
-1293995.27377
-1250976.21041
-1258382.22054
-1290729.99931
-1239708.73791
-1301714.28555
-1313426.03051
-1253688.04674
-1293825.18065
-1271164.45441
-1296784.05
-1292103.13723
-1293972.92184
-1305315.32546
-1301712.56259
-1278790.75046
-1311929.19378
-1299558.46232
-1292404.94339
-1291342.16084
-1270332.80428
-1314914.6896
-1262168.45969
-1285782.40889
-1299362.50881
-1300206.51355
-1302289.24811
-1304280.4942
-1293849.79735
-1276127.88589
-1277580.351
-1301727.52046
-1305363.36739
-1266630.66311
-1304413.58578
-1299174.3072
-1302148.55765
-1310755.38504
-1269099.84057
-1272713.52295
-1286217.43504
-1288183.19854
-1301762.55429
-1235566.06529
-1291916.79883
-1262935.97065
-1304841.70237
-1290394.35437
-1279145.17297
-1285019.86338
-1282437.12648
-1277135.88549
-1299870.81304
-1265027.72022
-1301471.62942
-1264014.63781
-1297202.35184
-1270113.297
-1262424.95041
-1270636.74574
-1291086.25847
-1288801.31369
-1299645.68489
-1300956.82358
-1299825.37391
-1266914.45578
-1272150.92438
-1266062.20017
-1285519.64879
-1320034.92788
-1298135.56586
-1290569.33241
-1313326.94746
-1312800.50049
-1301631.83047
-1285541.09935
-1270863.98238
-1291483.96257
-1305753.95741
-1261132.47477
-1272048.57635
-1265755.53597
-1301114.80908
-1306282.98348
-1278483.9858
-1237947.30054
-1298716.88066
-1313269.27544
-1301262.40426
-1305223.47218
-1281032.35098
-1252070.99427
-1309477.66188
-1300020.94526
-1294099.90335
-1289647.25149
-1283156.64905
-1281065.57524
-1309266.25391
-1321251.73067
-1275368.16675
-1284737.89317
-1253478.42995
-1281723.40822
-1293335.16177
-1278708.42471
-1290512.75875
-1253303.0946
-1263202.6768
-1277400.32901
-1314218.4071
-1316149.03874
-1307385.45489
-1283692.85359
-1310045.3509
-1244984.47277
-1260879.31858
-1315208.87569
-1300401.8585
-1292641.70174
-1301159.19664
-1269606.91594
-1295846.40923
-1305039.46139
-1289648.78739
-1288136.48236
-1278213.44728
-1245703.68505
-1305092.96603
-1308985.63041
-1246161.36107
-1271054.36506
-1290746.02392
-1291293.99078
-1295922.69293
-1271552.88483
-1262578.1722
-1299947.17481
-1280641.37597
-1302222.24423
-1297505.70323
-1289176.94385
-1255500.72381
-1268819.41283
-1281326.07743
-1291541.46806
-1280059.26179
-1253569.2438
-1311368.68487
-1271669.99815
-1259263.33859
-1293630.06115
-1291783.65158
-1322010.78078
-1260044.37771
-1292264.39931
-1283520.29957
-1280685.47031
-1286059.68452
-1284685.13414
-1279193.12942
-1269657.77618
-1293658.03784
-1267698.82007
-1293586.5303
-1227917.48985
-1256804.78012
-1290419.1837
-1322886.61846
-1312629.24852
-1292698.31717
-1266162.1149
-1284075.41175
-1277668.15589
-1247672.54034
-1284577.96874
-1285041.52238
-1284738.31371
-1256107.54873
-1308804.04464
-1284161.85898
-1279482.75273
-1297875.05247
-1283811.6466
-1296722.24377
-1223495.00639
-1288263.13319
-1268538.37511
-1260237.86423
-1271135.60885
-1285691.53959
-1279753.89626
-1302072.31279
-1261371.52372
-1313871.10784
-1273219.42632
-1259495.21505
-1308556.09863
-1258646.10568
-1277895.52396
-1255488.52611
-1289102.93199
-1268709.24823
-1305852.54217
-1290947.80371
-1265280.8588
-1303670.53905
-1271312.99922
-1300306.11053
-1300434.8839
-1278512.72341
-1242787.01499
-1264250.66131
-1275091.41895
-1297190.77743
-1291292.6417
-1286315.12247
-1295423.13763
-1260873.07829
-1281500.44339
-1277692.65626
-1315301.66774
-1255125.20508
-1304209.92786
-1277744.29717
-1299636.00067
-1279000.77022
-1316539.33759
-1317142.39816
-1316643.58854
-1271532.687
-1295507.96365
-1287566.79825
-1257118.90601
-1287950.45917
-1259185.74337
-1310690.68142
-1281044.17186
-1283488.96594
-1246479.70581
-1291996.94047
-1263445.36093
-1308486.25077
-1226456.33227
-1283036.76716
-1256925.44984
-1273133.33687
-1300852.64505
-1313924.27689
-1250891.0805
-1318148.09721
-1302783.37761
-1290143.03307
-1280597.43955
-1271471.14287
-1288926.49524
-1294831.32079
-1310717.48611
-1298141.16449
-1274797.6697
-1300450.72806
-1267716.80498
-1315791.3716
-1280122.63827
-1268270.51688
-1299631.55213
-1324980.6371
-1303365.34063
-1299572.14897
-1295256.66642
-1284338.12965
-1319894.14209
-1288333.0625
-1266175.60161
-1285211.07281
-1280228.73095
-1283127.83269
-1295820.43822
-1273464.101
-1274292.2805
-1289517.17038
-1279232.80798
-1261244.31291
-1305312.75291
-1275829.28857
-1244591.748
-1280867.8413
-1318955.07867
-1284600.94009
-1277665.28563
-1244632.83906
-1308446.24794
-1263627.32408
-1305144.50607
-1297516.90399
-1297918.22061
-1277282.15824
-1287882.97662
-1306609.63096
-1290625.82675
-1276054.18864
-1295979.36634
-1268082.05762
-1311571.31569
-1273698.05045
-1265837.63243
-1312192.48599
-1266728.7173
-1300294.51513
-1285885.33913
-1276059.58908
-1298726.0249
-1286778.87871
-1274659.83138
-1310980.1814
-1284617.62008
-1293292.65488
-1288630.36175
-1255404.27915
-1274261.99571
-1314846.57803
-1291346.05289
-1305542.31258
-1258580.93331
-1304913.28515
-1301592.30398
-1242284.44366
-1302601.89168
-1269379.35981
-1279788.13532
-1268213.24633
-1277394.05052
-1257228.46598
-1291143.89488
-1307378.13226
-1268938.1008
-1284896.93032
-1262901.84943
-1290661.06304
-1275008.53334
-1272370.52885
-1267220.24244
-1289568.00892
-1319021.12683
-1295414.88432
-1300832.98355
-1277341.17025
-1302856.49242
-1299817.46005
-1296086.74981
-1298695.76123
-1293574.30454
-1273454.13675
-1266287.38539
-1283836.72962
-1336168.99538
-1272339.96737
-1282002.15807
-1311844.66861
-1308806.91647
-1244609.34761
-1292647.1923
-1290668.47894
-1274813.46254
-1297017.26167
-1319661.94727
-1277302.00782
-1285948.73767
-1261649.98746
-1284125.02565
-1266524.16193
-1282701.88464
-1298522.25073
-1306221.49808
-1285924.62704
-1278643.10073
-1268449.53641
-1284758.39967
-1261631.35694
-1255574.14648
-1298892.28874
-1252671.62401
-1280190.4216
-1263753.7975
-1285800.42104
-1295628.15141
-1277880.79246
-1290766.25278
-1300188.36893
-1277460.16459
-1260425.01968
-1278659.73757
-1309514.18778
-1248777.70426
-1243670.06817
-1317798.32159
-1298481.77381
-1305128.79688
-1288329.55
-1263891.19776
-1262925.13198
-1283865.35443
-1282950.52595
-1303866.90532
-1291890.49453
-1297320.15617
-1301092.86996
-1293864.67752
-1290973.51638
-1284982.54548
-1303911.52359
-1281228.74307
-1326902.71414
-1271488.84865
-1264488.04956
-1256515.44302
-1264947.21805
-1290300.83224
-1265800.25031
-1311658.46256
-1284239.43919
-1311084.61306
-1283862.81901
-1298921.33245
-1239347.34241
-1273830.67813
-1295665.60188
-1291872.70641
-1289835.42148
-1295211.56275
-1303190.30668
-1269043.47538
-1303240.47102
-1270652.06905
-1285319.97477
-1306877.1799
-1282994.80492
-1293124.87051
-1257683.24592
-1271426.17841
-1264156.63226
-1305813.12547
-1235893.86691
-1266447.47219
-1298801.6383
-1286243.87031
-1291690.46991
-1306835.72532
-1286247.97027
-1297983.4741
-1250483.34123
-1261327.92018
-1281449.68464
-1293359.61137
-1303894.20662
-1284289.97094
-1284448.96915
-1323208.42304
-1247834.64944
-1310786.03242
-1244864.18328
-1279894.00474
-1244989.95472
-1301484.33536
-1280757.45635
-1258472.11183
-1302966.03576
-1304796.46753
-1310121.76106
-1307260.17904
-1305304.00369
-1280316.9498
-1270346.71427
-1308129.21802
-1306827.39134
-1284200.72509
-1257367.34248
-1292184.44731
-1281458.35148
-1295391.09702
-1258404.37998
-1270060.50518
-1283853.65223
-1279802.51189
-1280839.54308
-1273297.18862
-1249597.13457
-1293283.45126
-1302035.90548
-1314706.28681
-1303814.32064
-1277411.11116
-1316901.60498
-1298425.39447
-1284141.61327
-1292210.30433
-1265513.87103
-1284399.26255
-1254637.88662
-1299278.34288
-1279397.76673
-1306395.49721
-1235049.98721
-1336145.92622
-1271238.51522
-1305523.13974
-1277425.78369
-1266504.46119
-1270377.15139
-1275615.67527
-1266307.4777
-1308620.11501
-1305475.44994
-1293763.05331
-1289466.54606
-1289323.2284
-1282816.08657
-1288467.25505
-1285355.18897
-1268202.7379
-1308832.36747
-1284650.22294
-1223564.23674
-1308997.4378
-1288383.87125
-1286462.86464
-1274369.62893
-1290946.07243
-1282486.45638
-1269723.73138
-1297812.81312
-1289347.48658
-1298404.95508
-1348315.58587
-1297494.54578
-1264793.34924
-1304204.46598
-1279421.089
-1296528.99536
-1277186.15656
-1288053.47432
-1265025.6948
-1298789.53781
-1313683.72914
-1231320.09817
-1263585.40562
-1281707.43186
-1281999.0617
-1329576.01546
-1277313.9301
-1290415.53255
-1275158.01688
-1297096.86309
-1295889.22113
-1268524.52504
-1302426.99272
-1276958.12775
-1300619.36977
-1282418.65392
-1291618.7464
-1293530.60182
-1264003.98504
-1283064.65518
-1307834.86349
-1298310.96475
-1278045.17821
-1296521.76505
-1301997.37399
-1299009.16903
-1289915.88483
-1305665.74431
-1329768.8774
-1285551.24247
-1305204.86635
-1292757.1929
-1305812.52157
-1273765.01898
-1279720.84235
-1255895.60653
-1275525.31269
-1276188.73399
-1294944.87987
-1266253.31407
-1321294.27321
-1290676.16552
-1292061.41382
-1310139.32499
-1300578.81442
-1308992.49456
-1289809.84609
-1297122.36904
-1307695.38653
-1288198.65796
-1314066.08005
-1301722.6385
-1318275.14667
-1301485.09932
-1285507.71195
-1288680.82959
-1269927.46184
-1289496.58972
-1291449.56399
-1271683.19864
-1317074.45955
-1271207.59445
-1244090.45135
-1280163.20185
-1292016.54428
-1302279.95553
-1293252.61626
-1297652.43149
-1301706.238
-1287365.73005
-1294465.56933
-1306718.24273
-1303556.55837
-1294265.82178
-1292050.21247
-1275138.82765
-1295655.32423
-1285666.94474
-1306499.57568
-1284850.81862
-1307985.46112
-1272989.25434
-1282619.76788
-1270911.60902
-1289162.20889
-1294617.70362
-1306328.43378
-1285250.77154
-1299638.20108
-1310581.8671
-1300809.27534
-1299469.08428
-1247829.62297
-1298778.58966
-1291691.12115
-1279562.38011
-1277932.92728
-1237227.65627
-1316003.35511
-1310467.02924
-1296780.0161
-1261868.39598
-1288864.82722
-1294085.77508
-1290856.88324
-1301102.06867
-1287545.06964
-1302727.49531
-1323570.48768
-1291252.56467
-1303735.62408
-1231072.30524
-1258347.30503
-1338937.33346
-1298539.63357
-1312533.0853
-1319863.90663
-1288568.9692
-1285882.86521
-1271418.93446
-1292016.66575
-1256778.59757
-1273860.31524
-1287754.51394
-1291862.32275
-1294141.9278
-1266627.54568
-1246516.75708
-1304737.77695
-1300297.09653
-1300784.91858
-1240448.76311
-1293463.15306
-1288578.09096
-1274336.61226
-1236194.71577
-1282760.78128
-1284155.33389
-1262562.25586
-1245915.38676
-1264447.7837
-1257539.90446
-1230777.2733
-1289722.20272
-1252058.90574
-1304492.76934
-1281468.85687
-1284447.76218
-1330174.94487
-1287906.83439
-1315125.92814
-1314625.54178
-1284252.66983
-1310645.66318
-1304156.13562
-1306709.93201
-1300002.06102
-1285551.72923
-1299576.68766
-1230798.85302
-1307526.63145
-1244505.46516
-1267734.28629
-1272788.25637
-1283302.72188
-1295877.77031
-1296961.76332
-1272101.74276
-1298843.76742
-1306937.85642
-1321590.49997
-1290282.77243
-1266359.65276
-1309811.43406
-1272169.06776
-1256658.38085
-1291249.58191
-1294523.69543
-1295021.36893
-1282537.34202
-1256047.97832
-1262034.00555
-1303611.84874
-1291136.86579
-1279789.83714
-1304497.49227
-1288910.20773
-1298346.04413
-1305411.27117
-1277700.80249
-1274743.84581
-1280203.7545
-1266025.77877
-1261542.6516
-1304319.61605
-1292026.68829
-1316530.29746
-1248312.68427
-1305807.35872
-1268264.87271
-1308433.38563
-1226356.01634
-1257568.77637
-1278387.19402
-1249316.86902
-1332063.4388
-1277471.43627
-1281114.09134
-1306371.109
-1282312.57989
-1293178.9761
-1287156.27827
-1276154.36426
-1301525.01905
-1272981.53705
-1302321.10112
-1301975.66717
-1284721.41392
-1269754.94435
-1261493.97797
-1293152.88257
-1310863.97134
-1263356.1704
-1296345.00683
-1254303.80202
-1304279.36231
-1268247.94027
-1304560.94342
-1280918.01471
-1286339.42321
-1277261.99951
-1277083.86222
-1270532.86238
-1299543.25932
-1288635.22442
-1269037.48757
-1306111.1636
-1249392.77113
-1273349.90466
-1287186.57703
-1272125.48724
-1313205.19599
-1250339.59178
-1301177.12269
-1284348.87919
-1298265.00252
-1258846.58325
-1287013.70945
-1296711.77612
-1276249.77193
-1309378.81031
-1259117.60942
-1255695.18821
-1252517.02681
-1284488.18076
-1311027.59622
-1280716.68696
-1283011.31911
-1302128.41519
-1268104.30664
-1266811.54869
-1259795.73983
-1290153.42631
-1288314.85534
-1327244.84713
-1307858.93036
-1280231.63425
-1303989.82866
-1295025.29607
-1284728.49782
-1268156.12319
-1305496.01739
-1293681.93502
-1281685.31618
-1269670.57225
-1317572.03948
-1224557.36907
-1291903.18763
-1260484.32126
-1312703.62003
-1288206.1006
-1268378.81514
-1277784.03223
-1306694.91377
-1328367.2719
-1313080.83886
-1297547.21232
-1269070.56023
-1302775.15366
-1319245.96673
-1307910.10076
-1262909.14196
-1290343.90543
-1287300.7909
-1275830.57633
-1304035.49347
-1269557.14134
-1291720.08276
-1282072.08876
-1272524.16028
-1305201.93834
-1253786.35983
-1257490.62064
-1284558.99053
-1281771.29723
-1288446.72096
-1280241.72648
-1281948.16023
-1308372.88935
-1312550.98511
-1269072.6173
-1297237.239
-1282861.10218
-1292246.72074
-1300115.65841
-1285999.24766
-1264390.18197
-1277686.07094
-1271117.32444
-1235629.53144
-1278555.14222
-1245296.1584
-1295435.01648
-1269809.43217
-1275454.26159
-1319272.25514
-1310309.27564
-1286649.79057
-1309299.43265
-1267226.24662
-1329760.19029
-1290304.3123
-1304837.91305
-1273184.12164
-1303093.93184
-1317137.49476
-1292954.03723
-1278509.14546
-1254903.29879
-1257162.41329
-1301135.11106
-1283748.59849
-1292426.39041
-1285293.57506
-1283899.45673
-1284971.12996
-1274847.98274
-1266542.17595
-1291191.65988
-1263753.17731
-1308356.00914
-1261225.62799
-1291043.1858
-1268519.55621
-1280753.49662
-1291625.7582
-1302954.17043
-1270777.10414
-1272402.91348
-1267024.3622
-1280644.3349
-1297784.93462
-1277600.8099
-1270466.97331
-1273286.0686
-1241960.13022
-1287615.28789
-1283713.58307
-1280004.40504
-1305046.20959
-1295421.56503
-1307333.76437
-1269898.66913
-1269295.37771
-1249915.81682
-1293427.71024
-1261765.14727
-1306845.08734
-1290350.77445
-1258569.10716
-1278663.55837
-1276355.13399
-1301677.56108
-1269853.25539
-1287301.01669
-1278394.70297
-1292958.87558
-1274694.35836
-1284865.88886
-1306196.22048
-1299866.7141
-1293754.64915
-1315467.07503
-1313762.07095
-1306991.31151
-1282072.31618
-1278633.38737
-1292253.9683
-1298636.42784
-1256191.24986
-1295579.48912
-1297557.15532
-1253262.70545
-1277505.44427
-1289053.1731
-1322645.55032
-1279986.31051
-1290980.07561
-1262927.52453
-1309750.73929
-1283708.46017
-1266720.98013
-1300274.75754
-1297553.71556
-1296502.17273
-1303711.45989
-1288774.38457
-1293091.43961
-1313871.82118
-1303217.50371
-1291065.06892
-1276351.62463
-1315987.40459
-1298406.96809
-1254989.13731
-1321319.4287
-1289790.62857
-1279762.34851
-1280347.16861
-1282521.02905
-1299445.11533
-1283853.22751
-1255714.2158
-1293879.60226
-1306601.95996
-1293095.77484
-1259804.33114
-1286149.77204
-1303012.94107
-1284730.23071
-1288792.32184
-1296771.29584
-1294975.39369
-1289086.0841
-1285536.1243
-1306714.90172
-1296213.76266
-1303744.12704
-1280848.58479
-1290411.9955
-1292733.53841
-1271784.20732
-1313508.50597
-1297789.63901
-1286212.77253
-1291096.04942
-1299058.98878
-1271800.61376
-1300097.48969
-1270472.45542
-1301249.50519
-1249768.06084
-1245713.0435
-1300254.16343
-1290676.23757
-1304543.71115
-1268351.07366
-1302550.12815
-1276274.91139
-1270678.30729
-1298919.67106
-1303096.50565
-1279647.22673
-1295997.99782
-1333702.66786
-1271599.25973
-1288802.44927
-1274407.99868
-1274411.32246
-1229648.26157
-1269887.94279
-1306704.53156
-1282327.59829
-1263033.77019
-1276718.16649
-1297426.36856
-1306747.71705
-1239164.90879
-1307003.10937
-1308015.43956
-1307626.17404
-1263821.11203
-1332360.621
-1265198.89536
-1283315.11699
-1284056.20144
-1290437.31948
-1303789.25656
-1312539.4073
-1257271.85961
-1275993.7757
-1296794.53652
-1264894.36947
-1275739.30428
-1300591.00695
-1293040.56506
-1289770.21238
-1259290.24869
-1279818.55803
-1307839.62585
-1289904.25936
-1272730.88625
-1282251.25324
-1300270.71651
-1275110.02624
-1313538.14337
-1259329.50755
-1314965.83161
-1282146.77575
-1287163.23964
-1264543.21363
-1294118.88631
-1257212.62966
-1293834.47205
-1285889.32302
-1301219.7869
-1295767.26215
-1289587.56298
-1239399.2419
-1280367.53969
-1301584.15267
-1279875.85288
-1288022.981
-1295614.80371
-1286648.26273
-1268226.50018
-1282682.35113
-1295186.97399
-1289531.10832
-1290683.62746
-1238984.23321
-1275141.55766
-1298885.71973
-1270340.75154
-1295725.1511
-1277774.03945
-1282034.63475
-1263542.64191
-1271567.91115
-1277062.41319
-1269268.39326
-1287886.83786
-1307153.84587
-1279688.53461
-1298504.31532
-1295557.86233
-1271405.50836
-1271044.41916
-1310910.62275
-1307576.51529
-1253529.15448
-1325254.28364
-1273395.89829
-1288244.86451
-1311361.99835
-1295076.02354
-1269397.91054
-1274385.51633
-1281295.27261
-1281992.50739
-1300783.30007
-1291995.30554
-1310207.26101
-1298089.306
-1283593.31081
-1282847.14145
-1284813.12354
-1280903.7014
-1279419.36923
-1313682.25791
-1294188.63415
-1282892.29326
-1296946.16676
-1278402.055
-1299266.58496
-1289825.67909
-1261100.84223
-1274103.95609
-1273196.07773
-1270686.84455
-1275211.24259
-1287349.35239
-1325082.73755
-1292018.74907
-1311222.498
-1264715.19427
-1309079.402
-1255963.15481
-1297609.63864
-1268019.29814
-1305632.98217
-1304984.05828
-1299389.50425
-1289354.88895
-1298525.87594
-1303790.21575
-1329439.46655
-1266123.13779
-1328944.59677
-1286142.55522
-1320534.53733
-1241893.17597
-1285883.02099
-1272845.51422
-1297981.20944
-1275802.99743
-1294854.57545
-1304912.38974
-1317867.9318
-1248049.94823
-1248081.17487
-1281883.2301
-1290066.84015
-1293980.27066
-1267735.55738
-1296921.03089
-1279428.00594
-1293591.90707
-1295863.24663
-1262628.03691
-1291661.8087
-1294930.13912
-1280041.41738
-1283725.82539
-1282818.14642
-1255169.65928
-1288604.33085
-1312490.68631
-1265802.65481
-1264893.60985
-1301602.0027
-1292755.93118
-1284924.29549
-1306734.37321
-1242945.53866
-1282904.60628
-1318734.33132
-1280617.61178
-1280941.86169
-1287637.73163
-1273562.64866
-1295541.02461
-1286183.91596
-1271003.74957
-1285082.5638
-1272349.04584
-1300555.78173
-1279422.04486
-1304706.35235
-1205672.68836
-1300849.71084
-1275525.43908
-1283252.639
-1283419.70568
-1284715.30665
-1298520.9128
-1285600.8941
-1324801.45624
-1263807.78361
-1259436.3533
-1313056.35029
-1293096.33834
-1304976.07226
-1308270.51228
-1296249.20314
-1290883.13496
-1278171.74656
-1311515.2906
-1291223.97484
-1283246.42094
-1279688.3684
-1285912.92326
-1291329.63683
-1306189.56805
-1255075.53173
-1298375.58454
-1270653.16714
-1293142.55771
-1331088.49995
-1281904.13629
-1282533.72776
-1299675.04244
-1282085.92933
-1291201.99852
-1295608.57926
-1293393.31618
-1293277.69527
-1306431.55177
-1289288.71418
-1252725.19382
-1278707.31299
-1252246.54621
-1304526.83924
-1270339.07286
-1318934.25001
-1240354.24279
-1266909.09541
-1291307.43798
-1307549.9089
-1298863.06166
-1303578.35478
-1293056.89921
-1265878.32482
-1292958.67664
-1298365.77696
-1315021.13361
-1284377.0208
-1307132.69748
-1279072.23628
-1250122.37237
-1258495.94096
-1269399.09963
-1279553.13712
-1285182.55808
-1286898.77435
-1285290.54619
-1317553.85875
-1289045.42242
-1326169.34863
-1274031.49518
-1304261.45413
-1299178.22653
-1312036.39568
-1288400.99999
-1295404.06718
-1280002.14368
-1274006.16807
-1311472.27723
-1308787.16458
-1289336.23148
-1295311.8485
-1275828.69197
-1299028.70275
-1282136.34618
-1288492.50057
-1270834.64147
-1245151.97107
-1272438.54455
-1282948.99106
-1270948.51333
-1266763.85858
-1260995.5324
-1295082.73882
-1288144.52127
-1295112.29361
-1310653.1513
-1305329.64148
-1275205.73659
-1303974.52767
-1266322.33609
-1285298.99034
-1255218.31211
-1283591.58669
-1312728.42397
-1279995.38091
-1313524.48289
-1258604.42125
-1274756.94556
-1255998.94495
-1304144.25284
-1294000.53058
-1282684.23882
-1281484.96178
-1270632.60802
-1290013.22981
-1282248.38924
-1300807.82909
-1265777.12662
-1271232.16635
-1295755.00129
-1284354.57306
-1252851.42258
-1267701.01787
-1321052.77956
-1258811.43867
-1296004.27435
-1281497.7276
-1285884.57725
-1282698.33248
-1270506.15868
-1320996.17388
-1285819.17656
-1289093.74218
-1287479.01103
-1288075.69886
-1290309.40404
-1283877.09082
-1279839.20454
-1259687.91088
-1258291.67755
-1311462.59519
-1275108.60125
-1259333.03795
-1312831.86739
-1303038.78637
-1306874.44016
-1333954.46993
-1302531.0706
-1273378.45657
-1321277.0176
-1291625.3649
-1296778.94723
-1271038.08618
-1290964.1553
-1298288.42793
-1274349.37507
-1274772.85895
-1291638.82995
-1310171.72369
-1299845.13909
-1295085.14922
-1247849.33185
-1273234.30446
-1290098.73305
-1301054.51281
-1323397.84578
-1305963.32847
-1298655.4761
-1278156.95383
-1283225.06844
-1305641.92069
-1281492.19152
-1253623.9633
-1260431.3944
-1309802.5742
-1298865.52181
-1275936.16663
-1298340.0746
-1293456.35465
-1294744.13715
-1327104.51673
-1322783.00688
-1292321.98346
-1294348.22479
-1294986.80188
-1310501.35342
-1288880.71873
-1267697.03991
-1287706.5002
-1292814.34299
-1258206.81728
-1295885.18738
-1240672.049
-1281027.74997
-1288711.83498
-1281393.38677
-1300928.6718
-1292349.25752
-1246775.5221
-1236426.4856
-1259427.56723
-1288265.42083
-1267037.75726
-1265995.62696
-1282971.21346
-1304559.40992
-1263571.16809
-1272846.0417
-1275849.40593
-1308244.34785
-1301167.89515
-1290836.25891
-1273471.59239
-1286791.89032
-1276747.48308
-1295086.00788
-1273882.37025
-1287115.49943
-1316555.09002
-1276540.77281
-1273766.11508
-1273746.75793
-1289583.20938
-1273349.93017
-1258148.25873
-1289361.60988
-1299613.81746
-1315260.82273
-1303160.86289
-1340111.71856
-1299244.34398
-1270402.82411
-1284345.0543
-1283486.04535
-1279118.14336
-1268947.10393
-1256678.86557
-1264959.23178
-1264391.24899
-1267028.09838
-1313957.36497
-1286812.89954
-1274091.14322
-1286515.79308
-1275803.81914
-1285392.4821
-1283959.2723
-1289681.25884
-1307318.45418
-1310946.00737
-1316704.15942
-1281698.90153
-1275411.76065
-1275663.26644
-1297210.28897
-1317613.51752
-1286433.05554
-1301711.54126
-1273301.76711
-1312637.20324
-1283703.43367
-1328014.12716
-1280346.10099
-1303395.83996
-1279302.85873
-1316583.85082
-1268412.15979
-1285592.42311
-1319376.42593
-1312667.38121
-1322604.58803
-1286531.66737
-1278593.11974
-1284956.44346
-1291284.95285
-1305544.97995
-1288733.94046
-1272323.90565
-1311195.63154
-1310211.9927
-1310214.40087
-1277538.21075
-1276448.04535
-1259396.0238
-1316339.79534
-1290897.62401
-1278976.34996
-1279196.5973
-1266740.06041
-1287648.02102
-1302205.1625
-1290882.69175
-1256481.99794
-1320474.32389
-1273431.31278
-1314857.98229
-1253656.00501
-1261468.58212
-1302785.57239
-1268135.48799
-1268181.24754
-1243493.58763
-1315901.37209
-1283621.29772
-1293711.18171
-1315117.75112
-1261834.93565
-1262160.82874
-1287870.21146
-1297712.52595
-1313147.66413
-1309610.13923
-1277219.31429
-1265621.2059
-1292034.3335
-1280709.32819
-1295095.33051
-1278402.92542
-1294644.81144
-1220891.58875
-1314311.03311
-1305357.98308
-1261606.60472
-1281127.11591
-1293799.43143
-1300112.2252
-1255660.29798
-1273363.31977
-1301212.01159
-1250881.56308
-1303220.57201
-1283919.79518
-1239676.37793
-1283034.99821
-1275258.71456
-1286336.32108
-1282250.59515
-1313116.33525
-1286801.77401
-1260152.65263
-1259555.98795
-1282269.0387
-1290085.68762
-1292477.81753
-1288143.74541
-1296941.13928
-1283475.04184
-1277913.87069
-1297247.82057
-1300883.35954
-1300684.62768
-1301632.17513
-1301517.65532
-1318970.94378
-1308139.07781
-1299310.7299
-1299475.18674
-1271997.26105
-1280646.87115
-1274020.76862
-1253821.23802
-1284429.44758
-1249127.59917
-1282534.05398
-1315884.00467
-1290066.51984
-1276473.84927
-1256928.57392
-1277292.68687
-1325521.52849
-1294945.40196
-1270770.52502
-1299162.18146
-1323686.70556
-1296026.4393
-1295027.00983
-1283775.81684
-1313291.03942
-1308936.41965
-1307671.75626
-1285561.0765
-1249643.64235
-1254778.97878
-1274884.5299
-1276968.3739
-1275270.79088
-1298562.32809
-1296084.51708
-1271650.63429
-1281424.09467
-1298448.78227
-1299221.01809
-1295837.60169
-1271390.00021
-1296897.98045
-1312689.71658
-1314118.42194
-1267841.52775
-1296618.87952
-1307033.35324
-1302219.02529
-1293031.13752
-1290290.12786
-1252681.59541
-1347839.72835
-1303483.74845
-1302669.50609
-1278828.9998
-1285898.81859
-1325704.47649
-1289349.63248
-1301303.66701
-1262560.51089
-1302455.46503
-1298396.72619
-1305688.49614
-1280697.56698
-1307595.65661
-1301199.96107
-1292236.78633
-1310165.61385
-1266827.02829
-1297426.04305
-1321115.58418
-1310249.82218
-1276702.34951
-1304660.24677
-1303797.20993
-1301451.60295
-1294238.49968
-1293108.06669
-1309535.13776
-1286736.73896
-1293263.45417
-1263937.00122
-1299988.60893
-1289483.20487
-1278360.54276
-1279216.2435
-1274467.18824
-1303395.18143
-1297314.67775
-1232736.78311
-1313580.41378
-1314953.26283
-1284168.40838
-1314683.33957
-1310227.29433
-1303344.64075
-1301245.2463
-1267651.73372
-1264507.2781
-1296846.09546
-1288793.47082
-1302120.44293
-1303410.60177
-1269598.53959
-1260951.40489
-1293515.43324
-1275879.28353
-1294734.09821
-1274305.0197
-1262976.41032
-1267151.49484
-1272462.0951
-1285892.09722
-1299375.05571
-1279683.67946
-1294423.31831
-1297970.80429
-1297905.09878
-1305669.4153
-1287039.7636
-1302420.44386
-1286539.3788
-1311775.40591
-1292520.03888
-1253049.82278
-1294470.20999
-1303995.55937
-1232614.73659
-1285890.65888
-1251238.84211
-1261146.868
-1320031.22199
-1297624.09223
-1313295.03139
-1256719.8017
-1301388.30008
-1301117.62429
-1292920.94854
-1298291.52053
-1286319.09699
-1243141.77231
-1286298.87745
-1308035.49461
-1282039.07933
-1248730.82071
-1290550.55771
-1276173.3281
-1279852.93932
-1276604.70129
-1288506.995
-1254318.93328
-1268166.7931
-1275675.05717
-1284212.47296
-1292745.70004
-1304010.81491
-1312296.81551
-1289411.19727
-1278948.95287
-1288855.95828
-1278999.91574
-1291172.03618
-1306648.87112
-1286264.90931
-1259390.0758
-1296757.48983
-1283191.37857
-1295216.41684
-1252986.81748
-1276848.52714
-1296279.55352
-1260266.63488
-1324525.02808
-1265244.16607
-1292241.34799
-1265525.00764
-1262598.61556
-1309464.77542
-1287643.76661
-1253895.69028
-1259267.34714
-1330468.55177
-1284221.09503
-1307226.56161
-1320539.20711
-1255430.27804
-1285231.00885
-1251927.98935
-1262280.67911
-1265327.54502
-1290301.72086
-1274457.03303
-1288638.66819
-1271282.85297
-1303845.40802
-1287325.53387
-1270203.39998
-1294711.80251
-1301299.28936
-1253274.42841
-1300547.52395
-1277874.03351
-1303616.70866
-1296654.02974
-1300112.83118
-1294442.55319
-1269828.58878
-1271785.29625
-1279809.40531
-1283111.01931
-1303288.40731
-1312170.71794
-1259632.59891
-1300625.6722
-1290996.68768
-1290925.85213
-1250367.61915
-1260148.76244
-1294809.72245
-1297207.45524
-1258883.54305
-1285873.34284
-1283776.27129
-1309826.22213
-1301556.46402
-1281105.13579
-1302803.40951
-1290259.81174
-1263022.47288
-1284561.00053
-1271136.52372
-1303809.55885
-1292231.29555
-1317908.18939
-1268662.99575
-1319907.43587
-1328746.88559
-1301939.61875
-1287234.19705
-1317512.95996
-1318667.65605
-1280591.39339
-1291175.51399
-1253034.29013
-1285769.33807
-1286676.016
-1264175.31287
-1272267.96718
-1246795.20706
-1281604.51746
-1285591.69577
-1296088.16063
-1278121.67572
-1272644.10814
-1323334.05885
-1266168.64694
-1302548.81152
-1271433.59039
-1291496.0816
-1273452.45574
-1305418.57506
-1321742.41819
-1304329.81293
-1255578.76529
-1310654.99188
-1264406.34706
-1259367.96286
-1292995.15113
-1296727.19154
-1298446.92233
-1313704.58022
-1308236.74603
-1291586.80823
-1307188.54536
-1258472.07755
-1298859.59142
-1293112.15049
-1309356.51925
-1299714.0773
-1260002.51482
-1278416.50765
-1316666.99367
-1287233.51375
-1257869.77468
-1273627.86232
-1288625.25963
-1309487.44873
-1283970.52275
-1264083.22912
-1259225.81911
-1287830.74331
-1280378.45668
-1319432.28752
-1276354.79134
-1320848.35094
-1301022.98178
-1289124.8196
-1272726.70895
-1299799.21351
-1276250.83253
-1298246.59157
-1305705.33309
-1262129.22014
-1317510.15875
-1320122.01652
-1319858.12215
-1314934.27647
-1283303.48104
-1262060.24814
-1286302.26973
-1299875.45881
-1296364.71134
-1310306.41429
-1303060.9668
-1286177.683
-1292726.28315
-1295532.30836
-1302076.39733
-1241833.42958
-1310771.12682
-1282574.53833
-1298864.46419
-1296229.42662
-1288217.69712
-1290951.36932
-1285290.07953
-1315062.62783
-1299891.15154
-1272575.84081
-1281270.02609
-1306334.74387
-1292269.95361
-1290674.04549
-1293229.97062
-1237904.05581
-1290230.02678
-1282394.78305
-1302902.75092
-1287913.03994
-1308312.68608
-1278382.56311
-1316238.27051
-1310199.09472
-1266249.59554
-1264723.61157
-1310619.43225
-1268230.55925
-1302042.07558
-1266651.62746
-1312017.94148
-1284975.14187
-1283919.21648
-1310172.94481
-1305842.52071
-1294513.26185
-1259934.02689
-1296723.00794
-1281016.47871
-1301533.88592
-1316085.45024
-1263129.37217
-1285156.61596
-1278074.97333
-1307141.19789
-1292084.45485
-1297706.75346
-1273972.05709
-1275641.45273
-1257500.91466
-1266410.26721
-1314242.36639
-1307018.46986
-1303595.84463
-1295752.41611
-1298462.91742
-1293408.56596
-1326142.68649
-1290963.18424
-1300649.72494
-1295815.87551
-1283699.15972
-1246704.89684
-1267855.04928
-1276260.01402
-1277350.63632
-1269061.28317
-1258235.22061
-1299941.66416
-1280098.62411
-1282458.90644
-1301899.018
-1282627.20389
-1294678.78316
-1277833.38058
-1286466.29114
-1334005.70871
-1315091.91787
-1245506.20644
-1276353.01467
-1271597.77567
-1271340.21671
-1290228.57008
-1281728.88453
-1292396.51253
-1289159.972
-1315548.03425
-1279962.75242
-1229395.41054
-1311328.64125
-1306934.55503
-1258206.19854
-1278363.96952
-1324464.3079
-1279922.4141
-1271841.16217
-1303521.26693
-1300803.56433
-1292777.06956
-1268690.28867
-1259856.9754
-1251372.08349
-1302769.29284
-1315263.51252
-1295627.68879
-1287563.05786
-1259077.40341
-1263037.92998
-1304033.80056
-1279008.03603
-1274279.73081
-1305711.09344
-1304398.54337
-1306388.7041
-1259302.42517
-1286955.51752
-1314998.85124
-1319498.09867
-1281177.98375
-1279187.34
-1274372.75517
-1256135.77841
-1275236.24786
-1272944.87605
-1319346.68315
-1313122.44752
-1264474.38922
-1255464.07512
-1323549.01623
-1276977.25987
-1306158.13248
-1277426.64498
-1278078.68231
-1299754.3223
-1308584.76133
-1303192.88247
-1316126.63988
-1290269.86969
-1302333.58793
-1279551.05783
-1291757.13336
-1278332.70598
-1254364.71615
-1287853.38133
-1276092.44167
-1300409.19739
-1280106.96038
-1297258.32467
-1283440.622
-1266018.85603
-1277821.71474
-1293029.4323
-1315435.01058
-1297213.15077
-1266746.90578
-1319764.27062
-1267152.62773
-1313619.46203
-1295579.13758
-1269009.33636
-1247009.83946
-1313118.83666
-1304249.05697
-1309624.39889
-1305347.57768
-1299093.60709
-1332025.42307
-1282331.97804
-1274593.03377
-1309354.42772
-1272266.3003
-1258633.22717
-1264652.64749
-1262589.63188
-1314407.42371
-1282202.1201
-1325000.50438
-1257766.92449
-1321252.25239
-1304431.62807
-1288181.80607
-1314443.43104
-1258516.14614
-1302061.25156
-1288673.77755
-1297871.43369
-1277744.65483
-1292011.66767
-1297506.47603
-1272062.9715
-1291170.05205
-1268224.12535
-1299318.57194
-1303482.70841
-1290942.1552
-1296359.35595
-1282515.56353
-1318514.52711
-1277959.83791
-1285195.16254
-1285796.23586
-1209573.5838
-1279390.99721
-1278026.7172
-1274974.32054
-1260271.78338
-1298721.14653
-1250381.17172
-1296571.8083
-1270600.59082
-1284168.15252
-1281151.93362
-1334457.40587
-1267638.65944
-1282767.59654
-1288469.1824
-1288045.41243
-1295982.96095
-1295006.53812
-1298023.02719
-1304766.88983
-1307765.17513
-1305042.95917
-1305722.35997
-1268664.46062
-1230465.15453
-1303349.15537
-1254550.22027
-1305682.06103
-1279112.30693
-1304196.88684
-1297128.94652
-1283389.7492
-1279260.1181
-1275003.91257
-1270476.85326
-1253350.81197
-1272566.83082
-1304108.90238
-1314858.84329
-1290521.75845
-1290827.53105
-1293219.47215
-1287710.13798
-1293213.36847
-1290275.04757
-1261699.1429
-1274456.00402
-1286813.79513
-1303879.43363
-1309765.98138
-1271870.79679
-1262527.58337
-1277534.75734
-1309595.77818
-1284833.59176
-1279744.82546
-1300652.37815
-1291518.81468
-1315715.3962
-1257650.03997
-1290746.71994
-1284045.07607
-1269626.22789
-1274015.01433
-1247135.48408
-1295918.61926
-1243508.33607
-1251307.02297
-1310118.70991
-1280796.16795
-1268892.67818
-1233050.67935
-1292650.6966
-1319971.56242
-1244642.62298
-1296511.78396
-1318579.37267
-1322180.73054
-1284956.96606
-1262072.16686
-1293316.16878
-1290580.64471
-1321113.67132
-1269895.19824
-1276818.66715
-1280622.99695
-1292210.35717
-1293633.81997
-1268571.11412
-1289068.04045
-1264906.95528
-1292938.16394
-1313229.46937
-1313317.36195
-1282988.68999
-1308945.52905
-1287518.38393
-1304478.17037
-1287970.25108
