-275930.687064
-263763.687638
-255227.263409
-304778.849764
-277935.715272
-324594.710745
-308506.575445
-264896.197525
-290520.910461
-275747.680719
-280860.030279
-283833.591524
-287059.580704
-318254.009767
-263069.600265
-299027.688209
-327995.791828
-271987.345391
-271976.348808
-288358.474678
-326664.258399
-339497.998758
-350055.871459
-334927.07981
-351965.44763
-342103.814107
-347522.188696
-331096.806267
-358417.983372
-344750.336048
-357538.800951
-330569.657982
-326568.385771
-331031.343813
-359419.500388
-334409.53905
-346861.983079
-353945.866237
-336990.44768
-332338.681152
-349979.067134
-343842.013033
-353358.583804
-361817.853572
-341837.766527
-370670.665196
-362991.674015
-341200.198664
-354066.87313
-340263.764634
-353900.765092
-360852.273114
-356204.120848
-361227.184046
-358675.827278
-341851.623593
-339315.904627
-360046.191204
-348369.184529
-360924.892452
-367299.28708
-339752.880767
-367415.207418
-368675.402357
-357106.47661
-343049.557162
-351573.517649
-357973.397244
-355449.910574
-361754.432591
-357341.612934
-359430.711278
-359752.148856
-359554.120961
-356141.041708
-357007.704942
-331940.759718
-357851.692394
-359694.589086
-359050.064657
-362289.286035
-347165.551808
-350708.399588
-363048.333662
-354009.875679
-345974.50182
-350820.260704
-355010.083864
-338846.786571
-357860.736295
-359505.900339
-365586.115387
-368164.450669
-358053.758031
-355405.661495
-366331.792537
-356464.726675
-351504.456737
-373169.486168
-353068.184448
-363226.326953
-361493.973861
-348552.7734
-337651.543873
-348424.741483
-362058.906721
-372358.009887
-354401.076666
-368701.681359
-370414.336879
-357410.432821
-357716.228004
-351792.745065
-364211.68946
-355814.062338
-369179.219555
-357980.286415
-358207.469398
-351398.255011
-349798.582778
-368680.236635
-365941.378684
-361452.047544
-353468.667859
-361222.766249
-361077.70337
-357762.386525
-366134.941786
-360075.03254
-353521.672873
-335639.238086
-359103.850302
-359554.495563
-355101.91794
-350622.39893
-347372.83788
-356981.20941
-347086.41906
-359731.354848
-355133.134779
-366188.117269
-365433.134327
-369792.878377
-348284.350424
-358126.994477
-357842.861877
-345244.207095
-353105.537483
-367246.137939
-358229.453624
-346352.174828
-366796.415856
-357873.193579
-358387.895744
-345523.33977
-357490.798297
-357282.535703
-365859.549345
-359229.303447
-365538.488196
-354849.819209
-344553.588198
-353059.351056
-369921.706611
-349291.388102
-370479.687792
-342217.795649
-366323.646636
-357170.4414
-360476.070079
-349759.014288
-361334.669556
-350889.474955
-348383.228602
-359674.88245
-361025.136318
-359433.277685
-352725.243973
-352427.659822
-346569.315941
-357040.054392
-349985.82925
-341949.273548
-358709.117958
-363112.727201
-352074.886456
-354406.807564
-354058.803074
-349542.145568
-334309.757723
-374148.139652
-364191.11637
-350043.553456
-350500.899007
-364251.539986
-362701.753125
-360801.699061
-364810.955337
-360868.896941
-359353.936047
-351701.523735
-358281.027553
-353330.595568
-369511.414656
-356424.906854
-346223.517997
-347271.117277
-360045.854167
-345051.741201
-346555.704495
-361353.730882
-350928.97649
-349773.33132
-363097.992906
-357044.055982
-352884.542053
-353265.511997
-343123.790589
-352466.608149
-365545.94257
-352639.78766
-363715.855073
-356313.182537
-362239.292198
-345623.833092
-348908.613111
-356908.925565
-366287.933711
-357043.013779
-344687.41244
-369936.901383
-366509.159011
-362756.778711
-366578.869284
-368804.413728
-369432.984419
-351853.565106
-363867.137604
-355123.028813
-352393.174294
-374209.19169
-368171.915383
-347804.302348
-351533.24121
-337940.427827
-377984.489324
-360164.52438
-351681.687931
-348376.3133
-365894.0877
-363114.573915
-362802.37329
-365649.210785
-354502.561825
-343772.026603
-362795.884907
-350247.221518
-359298.641415
-344793.825263
-353615.61257
-342027.762953
-354529.841453
-354864.573351
-359843.24765
-355720.88907
-366145.168702
-361119.564521
-367146.681321
-353548.165142
-347419.222607
-345885.57199
-358485.582308
-354204.242724
-351890.93381
-350001.341624
-366412.509396
-355527.468428
-347212.211095
-351478.785855
-364895.089056
-345794.260795
-353008.180493
-360833.672812
-354613.906423
-351592.710312
-356676.774165
-353014.766952
-362415.977073
-350625.124506
-355295.777842
-349510.839793
-353742.885439
-353716.943222
-356343.494923
-367215.124205
-362255.757549
-362133.377011
-352650.537958
-350232.070213
-365979.244436
-356283.664236
-341257.886943
-351251.906789
-349953.554658
-342537.028731
-362566.103479
-358884.109525
-358975.091812
-356937.524672
-340807.92402
-367495.59014
-359872.641168
-360419.814051
-371712.16571
-345498.812579
-352478.142053
-358207.635275
-352894.652899
-350913.739019
-347733.467324
-369921.140145
-354398.891
-366466.553515
-357160.486831
-352835.15184
-350299.528441
-352500.588552
-363068.395315
-360268.239984
-343997.7017
-360565.081977
-352308.359365
-360733.63301
-350997.515683
-353192.201067
-360040.312592
-360844.464899
-365206.988133
-358129.230493
-368201.669769
-347292.879434
-367097.659445
-349281.766018
-359606.811443
-348555.672212
-361542.793553
-363044.495912
-352653.317522
-357331.160094
-365143.983614
-342475.924521
-367889.108157
-367021.239517
-351248.626507
-360017.120465
-369513.591332
-357518.423969
-361687.487375
-354949.462071
-359721.837642
-363542.523901
-358640.380704
-348537.477295
-346764.150773
-367552.0635
-362192.903908
-365426.294732
-373106.835605
-360303.982188
-358332.393203
-377067.560294
-357112.902764
-347771.02778
-349533.404996
-365177.606576
-353486.225131
-349018.728807
-343022.024332
-368468.444317
-367554.040954
-365632.567803
-341897.546205
-361561.369101
-353398.283094
-361445.974007
-345896.184587
-359858.859154
-378787.500415
-357865.013821
-364913.248557
-359622.39589
-367684.163193
-356996.402706
-347863.373155
-353695.872734
-357149.559312
-351453.202443
-361210.691159
-366980.768789
-348609.168287
-355740.784951
-350482.951898
-343114.230997
-352033.652201
-362809.543729
-349401.660954
-344151.080634
-363177.068836
-347609.97772
-341992.906896
-360785.336296
-351103.25408
-364611.761989
-363085.788196
-347817.848043
-348597.008464
-352122.181383
-347443.63181
-354037.935973
-357631.655177
-357736.129624
-359915.962789
-347032.880074
-351223.676939
-353310.718577
-344772.062301
-352885.392535
-356489.555397
-356173.703921
-355687.606397
-361592.249452
-345915.712196
-347745.618142
-364386.103629
-340762.127083
-361632.162985
-354650.521294
-358937.590555
-370791.993023
-367348.785388
-353308.156985
-363325.191761
-350391.829218
-347071.06715
-350107.086957
-351471.476905
-364078.439433
-362827.057186
-369895.645107
-321313.054727
-341941.246393
-362755.436341
-352424.396386
-369323.452394
-351894.26708
-352835.437824
-359044.716658
-350565.371163
-350566.40491
-360151.968103
-351587.187146
-365903.088389
-345528.456236
-352998.874413
-349977.67809
-357218.639169
-372705.467278
-354285.257253
-357042.079017
-358501.880341
-351909.59047
-347438.421592
-356459.446035
-361148.015667
-358692.037361
-360439.708491
-364311.691528
-366175.123474
-356292.20905
-358338.438437
-348670.236212
-362315.548932
-351638.294128
-357200.18202
-366694.352001
-357594.115995
-361149.896008
-364452.575956
-369048.454807
-365658.22943
-366925.422893
-358160.390239
-366411.217132
-359383.257398
-356647.759342
-352840.946606
-359188.653651
-365964.476061
-364217.263759
-339165.12419
-354815.252886
-353816.101246
-352960.518744
-369333.062125
-361378.484128
-352935.133209
-367470.227204
-369623.178908
-364566.985878
-365205.343933
-365316.5042
-350460.85035
-351829.392357
-348204.936061
-353432.491655
-357269.526086
-373950.987384
-344635.26944
-339454.330591
-356157.955388
-345318.927342
-357598.634727
-368223.798473
-351612.405279
-348170.266605
-346377.488986
-356991.576862
-360147.270954
-359177.775233
-350746.275178
-348505.980948
-342306.985175
-351661.062941
-348565.344299
-365109.385881
-357420.540348
-358408.326314
-352741.548175
-352793.702358
-355671.653688
-355979.250847
-359556.868668
-363302.527262
-342570.443381
-358546.624365
-357385.292293
-367479.802792
-362130.0721
-359980.868047
-356366.136408
-358081.201757
-352459.01097
-371569.527333
-356091.878542
-347646.42335
-364334.598391
-362030.093363
-376896.797677
-355650.780308
-363573.712452
-359488.635979
-360521.848517
-356182.86434
-366128.251454
-351500.731372
-343016.556161
-367672.046546
-358250.272335
-356641.785289
-369353.843933
-357521.24116
-357385.852768
-353566.465392
-368195.461013
-349394.971675
-360995.233158
-368120.655635
-371045.326061
-359530.448872
-351601.662329
-360276.957109
-362223.397086
-355120.441901
-339877.408909
-366308.523786
-352149.872856
-360739.7647
-353649.459189
-359273.868647
-357880.133721
-357666.234241
-360960.154299
-363662.311524
-357728.80201
-350963.246937
-351602.466484
-337768.405868
-363484.824771
-361982.233954
-352693.14336
-365106.311006
-354120.670697
-355031.392215
-366186.216814
-369492.6863
-353887.708074
-351416.091018
-356597.249041
-346067.026712
-367902.728992
-346916.498291
-337749.090861
-359353.309845
-347203.648261
-358933.959896
-345658.078945
-359416.721991
-352704.648293
-339263.182315
-348244.302676
-350570.835543
-363615.258233
-350469.638741
-340692.999817
-357176.491255
-360122.850257
-359558.656672
-357305.885403
-351413.696363
-360300.185889
-361798.669888
-357899.535113
-346938.394515
-369332.452737
-367234.929622
-353308.393667
-363333.98909
-358694.283749
-352606.773209
-350563.632203
-350460.768115
-358646.941081
-340088.362253
-358324.432711
-362414.672588
-330982.485651
-361593.286846
-354514.494488
-346135.500014
-347786.989055
-358703.836132
-366234.075186
-359925.686958
-355183.166857
-354073.290036
-356045.137862
-364852.349765
-362831.043805
-352227.34735
-350869.998952
-347917.425408
-349742.14353
-365605.320307
-355119.68185
-371352.76991
-359048.122444
-354118.015341
-354272.623682
-361309.309782
-350207.993289
-351211.841561
-342598.255123
-374404.833081
-352986.758307
-345601.807388
-358022.488819
-366934.704446
-364388.928249
-355423.113555
-349943.86834
-366354.010353
-339595.350697
-341254.355209
-364549.393642
-364942.842003
-358491.499335
-350707.066029
-352696.193186
-361506.48199
-349424.055559
-356145.799433
-363170.072657
-373078.449575
-354225.760035
-345855.135508
-361178.710914
-361996.910912
-345652.084306
-361547.37371
-366504.479788
-359133.686616
-353204.923061
-364256.511983
-332797.083733
-338678.688867
-359057.936721
-358105.128557
-361597.451905
-357470.052197
-361468.403354
-357927.427153
-341555.736096
-356419.985112
-357681.796838
-353405.617672
-352526.718242
-368852.65971
-368005.407741
-352982.341117
-344207.498457
-364679.824831
-351342.111173
-364007.632097
-339371.958323
-354322.759079
-374144.154185
-362111.983895
-371982.949923
-352127.132174
-336285.871998
-349275.278599
-346066.346756
-355679.124391
-360035.53619
-350362.808087
-355727.485384
-346215.93548
-352508.679968
-360213.535056
-353954.660606
-346156.864043
-345000.663418
-352480.183758
-358049.290475
-363094.1775
-369574.296782
-373663.180791
-362050.174998
-352046.976575
-357467.874914
-364654.040595
-351425.903824
-344456.525347
-360583.161618
-330809.287845
-340766.571643
-375931.152779
-360769.056395
-339227.420849
-352796.305541
-341149.435567
-344810.489743
-359628.186523
-365578.084466
-349402.24097
-364248.413138
-365048.776671
-364927.29546
-369824.766415
-353396.426702
-364412.585432
-355888.145626
-355767.417429
-360447.949194
-362756.880995
-360254.704427
-360485.60586
-372132.565087
-358774.358067
-364510.655763
-354093.403799
-346193.872484
-364358.049326
-352175.596356
-364518.842791
-353794.073808
-367629.695802
-360204.900127
-359795.698157
-350564.778237
-361074.509969
-362507.45573
-354982.829477
-341448.230338
-343309.649887
-363976.482587
-351771.262919
-373074.342822
-355799.426738
-374380.954626
-358701.850561
-351739.768651
-338176.467809
-358274.623958
-357422.563461
-354855.453323
-354690.359157
-371491.739621
-362114.243192
-362684.303373
-354720.806526
-344736.557735
-354968.960975
-347224.522473
-348685.962684
-352799.050471
-357119.750317
-369445.255832
-358235.350841
-357184.448223
-352361.364556
-366745.404911
-352830.498022
-358765.595401
-352159.889535
-351846.428943
-363776.600667
-362001.930703
-366226.973714
-351103.080317
-341919.765871
-353564.708237
-361549.639747
-355790.686482
-358773.44166
-359159.553653
-332746.04837
-358479.420676
-345973.388755
-363475.838234
-362494.933742
-357683.711388
-368491.182661
-356505.724655
-362783.222948
-376536.997321
-353078.364582
-362372.071414
-362240.197613
-354941.767045
-359102.861591
-353052.878601
-350743.028284
-350685.855397
-353714.2222
-364544.354882
-352116.560917
-364066.352502
-362949.023177
-345968.592808
-356746.289251
-341724.583718
-347780.092396
-356377.455046
-361080.087517
-356703.274351
-342389.011139
-362104.206715
-365661.128729
-359540.811949
-361734.042534
-359538.4352
-360062.155864
-364238.81698
-341546.40515
-350469.732124
-349896.140893
-367777.984887
-340234.478834
-368202.971046
-356766.800405
-355886.023566
-352311.428874
-353902.574913
-360618.717403
-353545.992995
-357724.021882
-354645.309044
-355553.134961
-345352.394271
-367402.798386
-362056.864708
-359789.653097
-367188.420835
-352231.327812
-347857.505148
-350977.837629
-375732.980414
-349589.357361
-355846.497679
-359658.554599
-352583.393658
-358237.161027
-368884.138018
-339454.441709
-337253.726841
-355818.26253
-361043.097101
-353715.447386
-362000.628426
-361504.239471
-352839.341787
-362695.083497
-353746.50552
-357839.605111
-365497.053658
-359613.632874
-357848.582448
-361742.092298
-356066.69901
-363435.169
-349750.517811
-337149.932546
-368743.990601
-368991.866907
-367753.434227
-357116.069936
-362622.250911
-353860.312525
-366609.719591
-356095.377798
-349131.377234
-354618.140469
-356086.16647
-352855.609545
-348840.404958
-365443.368266
-357181.162824
-351984.772468
-375412.50289
-344197.925414
-350486.389187
-349618.93302
-353966.302361
-345833.355886
-354828.784118
-352508.668681
-358841.408769
-363268.9905
-355605.582086
-364991.258274
-354179.627891
-362497.948801
-367518.389482
-362640.90833
-364754.062379
-333704.663536
-363343.69768
-348944.576717
-372233.795014
-341236.452333
-347909.930649
-352213.95821
-347719.93753
-369304.100544
-355420.973262
-354643.790407
-362332.066212
-358898.020729
-328244.248263
-349603.280085
-356866.380135
-360450.904418
-353491.64117
-355375.332632
-374093.262873
-353359.134974
-358247.827629
-344560.115912
-367656.391646
-357874.370099
-364356.555697
-370791.989503
-350798.069146
-362338.780342
-358235.224618
-356312.086533
-370672.401456
-371311.771559
-352627.440079
-375944.741456
-354773.077607
-359376.668045
-354295.210539
-354400.138357
-364505.876518
-340904.836937
-359323.564579
-353722.534409
-369320.295782
-371074.519869
-354899.135409
-370048.936323
-353883.315122
-367612.115161
-357079.521787
-339601.37294
-359275.740209
-358051.804563
-341768.388783
-357906.289732
-363860.222154
-367284.890147
-368411.879396
-359928.959821
-349564.495616
-345360.08142
-358170.610026
-360142.404136
-363105.298205
-360348.720936
-370674.721372
-357437.304157
-369792.800372
-363304.63179
-363404.658861
-362755.958944
-353094.696204
-357316.617405
-358339.944458
-360614.2395
-354569.463494
-346297.62555
-360325.698267
-356755.364949
-361147.117955
-362132.876644
-356085.357163
-365821.639215
-365400.464335
-358759.526505
-359290.153835
-350076.765852
-366307.289467
-359183.087177
-356554.050219
-368537.802556
-344800.749225
-367828.297164
-360482.518128
-351614.624948
-355665.33402
-345258.60332
-350475.251682
-354059.593574
-370146.301819
-344872.582729
-370963.179685
-345350.37817
-378196.235643
-345746.212943
-363597.660696
-368625.777265
-347504.972341
-366373.567767
-357700.970549
-364476.258695
-367513.634261
-359798.887607
-350095.275516
-357518.331237
-356255.110772
-357643.423815
-357125.293394
-350345.883201
-349806.637775
-360100.269779
-358112.988646
-349852.072271
-352448.613073
-358659.661261
-364448.218976
-357295.25609
-351881.634328
-369618.525787
-365252.456997
-353364.200638
-358941.219301
-356132.21253
-351432.1037
-352243.959379
-348521.983317
-360372.513898
-356044.881411
-355859.7891
-371583.231712
-353008.568144
-360222.007439
-358568.491142
-358702.295611
-358607.3543
-359064.798168
-361543.025261
-354218.46285
-360007.42531
-368215.890558
-360908.727737
-360630.676846
-366420.202473
-353840.503331
-356996.114017
-365787.93187
-359186.031457
-361823.439203
-363313.20306
-327868.624768
-363199.313397
-346894.702842
-360038.954138
-378671.540391
-359697.616963
-368591.131678
-357277.948452
-358807.974382
-355114.312535
-358133.608768
-366717.773013
-354566.137539
-368098.083252
-376800.097061
-361888.846846
-356458.072353
-370691.165275
-347315.157076
-359330.839801
-359496.48779
-345991.987261
-353898.93549
-368124.135512
-374532.81303
-368754.102574
-364762.512529
-363938.904272
-357972.146756
-359823.611799
-357442.952707
-341716.121524
-347357.358211
-353027.806073
-358570.527549
-357577.951135
-367344.272764
-349445.01389
-341427.41888
-352590.891614
-336433.425111
-358106.658113
-367863.711319
-361801.526777
-354645.084176
-349855.331136
-355030.71895
-368795.863637
-345158.454211
-354016.827964
-360292.246252
-360300.587025
-357387.003418
-352136.919847
-368198.253752
-347762.750497
-344295.024987
-357373.391546
-358307.795031
-346512.552706
-349509.959354
-344580.511112
-362752.983064
-350187.970999
-355827.675674
-368229.969814
-373420.209257
-366030.318959
-362587.462356
-354654.784371
-359029.3474
-363105.251642
-351622.308943
-368245.790425
-349042.466339
-360254.605359
-349037.067421
-358259.656291
-360896.074824
-346221.210233
-348527.412196
-358892.777699
-367176.10445
-360954.618716
-359709.004112
-369692.548693
-374043.924809
-371400.345842
-339644.250656
-344724.380408
-355839.373934
-351802.11465
-354512.6238
-343386.145165
-334491.948036
-339939.460753
-363864.14368
-338547.582109
-347683.640539
-357924.199997
-365819.155586
-371369.550723
-362375.26335
-353986.048793
-344475.945484
-348521.930426
-367123.00916
-353458.036151
-358966.63581
-365157.606515
-345404.244062
-349486.840869
-370196.997098
-369232.595662
-364501.771555
-368891.536475
-359307.902095
-348747.77451
-364716.004732
-348675.190657
-355840.198852
-351579.639494
-359995.032915
-361187.599315
-338624.313872
-349798.166947
-349480.298932
-351415.764262
-372149.918617
-370161.171952
-348479.07312
-375336.803823
-356804.00682
-362351.414198
-339043.276696
-359800.967681
-359757.295471
-373099.947914
-359687.769484
-356450.962613
-342776.952157
-344354.607276
-352761.670128
-357063.424301
-356983.515805
-355953.005639
-353957.244491
-364156.213998
-361139.076666
-365971.373134
-367964.460479
-366630.088569
-358495.054059
-358789.33412
-345998.371725
-370545.854822
-342702.362085
-355573.067839
-357306.977884
-358791.649429
-350125.512453
-347634.532544
-355085.076625
-357706.175565
-355498.290469
-336735.521702
-366897.789575
-347228.823056
-352907.840725
-361081.124685
-367164.205979
-365159.195236
-350589.876794
-359188.623614
-343855.563454
-361776.89675
-355814.714517
-363299.399963
-354360.227301
-352243.838734
-369147.647208
-347036.373174
-374035.933182
-361906.742598
-329810.730784
-358420.523632
-350979.523529
-350784.589663
-358587.004197
-362188.580105
-345176.948135
-367555.013246
-363169.455202
-359631.133465
-347861.558991
-353782.528857
-371619.595431
-357643.781509
-359120.826965
-368202.982708
-363265.747301
-351597.90271
-359528.429853
-363628.974373
-358240.224139
-367381.929271
-365031.576701
-354640.357222
-368521.063502
-357971.155073
-341896.395306
-354786.725818
-360910.518702
-344031.53469
-352137.689937
-356558.421706
-349694.054659
-358751.328326
-358170.947326
-350447.25166
-344013.158737
-353368.479956
-365107.591667
-351424.05324
-360547.600572
-366398.178425
-364154.480032
-371699.717467
-366803.717481
-358604.994451
-354325.476449
-353797.38586
-364817.473693
-352156.54696
-356968.008015
-358014.81481
-351011.671338
-347250.530617
-355706.132071
-356692.512945
-350588.915002
-362541.525497
-349455.52886
-358410.479997
-356165.253379
-333597.787755
-358111.418921
-355628.351849
-366421.502396
-364198.876352
-349639.996892
-345514.029972
-345094.86505
-357951.141851
-368258.792792
-353987.580667
-360600.967802
-375030.174549
-359628.17158
-364024.767729
-356526.802159
-365461.703817
-360498.615772
-363565.738034
-364682.874953
-355489.653519
-347059.506807
-356109.432776
-333418.329586
-355476.057461
-364369.63561
-377771.182758
-363726.241976
-363294.496426
-352413.892063
-355463.730915
-353354.086531
-354609.682076
-354862.351132
-360622.627338
-351983.506685
-361299.075056
-337825.226394
-343603.103392
-338534.605329
-355437.962561
-343893.573514
-350500.989531
-349197.323305
-351877.831057
-373153.803198
-359053.088952
-362633.287969
-365207.255567
-348259.089659
-350534.178149
-352555.30535
-360781.065263
-354390.299951
-350983.384927
-354080.141746
-351481.066632
-377084.034783
-365728.084454
-350796.169972
-365603.239502
-351755.284228
-364122.908239
-352225.824983
-370524.490793
-348778.670436
-348102.972622
-350422.856236
-352875.212336
-361448.572388
-363356.358059
-363071.412036
-354087.094839
-342816.721944
-363358.149149
-355244.183991
-365238.546788
-341670.976515
-357925.738332
-350402.844079
-348146.64256
-351312.098851
-353828.363559
-347584.042879
-363264.163933
-359178.187437
-363676.313128
-352831.077927
-345333.233544
-374913.718418
-358202.341311
-355851.792413
-360346.632836
-352225.390617
-352185.657464
-353663.244303
-360213.194843
-368147.111735
-352250.596398
-347644.396407
-366083.303962
-363338.126878
-363060.418483
-350002.030008
-356247.592872
-369851.843437
-368602.209739
-345408.702748
-366835.327919
-353844.619553
-364650.652772
-370338.597023
-354650.282839
-352989.965932
-340493.700935
-351846.121659
-339792.469413
-349659.826598
-359092.623261
-352611.630362
-349435.725801
-346227.985457
-359379.352049
-357485.623204
-356747.2873
-351649.361441
-372861.096963
-356628.869879
-351810.570523
-363146.436822
-357814.029567
-345766.619591
-355015.008458
-364178.462043
-355411.16544
-360241.625079
-363388.017788
-359636.760441
-359951.935345
-357603.162297
-345773.089207
-367391.411161
-375057.799692
-363631.432395
-367771.389029
-368509.222056
-367648.557041
-363380.516156
-362752.82218
-357148.420216
-370763.664792
-354913.072996
-363860.471084
-359678.290875
-366590.142402
-347459.659481
-341488.347018
-356422.706124
-356315.310314
-354868.55736
-360331.153243
-354547.09984
-372794.806785
-357150.937469
-363778.638596
-364311.219588
-372504.820025
-353906.372495
-353073.195168
-351685.405726
-331855.258569
-342495.978978
-367579.614
-344880.440284
-356027.640482
-363922.139438
-358313.93573
-357645.634875
-354297.721851
-342970.874922
-352058.832501
-353984.888434
-362308.371102
-357370.652352
-356056.966364
-351584.052345
-351928.657922
-370126.901297
-352343.142045
-345575.447587
-359982.001556
-343645.217936
-361664.811438
-368635.287353
-361893.81889
-365644.117586
-377061.927141
-345855.390177
-362660.456866
-354785.683225
-352707.580378
-359070.487753
-354663.065701
-352783.290152
-357722.496214
-358533.539839
-351971.60135
-356634.471597
-353894.595707
-363859.299129
-358030.367967
-358406.523617
-357742.748583
-361858.765316
-365041.422346
-350817.403131
-364369.903151
-355822.826918
-372494.206697
-351799.465215
-355556.25917
-369358.093291
-352338.726855
-369250.139283
-346600.248575
-337359.430167
-347929.643476
-349061.851011
-370084.604122
-362940.170922
-353308.11534
-345948.905409
-358485.653101
-363271.703016
-348940.921848
-344959.219973
-362722.148521
-371027.413797
-363965.362062
-369071.754489
-347331.998642
-373519.513805
-345290.987633
-359135.15834
-352233.369152
-351964.86829
-360010.958781
-346848.77925
-362931.202339
-352627.052973
-357455.09776
-357303.783972
-370808.415693
-351672.619079
-358902.345399
-367178.663523
-359454.27558
-368405.582815
-362669.355437
-337367.509313
-357689.240809
-340887.799559
-369416.816781
-347039.109683
-353835.980315
-356612.985814
-361212.137321
-348989.153854
-364285.069568
-342822.195581
-354541.615256
-376593.098095
-359938.733591
-363532.840612
-361273.218886
-356275.635411
-347302.660358
-344276.950477
-359690.168075
-362617.437633
-349408.273132
-361575.031082
-347966.41357
-364158.531089
-362570.285797
-360330.050337
-370170.009004
-358358.03044
-363962.668356
-354102.852356
-356986.628108
-364834.847703
-350988.451564
-363705.531705
-348687.357084
-361700.955541
-360828.988363
-356659.173302
-360865.737884
-368526.543086
-359029.35819
-362440.923602
-347584.776299
-347889.694095
-354651.537884
-357327.67886
-367934.28828
-351411.135231
-358841.32789
-355653.284776
-363826.510894
-360871.056219
-367024.909735
-356217.631778
-358758.237838
-350831.342059
-360902.055441
-357933.168065
-346880.6784
-348959.018756
-367952.284815
-346105.837715
-359570.257187
-366371.82796
-372414.660994
-376327.276397
-357826.419375
-369918.38803
-327022.120651
-370337.811867
-372973.715669
-346608.922497
-355620.512039
-346936.123621
-354858.647513
-357646.654647
-355492.256526
-359664.623476
-338071.518364
-347663.403694
-356051.105374
-351557.624569
-357544.165587
-353790.107614
-367712.127435
-367339.109118
-350698.429019
-361775.278287
-359009.633012
-354855.457545
-367432.324878
-354478.904709
-364991.487401
-350756.257346
-354457.685575
-349718.135732
-364926.084461
-365247.391437
-359921.374345
-361639.427457
-361153.096597
-358776.422852
-363667.144338
-359924.805773
-357841.633957
-351632.697021
-353897.702535
-356110.55403
-352074.720301
-361663.459259
-355436.399145
-338230.365903
-352840.360768
-354854.582806
-338743.086243
-352345.886535
-351141.341722
-359372.157513
-357490.449885
-361592.865098
-350718.597988
-355345.481463
-363244.705013
-351257.474924
-366473.485755
-357784.699559
-359556.097013
-356893.586193
-357628.409201
-350401.506148
-353128.123332
-366085.186731
-356392.549914
-359790.665678
-360767.050553
-368982.420703
-364256.720794
-365048.937817
-361143.754619
-344288.523889
-343533.236724
-361657.781476
-357851.9496
-362974.014808
-352660.15649
-355954.096867
-362082.960001
-369229.778602
-352352.741561
-351825.662122
-350410.729567
-346547.554553
-355491.873867
-356061.501501
-359164.695499
-354755.320863
-364966.633856
-344857.689878
-356366.984442
-345986.587353
-352903.908481
-356671.962003
-371386.138413
-348636.485965
-364367.971168
-360130.843729
-351351.529815
-358902.898802
-356404.01272
-358168.207709
-356618.61679
-356342.970705
-366535.699206
-349406.050155
-356316.11949
-352807.137457
-375739.309493
-361136.608822
-346053.077022
-363920.827329
-351970.103017
-356644.128523
-356594.068264
-359214.440205
-363089.26503
-365826.006282
-351906.251268
-340684.461717
-370468.572322
-353706.749781
-359318.279426
-355061.305469
-352415.281459
-353573.063879
-353232.179499
-373675.440996
-364615.031883
-366886.942242
-352079.426735
-360413.508519
-362805.97498
-358581.50212
-362913.970073
-362764.150851
-349403.731352
-364921.918171
-359380.10873
-365637.115391
-349451.92514
-364402.275054
-354360.126703
-343848.388919
-363089.613946
-344431.9386
-353792.627795
-341436.001178
-356340.908982
-359481.956901
-360840.366316
-355414.248568
-360467.456225
-342514.343472
-363788.013114
-360087.317051
-353001.289524
-357630.135561
-347226.986969
-350514.193239
-350444.473436
-363409.96608
-356664.239662
-351697.246958
-353404.751702
-361757.798287
-369638.27438
-347826.193325
-355104.070589
-374415.043818
-361233.31717
-365978.412751
-353627.083608
-350029.619698
-359760.279079
-334744.257309
-357900.773627
-352372.545838
-352740.134929
-365475.317697
-357062.80143
-352315.873821
-355367.475245
-346926.389517
-359263.43651
-334940.506248
-351278.540501
-358289.721247
-352639.542909
-368062.839173
-347665.042231
-350555.501117
-356056.303221
-360786.015516
-357229.318972
-368329.145258
-361242.664098
-356050.465185
-361859.374059
-365910.00979
-361909.476453
-359813.649279
-361261.096935
-359564.881476
-351389.37089
-367008.728826
-363454.043644
-362012.422683
-359536.329921
-363199.371473
-353038.567477
-362862.943481
-337698.553611
-352464.78033
-367290.110021
-367937.620433
-360700.060375
-360111.419757
-346685.446978
-360936.134352
-354238.729507
-347860.956331
-350460.865393
-348344.250468
-374899.678227
-361700.346011
-345615.774712
-346014.471884
-353852.947833
-351610.748057
-364986.334634
-349756.983736
-353596.24403
-353799.95914
-372271.452705
-356798.547607
-363279.896541
-354593.610665
-358277.62769
-369441.937277
-363197.13236
-358556.431444
-372383.586436
-363376.685919
-365428.899527
-355715.736139
-354346.491864
-366096.144551
-358230.520749
-365155.780221
-365418.696734
-360769.856459
-353206.002465
-350208.201565
-365773.831796
-348655.274715
-361295.72876
-364847.321729
-347740.893438
-362332.613419
-359037.856204
-367139.02063
-364504.326728
-357059.731876
-359093.352895
-352970.197682
-347729.795296
-352324.825528
-358213.083688
-347982.781574
-368528.709812
-352493.010717
-345661.257975
-356358.037223
-352835.09556
-353976.447293
-353542.180728
-354369.979369
-358350.542327
-356982.681889
-358996.527194
-364563.442694
-365927.315992
-357573.480342
-363366.563741
-368463.476325
-358794.383717
-358477.739056
-371331.409207
-362905.63869
-365373.375044
-345104.447093
-330405.527541
-353327.665444
-351095.424559
-362011.604052
-353109.545088
-364665.900692
-377868.925384
-359749.235673
-355041.603244
-366108.115168
-342929.790786
-350363.970274
-359582.317461
-363208.687547
-368936.016432
-361980.451476
-363731.493905
-365172.232058
-353018.919085
-351481.056157
-353672.794926
-358953.921289
-360643.703091
-347398.982189
-365060.82217
-353974.792771
-354550.586631
-371597.769845
-359614.576188
-353840.934321
-360900.414876
-352816.958092
-363987.509574
-359636.6813
-366676.993672
-368534.127555
-359714.926891
-346268.931712
-351931.563172
-352851.527342
-343272.256776
-361667.408434
-361047.310953
-361571.355542
-354310.933468
-358801.280159
-348031.196111
-362456.464887
-363076.302352
-350714.024253
-363940.229054
-354914.891261
-358110.435022
-341864.8481
-364996.148716
-358983.440981
-360743.153103
-373360.333941
-360971.152177
-351588.298779
-358536.415197
-352884.679791
-352414.496753
-341505.865527
-355516.489712
-368594.974931
-363710.126482
-355219.465121
-351549.546002
-356368.289439
-359464.838786
-357208.304332
-357357.437744
-363437.24484
-348387.247824
-367386.266804
-361104.763095
-360311.673792
-355617.576915
-364460.861198
-352785.199383
-362427.8351
-369755.224506
-351789.607093
-362506.143329
-361417.550582
-355608.621334
-366940.752568
-358111.363426
-361334.059673
-361050.603656
-358059.58406
-358137.258731
-352839.539472
-339673.251596
-351909.931188
-360020.474089
-367221.949815
-361875.645947
-340154.689249
-370820.38875
-346906.059063
-349364.814739
-364835.966332
-375734.710722
-358605.171087
-358848.938405
-362050.382003
-370838.064141
-353937.34303
-357667.148989
-348775.238372
-356383.525478
-364565.445616
-363521.665556
-359328.771707
-359957.480745
-367322.173564
-362525.306427
-360216.38101
-362224.178742
-355623.949271
-352437.394135
-354189.037312
-359811.499057
-366810.708687
-354557.554719
-346734.846633
-348813.534294
-352747.023556
-355401.471201
-343177.181465
-360739.074055
-355497.479173
-369426.12149
-352134.605021
-341994.056147
-354020.967764
-353381.327067
-355020.437764
-356923.451945
-352911.228471
-351225.312115
-361445.508735
-353248.619351
-365867.809514
-363408.824417
-362160.678039
-367845.041171
-353869.737827
-339147.724181
-346412.543421
-365359.298783
-347951.587102
-364237.379279
-364445.845183
-360612.400955
-364631.955838
-353411.825766
-354248.65225
-345662.177205
-358237.86134
-369298.563643
-354500.11767
-381077.685078
-355280.510104
-361505.546498
-349547.89155
-350810.690191
-357632.056546
-354620.540387
-355531.567147
-361976.280726
-366239.712023
-372891.555948
-348544.377
-366769.491628
-351990.169464
-361337.519505
-355212.736849
-366733.398394
-358125.539312
-354558.104807
-367559.617233
-361255.346516
-352778.006996
-339962.204129
-361775.668806
-363019.940307
-338470.549671
-353539.591521
-336186.699305
-352662.757401
-342995.410953
-348674.27008
-359090.285344
-354116.200347
-369199.920808
-336720.032649
-368915.056402
-368248.214636
-341487.349342
-364549.082
-363223.901958
-354289.845683
-367100.399699
-355680.873277
-349416.914093
-362155.862027
-365138.249848
-347823.476217
-350277.60891
-338010.469955
-345457.438854
-348583.571729
-353117.420263
-357632.353954
-369983.428751
-346571.68625
-359591.100197
-349238.204493
-339704.180234
-357088.393771
-359193.359538
-357551.949757
-353145.449347
-364391.520511
-351587.702792
-360517.681506
-355268.736317
-340604.671933
-355500.035216
-349251.97034
-357705.82091
-358847.44138
-344616.497169
-351345.955878
-349239.620294
-355182.052337
-343238.683418
-368519.049336
-353102.41579
-361636.388482
-350456.838529
-347874.952544
-370711.691381
-350567.530016
-359453.492991
-351403.308359
-344915.424621
-371354.162158
-351382.770277
-369656.247945
-345247.746894
-363415.023452
-363772.824712
-369194.873118
-347512.751936
-356037.220312
-348883.769166
-360025.111753
-358719.888016
-369666.496343
-356737.958656
-354326.132368
-362955.847163
-352114.507748
-361052.561826
-350289.04092
-345147.824529
-352480.349099
-336346.793738
-362619.106751
-371329.31973
-355311.447373
-330799.745279
-369689.707809
-356763.306965
-338031.15829
-349243.932155
-357583.453817
-372774.860362
-355723.295963
-344307.602031
-358596.241229
-362219.792004
-354035.238715
-348311.928694
-357706.629778
-338762.410462
-359444.584977
-359062.343674
-364860.793464
-349629.021362
-358443.702602
-366621.54046
-362086.275923
-337523.508219
-349725.393005
-355708.560819
-333114.432782
-359058.102793
-368407.37955
-359242.846974
-354887.660119
-357419.974291
-351645.266219
-350800.420791
-355858.190873
-362167.017448
-365511.478455
-350620.516997
-361647.796038
-357967.843063
-349761.051976
-348011.057423
-348319.831383
-352887.512893
-347812.38178
-341862.054345
-357543.072208
-350535.080431
-353575.143963
-352557.396448
-359015.88137
-350978.167181
-354021.549367
-346544.8985
-357486.774253
-360613.139508
-354143.828716
-362896.787728
-356753.552389
-363067.840984
-336082.506272
-359703.057054
-358603.274261
-364265.925412
-346100.126362
-362174.055719
-365862.422731
-345317.859023
-364289.864533
-354833.080937
-360416.971448
-357468.702841
-369320.150753
-349878.202455
-345997.124337
-361440.740557
-363252.900064
-356530.009157
-357887.364682
-363310.594594
-347261.442517
-344403.235876
-347243.43656
-340699.919061
-341897.486107
-349136.8223
-360067.553306
-352857.140197
-355582.770434
-351827.95782
-370152.779797
-360782.399549
-348786.263442
-363682.553347
-359599.172946
-368234.008378
-355893.548449
-340428.083734
-368084.762934
-360062.657537
-356142.886169
-353379.987384
-352370.258866
-346329.036886
-359642.221028
-356178.507865
-349802.064583
-346730.465129
-347109.289868
-342563.408082
-368619.300965
-370749.923186
-361334.703819
-370492.670834
-353512.439558
-367509.691746
-363154.050351
-347227.660163
-358168.192771
-365171.716849
-354275.27212
-350207.196416
-324736.04812
-365048.474346
-346359.946626
-354068.711598
-367828.799319
-362375.959511
-352792.505484
-344240.327086
-362611.374837
-364203.153138
-348925.503921
-367289.476968
-354774.299563
-353386.633821
-372376.777463
-349085.759969
-356582.405433
-342487.458981
-347452.715063
-361888.686755
-346494.192867
-368287.552977
-354229.908346
-349409.306323
-359446.977386
-351597.809069
-347780.647214
-349431.644851
-364385.757128
-351358.237497
-361907.791789
-359607.524298
-359704.676232
-355616.83888
-358869.65991
-353135.2824
-365038.835979
-356085.279134
-365537.713614
-345767.69959
-335275.150498
-355274.012787
-352766.001261
-346372.388876
-345704.436416
-384544.554028
-354712.752838
-349425.752066
-352230.012888
-353656.11539
-361571.820421
-368307.618378
-365501.362317
-352815.724982
-341947.966886
-348821.323323
-342199.265172
-356839.942127
-370765.710717
-356591.18041
-364830.642241
-360691.361874
-353830.889338
-364312.05243
-347081.547582
-335732.164637
-358604.530735
-367135.153566
-344974.453044
-379214.516015
-350527.944269
-350476.45105
-362072.189465
-341374.688675
-365986.384064
-353672.319796
-366105.864419
-362428.909994
-352418.336436
-350202.070419
-352824.551393
-355627.07235
-356402.26699
-352090.382662
-343833.244255
-361090.097827
-356290.481205
-366252.636656
-352666.573115
-357966.418952
-347851.912537
-349817.346523
-360639.195901
-349784.552388
-351692.963225
-355914.242163
-347539.59637
-363901.211136
-344850.398144
-355569.61471
-348702.921449
-353981.437045
-362772.409181
-360295.099959
-338168.625338
-335854.062533
-361175.726208
-343919.635658
-369515.086983
-349636.475996
-362066.479534
-346319.755832
-344758.766654
-368191.73498
-351669.401352
-357576.539765
-350436.527937
-370299.498321
-364957.965745
-354469.552286
-356126.008648
-358097.279185
-358489.232049
-358726.25216
-350719.678715
-362795.717884
-331517.408334
-344421.947114
-360599.302903
-359402.094631
-365441.588367
-368197.763441
-341462.965795
-352158.152606
-363958.982005
-362895.821713
-361652.846804
-362768.958786
-355816.392405
-348966.496143
-363550.896769
-358680.691243
-361083.926476
-351938.713035
-337508.377177
-363174.065524
-358204.457124
-350012.226623
-357745.634385
-378048.361237
-358915.690761
-341709.882158
-343843.48365
-358991.649208
-359076.372698
-353982.264108
-351438.345905
-354119.497868
-350606.38454
-346186.893672
-352339.597176
-362115.773811
-355345.382443
-357662.071389
-349754.112481
-351839.545886
-354516.340151
-355262.494749
-366761.611304
-355009.376747
-365313.410447
-344956.094349
-371439.225444
-347949.60268
-367455.088003
-360373.258704
-362627.078115
-348505.168159
-351702.937092
-349541.298721
-360917.834439
-360467.720861
-342513.197587
-360160.426492
-362716.74464
-357833.663017
-360533.155315
-363399.250291
-364226.720047
-357829.449031
-359305.060574
-361980.420177
-374719.137596
-344593.051688
-348641.251482
-343810.234778
-356335.922579
-344964.332436
-358290.734346
-350604.400108
-369380.570486
-350823.100373
-348811.365834
-352872.602977
-365464.272347
-360715.519676
-361289.992929
-344283.459224
-351427.615106
-351617.629335
-362816.297759
-351041.980041
-369062.982416
-349932.257126
-367770.842124
-348475.232018
-358180.32925
-353318.711302
-364553.729619
-349081.096145
-369803.704977
-365753.259636
-368292.513624
-360231.175667
-346566.34705
-375973.737833
-348891.802962
-353742.738659
-347512.437807
-376999.121839
-357174.441985
-359688.573436
-376969.969399
-360636.507015
-357972.676382
-350298.636817
-370269.717758
-350399.661186
-360247.911617
-353280.577175
-362250.867222
-365490.555154
-342859.87387
-346244.035975
-347647.912925
-359725.4445
-349499.873673
-328680.553931
-361983.842527
-341580.384268
-343650.952754
-357667.310907
-357510.480291
-351437.096351
-349283.260831
-345071.194663
-359904.403657
-356212.070282
-364279.924268
-358243.916072
-336814.628873
-377796.165716
-354113.570553
-360232.354755
-336720.814102
-354254.045898
-357820.821997
-346548.014165
-363771.459708
-357183.226356
-355277.030183
-343104.293822
-351719.575163
-346178.107569
-354420.36631
-354945.565224
-350261.721372
-335692.475111
-359949.2068
-349632.63722
-334974.531385
-354965.670232
-359890.864714
-344508.329549
-359795.285418
-367783.952258
-372850.19348
-354296.319711
-368525.84845
-351950.079743
-356650.882609
-352378.898914
-355493.23883
-350285.219747
-348326.229712
-354919.361551
-355210.391835
-351974.851622
-356109.317079
-355445.259125
-351800.046297
-351327.750771
-356438.0893
-343688.61926
-362693.876964
-356455.339216
-339326.630565
-352491.449463
-349328.425493
-335207.116945
-352757.686486
-351475.947227
-351100.782935
-349070.862833
-353757.134836
-351840.30063
-353441.969693
-353420.182342
-345156.946288
-334437.977327
-360915.688035
-357002.102095
-357267.421235
-360879.452125
-358231.853793
-361887.394881
-339410.723164
-343338.724168
-353913.581709
-364790.703666
-366076.971723
-362809.152833
-350853.740489
-368769.900289
-351644.622881
-359972.796138
-354502.723217
-355607.823233
-347542.80226
-346024.924433
-354472.955858
-359783.904253
-351576.336792
-357509.290801
-350515.729126
-349773.113459
-345724.421737
-359727.489241
-358307.845211
-363375.175454
-362356.357625
-360034.298045
-361265.466841
-346130.242493
-351522.675587
-345462.744214
-350958.839191
-350181.651959
-346870.443161
-358307.110229
-352342.063009
-368856.523295
-369218.981503
-345231.490612
-355934.451848
-361523.558371
-326612.622615
-362540.043179
-374216.981572
-348661.007451
-330212.093455
-352808.725957
-348468.341115
-356846.325424
-348991.943273
-367111.34138
-355055.892115
-365504.217811
-353384.404183
-354477.626981
-356060.780422
-363462.340319
-341195.143985
-361922.940745
-350212.83981
-355416.131867
-349716.53092
-359177.077118
-354277.974052
-360685.257204
-345038.190716
-352921.160314
-374359.360703
-347601.229416
-369180.495573
-349451.803172
-366119.028478
-353732.207855
-359507.69691
-341444.203155
-330898.416836
-360015.080271
-358644.259513
-349555.260817
-358416.427623
-361642.265835
-328042.281761
-347619.363025
-339685.043785
-358653.810774
-353952.367138
-354689.706949
-353906.762928
-357923.69177
-360010.89496
-368863.326255
-366332.306877
-353820.109185
-337737.738666
-347247.572877
-364023.116119
-351455.448835
-359100.606403
-351095.552917
-370650.439455
-360505.403117
-372995.13058
-351697.579256
-362354.023324
-347872.740385
-359990.941485
-356158.369851
-359228.642111
-358173.322152
-347111.559344
-366915.754741
-346675.496713
-352430.143672
-344204.252914
-361064.961838
-358497.758208
-368884.762432
-352159.332387
-338203.200358
-353544.512283
-367572.112272
-368215.369178
-361948.583449
-369133.669245
-352037.435562
-335577.860663
-353361.864788
-351187.241894
-357797.312636
-334173.345082
-347916.30143
-372040.724095
-373772.416196
-340933.613264
-349826.42172
-356716.284491
-350253.821498
-344928.168477
-355572.080489
-347604.652473
-343661.978905
-361847.170983
-350218.892505
-361548.261535
-352055.252606
-345985.047161
-347628.299631
-362307.289179
-355113.870874
-345981.076325
-344183.416994
-365470.4421
-363199.179551
-358572.818219
-346581.041053
-354538.650626
-368817.12539
-331033.990607
-363277.734905
-350117.465683
-348440.663504
-352776.655596
-362157.110626
-360534.930857
-367660.518517
-363096.080428
-356851.998574
-356745.217355
-351280.884519
-364454.227278
-345579.713643
-349773.380918
-363238.550631
-358878.314569
-353564.300776
-360143.151475
-363557.088901
-349750.900141
-354203.561711
-347373.413336
-360762.767116
-353778.870108
-341026.885759
-366559.991039
-362549.19504
-352395.014592
-338069.105708
-343559.796841
-357862.403294
-341158.400527
-365061.325825
-359034.820062
-356301.403614
-360735.716793
-364781.418997
-358101.056569
-340147.949885
-359298.81203
-342763.792752
-360054.862927
-370640.271247
-373141.024111
-355958.594445
-352124.920359
-357360.080138
-362564.139045
-366497.329686
-359789.347196
-364983.08219
-346023.671411
-353828.649822
-352319.552961
-368964.311352
-341305.323422
-342505.614817
-357428.668546
-335547.190271
-341928.985168
-369954.401564
-375234.528188
-357708.072796
-359421.338563
-356407.810563
-365734.330864
-358593.250743
-355740.574773
-358405.368119
-356653.625763
-378299.275592
-360213.917824
-352265.363366
-368332.283513
-355191.125163
-363833.287625
-358194.317839
-367877.720497
-367118.405026
-331398.623766
-363358.643233
-356298.638968
-354482.569352
-364128.496882
-355470.313033
-360795.355026
-350817.680745
-353863.634194
-373149.672735
-347359.301086
-358632.435198
-365386.723496
-348830.657477
-370879.197507
-343820.588089
-370273.612862
-352131.140666
-357321.249748
-363322.914918
-357429.043728
-359416.718809
-345971.070997
-353030.446945
-366507.534984
-362869.064477
-350978.42484
-338901.30156
-366587.893074
-367326.613047
-360200.511541
-350834.311899
-367095.901451
-364516.91146
-349979.695264
-365187.063468
-361727.840627
-345504.489476
-372133.405942
-353145.132282
-365285.511438
-353334.50211
-356797.890017
-354540.597192
-351479.267361
-351427.745919
-346493.429785
-352746.423735
-351438.681767
-356943.511643
-359117.312491
-346769.558627
-350060.442395
-367906.757969
-363559.231022
-343452.609364
-353408.06594
-359432.712251
-358306.027971
-359334.550875
-351359.834508
-368705.987644
-347748.883188
-359416.114188
-362206.54544
-347120.836516
-360293.416248
-348207.885458
-357527.258856
-344910.047569
-364294.311309
-352263.871771
-345137.346627
-355294.346804
-350029.377402
-360584.843208
-354733.25507
-344620.469566
-348821.186863
-366084.507684
-346472.799808
-361905.749653
-355206.716478
-356899.002781
-365849.74525
-355903.220082
-358073.800948
-358732.342815
-357306.672105
-353804.954359
-337443.912241
-355504.705635
-354834.174197
-348009.122309
-346961.909484
-343370.09731
-335643.541352
-350140.005863
-362751.835564
-362455.506261
-354468.418085
-324927.553546
-359101.35943
-348294.950723
-341987.046852
-342897.953425
-358027.233735
-344102.138783
-366160.246949
-353850.678088
-352891.625995
-356672.321606
-352487.231692
-351414.244594
-366212.627931
-344158.990854
-333042.961579
-355792.140514
-360262.958845
-361787.064452
-364325.767725
-354399.437612
-356404.216869
-348026.308461
-330671.669213
-362363.223615
-365227.179321
-363482.205078
-361558.201239
-367467.255523
-351285.320927
-340400.03312
-357207.228743
-367629.864538
-351268.919268
-356187.925215
-337040.596312
-343098.072677
-358705.540082
-362763.972306
-344721.914348
-349681.299648
-344135.836148
-340659.317634
-363831.759831
-343659.247924
-348341.418896
-367203.363561
-352075.196987
-361737.111522
-363041.508324
-369465.91425
-344412.042046
-350128.968351
-361078.023548
-350957.988594
-348160.355161
-335509.89672
-355033.824003
-353950.563807
-353641.048629
-347887.092095
-340357.242053
-359303.395475
-362718.024491
-348115.18749
-361770.55297
-353014.530194
-352476.509128
-369135.138121
-355289.87862
-376390.772793
-354273.743684
-355593.498508
-353616.50275
-369172.763394
-360553.84339
-340203.794931
-361680.138159
-361819.146258
-359476.461542
-351564.305193
-346553.519754
-364286.288156
-346570.331623
-349687.899606
-362682.946319
-367700.888233
-360080.804331
-352538.240243
-362921.098455
-353361.397011
-331895.198054
-346008.805875
-366002.691969
-359122.648294
-364019.449978
-347604.21808
-362735.455301
-347042.544567
-352580.661724
-353998.581417
-358003.055182
-348546.455418
-357670.167891
-337992.734285
-347704.027228
-364032.308692
-346974.719187
-359944.58978
-360204.933222
-349237.831189
-359812.589946
-351679.848046
-350091.13132
-350071.62607
-348269.369799
-360687.815393
-363319.52283
-352335.685882
-361730.270058
-366507.140528
-349806.34844
-357102.951559
-362557.585765
-352403.534853
-341015.113698
-363192.74749
-356564.329208
-362638.850853
-354805.658158
-360929.244374
-361765.541638
-354546.858173
-361462.174698
-366652.048995
-340014.27325
-362149.067342
-357213.761751
-361949.464923
-355953.926048
-351488.840549
-340868.050053
-345462.808835
-361886.247731
-344483.617672
-363555.179521
-359773.115443
-358291.374324
-355280.541687
-358614.316442
-352993.320992
-342841.28182
-370612.719865
-363539.350323
-348493.939725
-346628.756624
-377587.175894
-358122.724073
-364974.695472
-361300.405632
-356950.476245
-361548.73416
-351405.901431
-349368.996093
-354778.867784
-353360.422779
-361640.064732
-357246.204921
-367158.857009
-369144.725998
-361021.276479
-343879.833395
-359643.303502
-351338.395767
-355519.721162
-347254.451932
-360704.576367
-356404.99316
-351434.718277
-356862.229295
-351921.92733
-359460.080266
-365538.194917
-358178.860126
-330944.864064
-363666.992073
-361264.76888
-345482.345937
-356371.82708
-357879.603251
-356179.644703
-356553.02235
-357048.401568
-356369.436274
-368054.825502
-356041.282616
-352639.264505
-362938.201113
-373146.851817
-358621.944937
-356984.256847
-356882.175913
-371324.164577
-375258.165105
-366243.853579
-355743.726114
-357590.497863
-351539.305625
-358602.557312
-353437.451986
-363301.558363
-354480.301099
-355480.796886
-346336.551305
-351864.165127
-359266.451347
-355063.774175
-357464.0706
-362938.603426
-353510.233759
-364497.144987
-347506.937389
-371716.326571
-362107.700439
-352890.193457
-374899.421892
-349603.330355
-351684.554965
-356684.757182
-357901.993024
-343275.791105
-360680.916428
-358948.21903
-363112.629063
-370667.931879
-360864.285265
-350648.286814
-360685.499217
-352534.034808
-358458.765936
-348442.541012
-354156.883367
-366074.835956
-372382.591261
-350039.352387
-359936.841231
-362174.466449
-358805.987199
-366280.366269
-343669.825918
-356318.613355
-372343.300326
-334002.510577
-359015.92252
-356107.765041
-355835.74611
-338645.346421
-338727.07834
-364709.145082
-356725.41499
-350099.911034
-375191.25677
-358053.174414
-367784.106145
-370943.650621
-369773.620817
-358657.531224
-351216.657856
-359332.897264
-368377.79076
-354161.779332
-361001.514107
-362342.45708
-364365.776646
-364200.027762
-364565.403294
-361550.467787
-349711.039088
-358230.478919
-327181.552596
-362604.444594
-355571.818679
-364760.728533
-352564.954609
-344281.954776
-368159.027724
-364804.999787
-353081.13585
-366178.435524
-366688.785114
-337367.743071
-349956.904874
-354980.692822
-352826.535534
-358709.08494
-350859.595705
-358755.274034
-358753.576023
-360370.267572
-354179.604536
-330326.94161
-330906.395046
-355160.507053
-368341.149161
-349331.621236
-367948.172937
-369812.66281
-364310.165485
-350185.686526
-351007.802634
-355490.031813
-348438.751834
-341579.393975
-366309.737523
-364111.35502
-360401.462902
-360203.165194
-363300.666229
-361336.683236
-352173.075932
-352854.236672
-372362.295416
-363458.883883
-367964.194791
-346741.817309
-360305.049882
-360866.758695
-346855.09152
-358761.429277
-337668.076868
-349538.030276
-346534.540613
-356599.46392
-353630.662586
-372875.415711
-362496.45507
-366668.650048
-346476.098418
-352335.653502
-347133.528208
-346905.410011
-365372.476962
-350692.027266
-354605.164343
-360610.656306
-367772.486851
-355214.460677
-342506.910108
-359677.610057
-350889.389761
-366648.753381
-345041.594989
-351298.802137
-360745.910164
-356096.466195
-350955.410566
-358434.77795
-371529.654377
-360785.338493
-356412.675374
-362284.918958
-350805.651023
-347123.985113
-360414.084249
-356430.101763
-338237.573145
-369107.685844
-334854.193621
-351487.338611
-340845.958985
-360724.32564
-351998.961736
-342783.493503
-340203.301815
-369930.509998
-349619.136807
-356482.049239
-356550.657356
-360818.54013
-365549.406872
-362554.336699
-356930.195933
-347606.787129
-363266.415183
-348735.329068
-359835.063599
-363182.08093
-336845.859206
-330235.169565
-348244.088719
-358918.872491
-361853.786915
-345973.421215
-363431.554476
-353408.980808
-359420.598401
-356588.66736
-350039.242906
-351663.111015
-354930.640172
-365222.741625
-340539.196986
-364054.634553
-366861.946679
-370408.712625
-352596.662952
-360780.480317
-354018.588346
-348546.21711
-357216.216651
-358830.312225
-363429.019058
-355287.372599
-342909.729801
-359394.610239
-344700.856673
-359921.40749
-342759.946754
-355405.89369
-358089.85985
-347806.938531
-353085.513544
-359235.544657
-349848.682276
-350977.632355
-368147.426535
-357065.897635
-352355.426613
-349450.551924
-366544.595456
-364616.43908
-362557.432752
-349696.845351
-363625.714259
-351949.477301
-357940.030832
-357401.845808
-361586.09936
-363551.989644
-348702.15749
-371162.653394
-361362.567585
-359759.247541
-355296.07794
-350110.570975
-357546.891183
-347637.20278
-364597.043881
-357437.114158
-358939.391766
-369690.932576
-351595.927602
-358767.503653
-365858.767653
-360499.536649
-344998.428879
-356766.942957
-351199.619624
-358729.172562
-343408.721744
-356047.698546
-352177.851729
-356245.546685
-369767.505061
-366817.323482
-356007.104172
-362320.598001
-353010.120498
-356554.853006
-363578.228379
-363458.275554
-354644.313425
-370568.915238
-356140.965946
-355492.553705
-354912.357988
-357183.659339
-356465.495211
-358596.428357
-346597.49934
-359655.953875
-357315.581053
-352588.539104
-377804.18869
-342376.408203
-357215.258258
-371439.416593
-361239.934011
-351182.064316
-362457.921568
-374877.577512
-343929.160485
-354536.536247
-358976.122203
-365126.283331
-358127.846454
-355466.744575
-365711.19994
-359431.482485
-365999.69487
-367338.837978
-367609.646529
-366983.992166
-352398.528648
-364048.503737
-342556.409664
-369585.807003
-352901.395917
-365096.433082
-352428.182115
-359768.795936
-366212.215462
-364232.415924
-367468.36455
-358015.259345
-345831.785055
-357372.843561
-365781.690698
-345697.580341
-362815.924621
-352580.631827
-347402.163751
-366724.456536
-355448.858181
-356405.847913
-363827.475363
-377882.94637
-357109.619772
-349408.68192
-354645.677076
-350285.247134
-350259.490087
-376794.78489
-355403.453451
-349315.69599
-337976.426918
-347127.165531
-351447.483887
-352942.077987
-342089.252409
-348871.601177
-360887.816188
-355547.265531
-366933.068116
-358781.84238
-357483.81741
-366539.153519
-346857.444355
-356805.767427
-348033.999726
-349563.863506
-356952.628917
-349875.792895
-369883.45857
-369854.551409
-364558.375366
-356676.300926
-356970.94862
-352930.370633
-351537.754291
-346050.356335
-357855.988668
-374175.569627
-346072.965604
-356035.712966
-355065.594655
-364695.611321
-363149.983636
-357010.74579
-366580.810648
-364517.689657
-355355.8434
-351588.589305
-363878.704748
-364949.89448
-346563.202958
-361533.231108
-349032.575922
-342919.305338
-368277.679178
-342456.283698
-364209.23872
-369152.162744
-341920.106221
-359067.945724
-352365.843468
-369721.307372
-344492.217496
-363036.223857
-353195.534291
-345745.048025
-357640.905635
-358644.531183
-369827.656395
-357379.493265
-365144.070365
-350421.123426
-367969.144884
-371733.129783
-369139.333871
-359638.378153
-360896.349176
-360364.400156
-362183.976786
-356904.896116
-360426.962152
-368950.491773
-360572.757486
-355391.13279
-360513.485938
-353944.245724
-343584.699727
-347795.910513
-360330.425682
-360471.68406
-372529.04354
-364341.724242
-331701.688745
-374247.949845
-349959.741517
-369476.402377
-360934.687196
-356034.28932
-365839.16065
-371122.27353
-366651.472721
-366394.169888
-343943.992681
-371062.528343
-360156.42876
-364864.280193
-354789.782007
-334599.963526
-357100.206447
-356947.074191
-356459.927341
-361769.346113
-353636.785638
-352688.980068
-331586.201222
-350693.529496
-347151.436
-358404.86585
-351222.580756
-344901.582373
-362850.399867
-357778.599275
-358308.46361
-356537.651018
-359842.497985
-360858.786105
-356078.8525
-352837.011902
-355793.974562
-360483.518298
-361127.688528
-351715.638554
-350245.532709
-363897.330217
-363066.090377
-346996.931051
-354780.326823
-353700.388597
-354148.327137
-342382.024982
-357080.187947
-345997.709276
-351100.296803
-356162.301182
-362917.754617
-351680.446383
-369046.944885
-339965.744237
-345857.662789
-358875.186184
-349780.635563
-362175.228208
-373762.591858
-366542.128734
-356773.24245
-345938.009631
-358926.373842
-357380.471498
-369665.559231
-344133.063925
-351768.923148
-351169.972143
-359719.223989
-357915.679307
-353397.968294
-355738.235181
-342550.635311
-366737.508244
-353016.491523
-351515.682338
-358140.842627
-356851.763606
-356662.301933
-357736.197897
-356898.09239
-359036.84164
-364239.761146
-351424.700526
-356889.971238
-349777.738048
-344424.275485
-358436.284572
-352291.572246
-371772.166526
-347950.335905
-344517.024348
-353737.69273
-351240.081849
-361251.583494
-360972.984227
-347071.672519
-356868.309681
-367487.11404
-363664.536709
-352190.309768
-362382.558681
-364007.799073
-357978.989654
-358908.998376
-351229.145543
-343759.849254
-370751.114642
-337378.887737
-358037.889849
-361165.911868
-357732.370573
-355505.901932
-348300.077861
-362416.769087
-351331.146716
-357959.657093
-357340.842226
-345044.832511
-355035.91082
-356427.4323
-346273.65084
-355413.283808
-348061.306898
-360256.340656
-357576.870405
-367732.828499
-352066.593517
-358409.994441
-356075.023036
-368533.184603
-355303.004444
-351511.019078
-354934.215444
-361154.142382
-366250.820922
-363823.729213
-343311.769476
-374197.467387
-351034.46905
-355646.122216
-353454.113814
-355175.541288
-373357.793471
-350139.943841
-348778.42828
-358329.268937
-354338.95276
-352719.642855
-363808.413011
-356911.671004
-368555.224947
-357664.109235
-372207.157704
-348362.28267
-370228.041346
-357578.368549
-367995.636831
-355236.951392
-351422.213956
-356955.04458
-374788.773439
-366960.787846
-366433.188093
-349896.629369
-348285.367037
-355488.424007
-345754.393989
-364109.854581
-348092.634322
-362059.706813
-344519.277156
-357676.065103
-352315.011108
-369020.017794
-357602.929866
-356387.784805
-353361.278467
-353787.677571
-334869.760485
-356060.004507
-336358.799455
-359456.179506
-359758.325084
-361786.058135
-363065.645631
-356561.271041
-372298.275513
-340641.702314
-367596.385147
-350747.591668
-348700.951141
-374770.544947
-365750.399487
-370984.192309
-339728.161445
-360863.933755
-358577.461525
-355525.103706
-360561.842509
-363583.469789
-348575.609445
-356290.162966
-364320.523327
-359438.824596
-355695.158186
-353248.633638
-365806.390371
-336703.844902
-346423.930781
-354351.083989
-355386.322065
-362285.038199
-351005.565632
-359795.885521
-354539.301354
-343060.222784
-365413.239095
-360310.331519
-358569.590855
-363818.984521
-356445.47062
-367033.166688
-361691.087618
-370210.468426
-338718.799957
-361912.040411
-357369.600719
-341113.893283
-356956.641799
-362621.264521
-363298.872926
-356114.477551
-350965.593051
-370952.276485
-362555.763569
-354397.461831
-362326.270136
-347300.743998
-359968.005402
-368815.317246
-356741.373169
-362000.277936
-355733.686721
-359585.54609
-356771.292245
-351050.432534
-378226.341911
-336418.350921
-350059.815369
-346471.979771
-349333.84352
-339749.273851
-340884.648501
-367915.962201
-363520.338978
-332119.461157
-336342.047327
-343524.178549
-362864.372383
-362670.982428
-350250.029697
-357311.591364
-355649.914846
-363499.103608
-366632.864098
-361911.805061
-347224.063444
-349611.738269
-378427.721942
-365831.23226
-357693.721354
-354614.047963
-340561.033493
-346566.137656
-358575.813668
-364529.033682
-361158.05523
-350834.373585
-355105.202995
-375588.51429
-346586.236233
-368372.667635
-359632.790569
-362864.756871
-358204.4723
-355845.031628
-355901.645992
-356375.240965
-351033.323816
-359469.340224
-363335.053465
-353458.122843
-367425.89547
-345203.997473
-354223.637695
-356882.267173
-348455.478846
-357617.306275
-360878.474577
-352547.573852
-367568.058343
-342944.591556
-370318.211707
-358242.667347
-354211.190141
-353653.344137
-348658.196871
-334798.824861
-376070.405043
-351545.024331
-352844.983437
-353576.554822
-365360.989192
-354572.283223
-366773.125328
-343006.215825
-341065.152737
-358769.541953
-332095.644949
-362431.556645
-337937.306372
-368238.353592
-362115.933362
-343225.330238
-362813.378848
-354470.293342
-362965.369712
-341893.064299
-361729.482196
-359685.904195
-364255.145701
-366817.614218
-357114.038944
-346581.369479
-349098.564544
-366806.93718
-370055.321152
-358944.116735
-355786.094844
-360102.035692
-361232.806234
