-988944.606352
-1079755.09182
-1007753.75482
-997545.50041
-994360.569068
-867905.69043
-974226.222802
-966750.816265
-932237.116477
-953978.327692
-1028640.03227
-1034632.52357
-981441.746366
-1013470.73617
-970840.596842
-975927.985317
-939715.683293
-1012973.40501
-927114.596448
-1122583.0779
-1173403.07021
-1181711.4322
-1156605.03973
-1166356.53135
-1150777.18372
-1203177.1031
-1191533.07776
-1241089.61115
-1141765.53164
-1166117.6584
-1212181.23171
-1175974.32316
-1241676.74571
-1151435.78846
-1227792.30494
-1140501.59632
-1153371.7133
-1159518.40779
-1164727.50099
-1224510.34093
-1261370.22471
-1284030.363
-1252110.89385
-1181813.35086
-1298649.89381
-1282781.4684
-1290936.10615
-1280413.00665
-1234481.62343
-1269516.01546
-1299217.02761
-1268474.11473
-1276664.64774
-1272069.20343
-1274240.95499
-1262686.26961
-1223250.0029
-1262028.52181
-1250762.93495
-1229417.96543
-1282136.7873
-1270716.46564
-1288241.30866
-1280177.94349
-1308590.84563
-1236174.05918
-1321360.63073
-1266929.52312
-1299798.74592
-1297374.83395
-1302624.7579
-1271755.47716
-1263040.5966
-1268646.94761
-1229361.75879
-1265408.77197
-1297841.81276
-1281732.39168
-1295516.80103
-1247266.95982
-1292975.43958
-1260124.1533
-1285730.92642
-1306822.29438
-1311127.69099
-1253476.60014
-1281382.06683
-1288468.44316
-1303896.54362
-1270331.54819
-1312366.26549
-1262827.51036
-1281471.92116
-1268238.38688
-1261746.14958
-1303260.62208
-1294941.95657
-1265780.32333
-1283301.63059
-1257715.5659
-1282582.39534
-1249242.40624
-1290294.29588
-1320999.5474
-1291058.75786
-1252108.32815
-1262685.70517
-1283036.63136
-1287207.48092
-1320457.00483
-1286596.97248
-1271905.35352
-1261144.23362
-1255547.02603
-1256379.23916
-1268203.15583
-1281435.37185
-1265431.70155
-1294788.50188
-1290295.53015
-1260575.82596
-1300114.18447
-1281162.37471
-1307715.65865
-1268623.28495
-1276518.42982
-1298984.72329
-1292849.59087
-1275850.76387
-1311488.24695
-1275043.42043
-1234728.4571
-1272247.20959
-1241795.80278
-1280552.40723
-1305563.54958
-1277809.7527
-1287613.12232
-1287556.28688
-1288820.88874
-1253369.96814
-1268555.44587
-1276061.89667
-1277762.76042
-1286364.99666
-1288421.12517
-1281652.31981
-1277825.9017
-1315906.68628
-1316887.09676
-1259011.8174
-1300991.54754
-1313790.94305
-1297150.75712
-1264957.26387
-1311073.33374
-1281250.58902
-1275897.65332
-1244164.74624
-1257293.09745
-1264215.95472
-1296874.54537
-1270499.25315
-1295253.3994
-1251851.00346
-1286787.1367
-1281417.28697
-1260702.2873
-1304447.65189
-1289555.14162
-1292198.18617
-1254843.86282
-1295332.03227
-1263414.64579
-1273912.96326
-1314969.78847
-1288506.81423
-1267751.12216
-1256335.97355
-1255013.74398
-1273032.9778
-1293885.25478
-1294208.49052
-1297794.90136
-1279047.71703
-1300578.56977
-1301076.9309
-1274823.61304
-1294181.01312
-1289954.61534
-1251401.53983
-1288472.12636
-1247769.16463
-1233611.36171
-1317571.34796
-1311217.15018
-1281120.91206
-1290427.67472
-1298735.07727
-1278871.51607
-1283346.50141
-1274267.61859
-1251336.53051
-1251613.72675
-1258424.81349
-1279946.41687
-1326323.50976
-1289004.61048
-1302884.20945
-1266370.57795
-1308475.46481
-1293066.76935
-1293855.77802
-1274631.81341
-1285751.48096
-1272598.144
-1269534.25931
-1225047.53932
-1267016.08935
-1270840.94516
-1251045.04639
-1261105.07269
-1262295.67139
-1290365.54067
-1263267.22319
-1260761.57631
-1283397.26437
-1272879.13041
-1283290.50817
-1272873.87148
-1287122.15234
-1305247.99409
-1279936.19483
-1308242.9886
-1266557.51359
-1271704.59477
-1236568.76806
-1290520.00811
-1232598.39956
-1285487.29287
-1243597.55294
-1319620.48747
-1276633.55107
-1300328.91788
-1295701.7998
-1282476.25504
-1254799.56148
-1288718.10693
-1304515.25184
-1298587.07253
-1264127.75733
-1296882.57727
-1267820.12268
-1272820.33636
-1284821.1334
-1299361.9935
-1293115.54641
-1272262.83898
-1271994.85638
-1294282.00272
-1291137.51557
-1277892.26464
-1304568.81996
-1248423.8984
-1279998.44332
-1292412.21223
-1283633.04387
-1236521.16884
-1278323.54477
-1303054.03326
-1276877.69081
-1294744.88587
-1271546.42966
-1280412.97034
-1300064.63676
-1274217.30104
-1283451.62987
-1276473.81507
-1266374.02838
-1285128.2228
-1261010.8246
-1288742.94378
-1263637.0913
-1284727.36204
-1311852.99303
-1268733.53571
-1283380.20855
-1281079.91444
-1286173.65189
-1278656.26189
-1282143.3208
-1273445.39453
-1307239.63454
-1308245.04265
-1293167.8946
-1305642.28588
-1302089.74453
-1284793.75409
-1271027.08449
-1299952.05385
-1274079.60694
-1273240.49046
-1283336.90153
-1239312.64567
-1263170.04577
-1306372.76701
-1264703.45229
-1254725.90218
-1260517.35017
-1256432.4385
-1286582.0318
-1258118.76612
-1290127.72182
-1288752.52852
-1258984.33449
-1277998.13969
-1233046.4458
-1284632.0162
-1256583.71269
-1280495.14547
-1262413.38167
-1290915.59432
-1289888.50516
-1248517.75349
-1259135.34782
-1265401.70461
-1314235.51333
-1300725.87198
-1262735.88206
-1247889.35219
-1304711.66152
-1278646.94318
-1292423.97906
-1299897.90263
-1307338.55558
-1286483.02209
-1238916.31805
-1287184.76517
-1277379.75912
-1269422.27193
-1279213.42508
-1295514.01421
-1247255.59591
-1277086.29319
-1259987.44388
-1288742.65749
-1308969.75492
-1313441.46919
-1272038.87551
-1265269.41705
-1293214.88181
-1283540.90615
-1253644.54108
-1312900.77514
-1295339.1129
-1292769.83072
-1290743.80729
-1276462.48821
-1302690.14346
-1300006.13939
-1299156.78443
-1303026.65061
-1292534.5216
-1288880.44297
-1284596.37105
-1237836.45174
-1291843.63076
-1300200.33533
-1296784.60047
-1240974.52665
-1302044.55375
-1288242.12269
-1304979.44163
-1276820.08058
-1263742.8057
-1297079.16688
-1295698.79368
-1278697.09339
-1310938.83003
-1241251.05508
-1282108.36764
-1313642.27809
-1319686.32309
-1289601.29085
-1264225.01658
-1245540.65723
-1289358.93154
-1303268.42322
-1254832.93765
-1301515.39469
-1284563.39009
-1285087.93347
-1269233.76658
-1248351.11389
-1294177.54483
-1272610.44201
-1262698.24683
-1229109.23931
-1293243.25614
-1266229.47034
-1299396.52305
-1295308.89589
-1302633.6409
-1278186.71159
-1271985.39123
-1282327.80265
-1295809.74878
-1306881.29222
-1279808.8397
-1259434.57772
-1269696.04272
-1280424.21075
-1258835.54041
-1257140.92771
-1292880.94743
-1299808.13075
-1242922.91413
-1276563.45558
-1298327.80151
-1271720.34067
-1272855.52669
-1269594.96116
-1278041.01305
-1293769.93163
-1293795.04818
-1290004.61333
-1279429.21242
-1280167.13766
-1296357.20938
-1255215.5809
-1286818.68832
-1281110.10075
-1298338.96543
-1274542.30428
-1269106.7278
-1285023.83236
-1286271.8603
-1292670.11814
-1263235.30435
-1300935.18399
-1282204.53522
-1269914.1649
-1253793.05875
-1274728.10837
-1261545.90367
-1247707.20953
-1314936.23513
-1315832.26768
-1275113.03404
-1285789.12085
-1262167.7183
-1285376.02683
-1277774.93921
-1296215.05946
-1301645.37173
-1272974.53182
-1260043.35909
-1279752.3123
-1312272.68768
-1292076.86039
-1268822.72083
-1301349.55665
-1244399.76417
-1321859.49677
-1262241.4955
-1261349.4146
-1325128.33806
-1280370.13358
-1304411.90502
-1270509.01162
-1262784.52637
-1296107.30113
-1307839.27129
-1272706.91822
-1273923.77404
-1287742.88216
-1288362.30595
-1280794.88479
-1290387.06968
-1284855.31786
-1288813.55839
-1270015.66916
-1275735.30807
-1272668.48162
-1260356.62615
-1278393.43023
-1295325.21224
-1287585.39493
-1250482.55519
-1272078.21224
-1276715.30276
-1302352.35819
-1254625.51369
-1265219.4498
-1292157.43313
-1292113.09032
-1316393.32061
-1316997.60585
-1214928.34139
-1271524.53026
-1242233.78751
-1296539.14144
-1280964.79133
-1294801.6094
-1272453.60454
-1267629.77883
-1277648.29649
-1273150.8187
-1294563.93425
-1277858.21066
-1290037.24682
-1272551.21075
-1278656.0227
-1262672.84493
-1309323.46583
-1250578.34498
-1252767.74857
-1237733.92527
-1303120.81295
-1327103.29303
-1248512.76089
-1296823.12079
-1282997.90573
-1308436.10294
-1244171.87085
-1274750.71792
-1311656.62832
-1293980.35447
-1285642.52095
-1293952.2848
-1272709.56567
-1263168.07896
-1303642.23437
-1300705.28202
-1289938.27699
-1292354.85168
-1289240.68653
-1278749.22318
-1279273.91349
-1256876.21636
-1274931.45327
-1277674.27744
-1250503.93525
-1296625.26676
-1279901.85654
-1260862.59607
-1269784.49607
-1288634.40388
-1257968.17165
-1249789.64469
-1276249.56333
-1307025.63674
-1289680.55841
-1305669.46326
-1291394.637
-1287772.76003
-1295630.4714
-1274309.67434
-1248698.83053
-1318046.31258
-1273637.9848
-1274041.56943
-1243825.06679
-1269735.02363
-1259484.34107
-1257985.11448
-1277945.55661
-1283537.66225
-1292254.18243
-1274754.23798
-1278837.16336
-1312317.98593
-1279684.90828
-1275192.91981
-1277138.36955
-1289987.67961
-1250476.71276
-1305995.54983
-1254710.78961
-1259816.04528
-1289273.39947
-1313813.0327
-1275604.93773
-1246748.52003
-1273437.4178
-1266393.42981
-1280148.73075
-1291587.72915
-1291094.23346
-1248166.08905
-1298491.74315
-1316577.26314
-1271676.1462
-1274563.74301
-1290243.62213
-1280820.49037
-1311969.88152
-1279146.5661
-1286714.27879
-1267329.10976
-1257324.22755
-1266014.38703
-1259100.59639
-1231324.24428
-1228285.39022
-1236198.49622
-1260888.77363
-1283329.73713
-1317552.91019
-1311047.02812
-1292362.79213
-1303187.97496
-1279260.18304
-1270011.99505
-1298983.03311
-1290072.92961
-1277896.00434
-1268908.60217
-1234466.08222
-1326334.11355
-1286414.18175
-1275654.32415
-1280532.31562
-1281926.49837
-1254733.47338
-1299574.67713
-1274735.25932
-1305449.93306
-1279734.85967
-1259322.18221
-1296476.60247
-1286073.115
-1267908.28078
-1276941.46929
-1278599.34824
-1308661.78019
-1294020.93845
-1310592.76937
-1301977.53881
-1268455.57865
-1284517.19712
-1272381.43502
-1268120.73812
-1292387.52786
-1261355.82151
-1258807.08201
-1317904.44065
-1281924.9961
-1280772.90247
-1291248.33903
-1267170.24862
-1280190.53403
-1304764.07279
-1292305.96327
-1277242.4745
-1321500.72998
-1314725.59555
-1267111.20908
-1263785.782
-1266064.72051
-1221132.26273
-1255832.57298
-1321406.24098
-1292982.92118
-1245248.11302
-1253807.53982
-1288190.1186
-1293691.30989
-1300341.70924
-1280105.49833
-1244059.15258
-1283099.08216
-1290118.35724
-1269491.77884
-1284037.86865
-1236991.7034
-1285086.78852
-1282252.35204
-1319503.20266
-1248650.14997
-1298817.46647
-1296858.29229
-1261115.49954
-1312104.32308
-1270871.02391
-1284164.51375
-1296941.92207
-1257184.02162
-1289989.55629
-1280964.45623
-1307623.99564
-1313312.14856
-1266090.77397
-1294496.54038
-1230889.23571
-1268883.33991
-1296324.75311
-1271124.89245
-1248569.13147
-1273216.10333
-1304233.89794
-1281700.38005
-1288515.00365
-1296057.9073
-1265226.78992
-1258277.55105
-1269500.84725
-1308681.86094
-1240231.3443
-1279162.87815
-1273612.58756
-1294567.69606
-1285377.97723
-1261641.13794
-1303274.9885
-1215189.40307
-1266765.54915
-1246197.03351
-1296177.40635
-1305716.56196
-1287394.42857
-1263899.57869
-1296205.46528
-1277464.55153
-1269588.55658
-1259546.0113
-1289983.16945
-1307969.97114
-1286411.16316
-1279064.493
-1281174.0252
-1270724.7513
-1277137.48407
-1253051.6734
-1297658.54144
-1296508.10376
-1271337.84533
-1254698.35437
-1310225.65393
-1264085.28598
-1252579.5144
-1268260.0801
-1275761.63097
-1323454.13072
-1253551.4515
-1270542.65564
-1309266.22969
-1297346.89646
-1279547.49967
-1305368.86269
-1287557.48264
-1257920.96027
-1277699.61062
-1281566.37913
-1270974.58705
-1264423.71318
-1272996.51499
-1267794.40909
-1296035.0752
-1286609.20367
-1295579.57453
-1228636.19627
-1288164.91137
-1304598.24521
-1233257.87374
-1252176.38213
-1304706.89019
-1315232.01362
-1250916.62041
-1286178.77093
-1272431.60335
-1297387.03412
-1285899.22213
-1286185.43036
-1300043.47761
-1245535.5441
-1283534.6587
-1274417.03496
-1289863.57713
-1272611.41332
-1306997.52162
-1294669.49966
-1282836.37373
-1229194.02704
-1278915.52695
-1290541.66397
-1303324.69479
-1303632.31385
-1272021.77324
-1286476.2728
-1279767.95974
-1298618.00768
-1269276.93738
-1311773.03397
-1277446.62527
-1279134.04585
-1275864.00312
-1263126.46801
-1291685.32532
-1298827.31956
-1253779.41613
-1284309.24679
-1281791.13788
-1301995.62323
-1286158.06592
-1237105.45725
-1292590.52721
-1306939.48366
-1288106.92213
-1296911.73867
-1280561.99068
-1242055.40687
-1283722.09212
-1251283.20487
-1282076.91902
-1258126.73382
-1302800.32332
-1299355.93463
-1271364.27245
-1272845.73242
-1266532.07138
-1282297.44074
-1283053.09579
-1284813.42417
-1302714.63035
-1284594.10899
-1295583.98275
-1282996.911
-1252999.99616
-1257563.00628
-1266971.55098
-1268355.91004
-1274179.82878
-1287409.02906
-1261380.87231
-1277327.38837
-1302394.97717
-1252059.59106
-1290566.65198
-1281249.39763
-1272936.94835
-1278164.17768
-1315681.97486
-1254694.77298
-1281471.52413
-1302832.451
-1315035.53725
-1295898.1677
-1247999.89441
-1241399.58489
-1278388.67814
-1296154.0069
-1257188.26521
-1255851.70286
-1310820.21991
-1278973.18
-1310909.29179
-1264529.32873
-1329171.37719
-1254121.47572
-1318030.61519
-1290096.18218
-1287508.99767
-1255839.06774
-1296903.54407
-1275573.25078
-1322848.46808
-1277392.08487
-1257393.47442
-1252052.68767
-1272096.30564
-1267492.50351
-1297323.1423
-1291011.71446
-1301036.11643
-1285557.5127
-1318050.8783
-1270819.46932
-1299957.00145
-1297328.73126
-1271883.60044
-1327051.20436
-1304236.84756
-1300136.47475
-1250183.23283
-1283200.76423
-1258948.71211
-1267769.88177
-1315611.04727
-1289608.12349
-1229033.71954
-1282490.30053
-1287903.38376
-1262154.02149
-1300049.51089
-1301215.56691
-1310340.56445
-1278222.31672
-1305020.76859
-1298042.71064
-1277962.5538
-1304797.49632
-1287201.00874
-1272794.01481
-1308997.35419
-1310426.88722
-1281870.89748
-1295253.38764
-1307831.46972
-1266299.13876
-1232734.78234
-1245428.56381
-1266296.6746
-1298315.48349
-1307164.98231
-1275927.99603
-1300208.39787
-1282681.62322
-1280411.31606
-1284394.84099
-1309256.07014
-1276425.90031
-1251947.62842
-1246433.10263
-1298020.65386
-1286495.33375
-1272516.45032
-1241487.60975
-1313020.00815
-1269898.65486
-1243425.52955
-1297379.77002
-1302862.59728
-1274864.21889
-1260527.99943
-1284168.76056
-1289433.34703
-1313837.72851
-1314683.42074
-1302454.8864
-1277716.25867
-1275923.90059
-1330222.16131
-1309091.82552
-1288483.69571
-1295677.46066
-1245112.90534
-1276546.65324
-1284474.71785
-1269874.49283
-1276721.21622
-1253592.21023
-1265072.18393
-1285856.11172
-1279398.96094
-1263893.688
-1299123.06197
-1277959.87215
-1278363.79678
-1268891.31681
-1275258.32966
-1268390.5691
-1287293.78485
-1285549.0355
-1256213.41909
-1291917.9404
-1253458.4175
-1277799.7519
-1268949.67478
-1262661.87232
-1246637.01493
-1263433.02444
-1252962.24389
-1273929.21083
-1265369.28972
-1270991.73123
-1279208.43766
-1264103.07372
-1308710.94072
-1296261.23517
-1246702.97423
-1273604.16922
-1295800.40753
-1276760.66945
-1290015.93993
-1282308.2469
-1263987.95977
-1297820.83205
-1276103.43819
-1277750.273
-1232062.35565
-1272957.82947
-1240338.01152
-1276563.46079
-1284992.59174
-1272793.66216
-1262330.03455
-1282827.42142
-1294302.52107
-1294382.96758
-1234369.58584
-1250035.92211
-1304519.86031
-1270603.94608
-1202068.15355
-1282490.58363
-1281417.84835
-1282871.01506
-1308091.40645
-1282754.3203
-1261428.04728
-1253229.56284
-1312722.99112
-1267371.49729
-1277797.08693
-1262816.6094
-1295461.99387
-1231212.37403
-1301564.4071
-1293812.68054
-1306820.03387
-1275404.17917
-1299327.3423
-1252728.00592
-1265062.59203
-1294904.6372
-1301154.70479
-1246684.48863
-1309317.50269
-1291270.60481
-1288470.32555
-1267467.57888
-1287379.53128
-1276692.06796
-1251710.53134
-1270732.00485
-1282336.34456
-1244618.49486
-1300776.32827
-1254383.89415
-1297138.19196
-1281759.43769
-1303146.11033
-1291175.16386
-1288178.67347
-1262530.4596
-1269162.82982
-1254452.79335
-1273734.43605
-1263717.50974
-1287622.22139
-1281201.83726
-1309630.96343
-1282959.71622
-1309101.31644
-1267867.83391
-1276417.81058
-1272517.05668
-1310598.49639
-1304249.94275
-1281072.34163
-1315761.62831
-1307416.30498
-1255848.98167
-1265617.70071
-1288889.74365
-1253194.69759
-1303239.98991
-1277549.4572
-1288799.0226
-1274542.32373
-1259472.4281
-1267607.05975
-1274859.41151
-1278070.67349
-1271013.71604
-1260366.83177
-1265061.97438
-1264487.22335
-1270139.05684
-1297996.70029
-1253845.98464
-1281704.09536
-1292597.235
-1239671.04307
-1277582.45177
-1268177.1596
-1279767.1929
-1262227.95417
-1280238.80095
-1268228.95147
-1271005.74106
-1260947.88412
-1243483.4339
-1263727.72791
-1270508.50756
-1308579.1372
-1249563.93178
-1309174.05366
-1310873.87105
-1207902.52133
-1250582.60322
-1302423.70284
-1278742.17355
-1243474.8931
-1294442.35011
-1295675.58838
-1278918.37304
-1291610.58351
-1272009.77089
-1231209.61673
-1268176.71407
-1272232.69796
-1261765.32873
-1254917.74123
-1286274.02299
-1287598.71774
-1288923.73575
-1291736.22341
-1280048.12894
-1243469.11267
-1269667.14145
-1283373.86687
-1265727.52369
-1295144.96355
-1276818.06579
-1288663.81225
-1257474.90452
-1233836.82778
-1273659.68995
-1284078.70451
-1226521.46119
-1265378.2689
-1261950.75635
-1249013.9281
-1290094.90526
-1276637.85982
-1273516.11432
-1290676.45128
-1301500.02821
-1260127.29717
-1245663.07357
-1315556.7532
-1319507.26282
-1243117.22869
-1289975.43212
-1273262.57218
-1256593.5471
-1298216.17105
-1302117.546
-1265515.06793
-1283863.02566
-1255118.4834
-1274219.5252
-1296926.17365
-1276190.67592
-1283957.9733
-1276409.41383
-1304679.01675
-1301942.14068
-1212641.13978
-1262456.04088
-1270321.56355
-1281071.87362
-1291520.45144
-1277915.83401
-1262787.32655
-1230035.59611
-1246699.58175
-1266291.87697
-1289810.39019
-1275861.8431
-1228865.46191
-1303660.66971
-1278557.30546
-1252029.76962
-1294058.66305
-1289951.45384
-1308667.18074
-1304473.98484
-1293993.33682
-1286074.53761
-1300248.76907
-1260362.2972
-1290831.48379
-1272549.82875
-1270904.14362
-1269558.95378
-1251884.81228
-1270993.65903
-1279133.96906
-1300327.94984
-1286130.31927
-1250459.34306
-1196539.64348
-1274802.31883
-1290978.15867
-1244322.8079
-1263336.66942
-1287275.58239
-1265899.70239
-1256042.00573
-1315921.15982
-1273057.14989
-1278203.92193
-1254472.35486
-1287420.85655
-1291150.44624
-1262637.29993
-1285556.81977
-1277194.36687
-1290538.85311
-1316622.21682
-1255807.84492
-1233490.21094
-1257024.36463
-1306344.24409
-1231458.68758
-1264769.57711
-1259418.86883
-1275749.88027
-1300570.90866
-1249839.12155
-1283657.18314
-1263509.0891
-1275087.09486
-1306439.89202
-1279647.5582
-1249838.07562
-1277553.10595
-1246614.529
-1282692.23337
-1296075.69353
-1262276.77391
-1265733.60163
-1298897.89781
-1246762.51502
-1227476.51277
-1273745.28868
-1325527.11319
-1284290.74266
-1281649.91108
-1275988.36344
-1251211.41907
-1291543.10748
-1287377.25799
-1218305.20988
-1257308.33916
-1296211.04081
-1286556.79894
-1299392.27177
-1287014.40278
-1302343.73247
-1263815.28091
-1243536.84082
-1293759.3801
-1312329.223
-1306348.87634
-1303306.56433
-1295656.39442
-1257132.9899
-1241705.51436
-1288055.48974
-1297818.17125
-1289201.86207
-1284990.40947
-1292589.41598
-1224938.2164
-1274975.05181
-1303536.03995
-1334531.68152
-1266139.84856
-1251774.01558
-1283499.27393
-1292698.6709
-1251464.42152
-1278883.17897
-1308974.68931
-1300781.5619
-1258889.55028
-1238933.28993
-1299522.77587
-1297792.19016
-1311076.66471
-1300666.8107
-1257292.51043
-1259832.65032
-1259790.15599
-1309953.86291
-1292337.34099
-1290528.57349
-1251749.04514
-1286649.49187
-1307047.26275
-1268624.16127
-1307786.66538
-1306993.7419
-1305638.66359
-1290728.7893
-1275468.44032
-1291204.59908
-1282543.74232
-1280745.78996
-1273582.1389
-1286362.43409
-1299829.44366
-1282362.35937
-1291410.21433
-1327068.56761
-1247799.7187
-1294442.27228
-1239493.91035
-1276874.46467
-1304409.33988
-1272397.35218
-1250242.865
-1275102.97376
-1278452.97735
-1265680.06988
-1296277.70135
-1271076.04013
-1278682.8548
-1242641.87032
-1273277.36841
-1270144.75697
-1306819.74021
-1276336.57082
-1248803.70254
-1260211.31266
-1259063.86562
-1287080.90342
-1260551.87805
-1263205.36667
-1308696.01069
-1300865.1535
-1224241.15334
-1241281.85102
-1279079.01753
-1295017.2472
-1272110.36951
-1273104.75206
-1278285.5657
-1254837.0411
-1307246.12045
-1295472.87523
-1260999.10912
-1240078.05774
-1253250.35085
-1262520.91203
-1299938.36897
-1285948.95153
-1276529.92043
-1284711.996
-1302376.24516
-1287992.47137
-1304659.18928
-1293933.48395
-1282946.51608
-1277405.21509
-1285455.54467
-1296556.49359
-1295749.41096
-1245870.44557
-1303493.78541
-1262034.80839
-1269362.14275
-1296313.38552
-1262807.76673
-1280657.51721
-1286912.69669
-1273234.77111
-1261260.11651
-1240171.53279
-1268626.6679
-1305254.61565
-1317391.05339
-1293162.85202
-1276321.6501
-1279546.29661
-1279711.40336
-1283427.02618
-1322867.77974
-1269089.68956
-1279119.31701
-1285590.47252
-1243642.52961
-1277184.15095
-1278866.01393
-1288941.27211
-1274901.11858
-1258757.35081
-1299085.7848
-1261500.17783
-1314556.04521
-1294841.49646
-1245104.22955
-1268430.30125
-1298341.32076
-1288574.59401
-1277973.7472
-1313776.60269
-1275918.82451
-1279027.41555
-1271331.4656
-1245262.7617
-1270838.0964
-1281583.39615
-1262509.36975
-1267535.85192
-1290042.70495
-1289481.10866
-1254131.63713
-1237657.53324
-1313640.32126
-1254169.43272
-1299565.62692
-1273594.2747
-1259992.00066
-1259015.29269
-1260780.2033
-1268629.77242
-1271673.33477
-1259667.17866
-1250862.77658
-1235263.50162
-1251002.49423
-1279655.01384
-1304877.54533
-1270748.3385
-1293242.2594
-1268439.31603
-1278635.51803
-1245916.13275
-1296163.79244
-1278724.39038
-1284125.25106
-1225362.87159
-1257801.68573
-1253233.84149
-1225644.59488
-1266354.66661
-1302417.73194
-1213490.88823
-1244532.74261
-1257524.33769
-1226617.92593
-1299781.0315
-1260895.69171
-1289056.42086
-1269532.40614
-1305828.24865
-1281150.60714
-1230856.58047
-1293801.39949
-1307350.96444
-1277626.06993
-1262413.85701
-1282702.78831
-1253140.64951
-1287559.81404
-1293059.37565
-1266266.90612
-1240399.81561
-1279845.46997
-1290757.61669
-1248861.83971
-1307517.45098
-1260520.18455
-1330666.78872
-1293280.97019
-1281964.11735
-1265566.5464
-1264105.89669
-1300366.16673
-1284865.16685
-1263567.53272
-1303397.54366
-1287374.6629
-1299568.5446
-1255938.19405
-1263956.0212
-1253238.59539
-1259694.23203
-1295807.51484
-1273196.45545
-1273359.10371
-1256695.60807
-1245108.61061
-1287207.32421
-1295440.92699
-1307230.00294
-1274564.3818
-1244498.40207
-1289012.26482
-1293365.5997
-1248840.71641
-1257335.22548
-1241494.5763
-1307400.74889
-1291884.89063
-1232366.71198
-1271965.33627
-1290054.39562
-1295556.80736
-1275151.28651
-1305199.47824
-1280293.45634
-1293522.14909
-1289677.48929
-1296920.05018
-1299523.21891
-1296013.69955
-1273081.09279
-1267900.7287
-1275493.81419
-1289517.34368
-1289690.50507
-1266333.07567
-1260529.06622
-1274351.02982
-1293360.48059
-1287555.04888
-1284575.28635
-1249404.6974
-1317765.69019
-1291785.39655
-1259199.20666
-1225199.67076
-1290143.92609
-1241925.84215
-1312947.91764
-1248590.62531
-1287084.18487
-1282646.12929
-1270411.95065
-1279720.60514
-1236403.58649
-1277563.21297
-1256008.89591
-1261619.65545
-1267114.64856
-1295974.43175
-1272399.72764
-1301692.09175
-1241508.43741
-1275361.10563
-1263012.84639
-1258065.25133
-1291343.56145
-1291028.03422
-1294229.82928
-1266075.64923
-1260151.30956
-1241381.78453
-1291196.88781
-1263781.74528
-1266723.22099
-1266148.13079
-1263186.82551
-1293685.93709
-1293181.88153
-1252296.59294
-1289431.7644
-1284712.5678
-1256326.40831
-1308455.78404
-1293292.89493
-1267268.63989
-1266075.69769
-1284732.17282
-1297080.9217
-1226027.69991
-1270375.64311
-1282678.74157
-1246494.22188
-1268977.65414
-1259408.09445
-1262513.21748
-1255786.10912
-1297908.28301
-1293355.32442
-1257046.37527
-1266847.08493
-1285252.46755
-1253653.82426
-1320664.08404
-1290425.77532
-1276098.28492
-1273464.76522
-1288770.71379
-1289249.99022
-1259801.70933
-1265279.10042
-1314926.89453
-1274735.56878
-1237773.31653
-1261555.50657
-1280683.65613
-1278600.68523
-1260919.89009
-1281348.2556
-1274915.43755
-1298471.34354
-1227420.67435
-1260125.02945
-1257058.30867
-1301975.16115
-1299293.18107
-1257624.11866
-1272574.6928
-1293006.30221
-1265939.00327
-1264138.89812
-1303150.25144
-1290441.86868
-1268839.70132
-1264570.33336
-1281919.27431
-1246700.60773
-1246352.4407
-1257491.39867
-1277672.648
-1291522.20068
-1288482.4724
-1274559.36287
-1258366.4618
-1329178.39814
-1230251.02785
-1239171.52854
-1306306.966
-1295307.38006
-1263661.35944
-1281648.40071
-1290934.40843
-1273526.35766
-1274366.65424
-1280618.68112
-1255798.33813
-1272221.97175
-1263692.80833
-1236712.23603
-1296597.27487
-1296729.29718
-1268383.16627
-1262129.80191
-1303088.49413
-1233667.03207
-1289142.9497
-1319688.31931
-1273299.97025
-1280202.57206
-1299741.85793
-1292816.06389
-1268066.74123
-1290755.00934
-1236358.44607
-1247685.68414
-1304372.23109
-1256395.4219
-1296445.78434
-1294388.30527
-1257578.10893
-1312709.31179
-1293724.63645
-1260644.84612
-1249620.94066
-1279810.9687
-1256708.54895
-1311822.73339
-1266741.6717
-1331847.01811
-1270856.71109
-1235425.87892
-1294191.79737
-1289377.13461
-1268306.20034
-1221915.71477
-1262505.78808
-1290647.24348
-1278872.40411
-1272021.95403
-1293192.88754
-1278237.83501
-1247706.32043
-1280284.60858
-1312068.52613
-1269957.5768
-1247896.7977
-1307860.80007
-1289374.5787
-1302831.01208
-1276862.23408
-1291542.86018
-1306679.74503
-1276384.06796
-1244775.59666
-1265835.25962
-1257635.57343
-1255983.02816
-1232600.34235
-1289759.21218
-1263475.31905
-1301011.56346
-1257852.10265
-1258992.14385
-1253622.50008
-1316709.03421
-1297281.0522
-1268962.69466
-1293124.49321
-1278500.58214
-1301243.05969
-1271610.5808
-1274956.16377
-1300556.84082
-1275818.25498
-1256034.35258
-1274022.28278
-1262871.45198
-1317295.83584
-1275360.1353
-1274624.54045
-1299755.01349
-1247148.52247
-1278714.98352
-1288274.45162
-1275160.59776
-1279210.39989
-1281538.5738
-1283004.37361
-1265888.74747
-1295948.51526
-1262606.8761
-1293891.70768
-1283411.79761
-1257971.81849
-1276991.34159
-1254742.98333
-1251334.05511
-1264578.62494
-1309043.92862
-1304649.94637
-1261419.09796
-1286420.63641
-1272242.97226
-1307578.08058
-1287456.24966
-1261798.67747
-1299841.71657
-1286483.95036
-1300829.32685
-1302542.85413
-1296607.53356
-1291402.14892
-1304179.92571
-1272277.56079
-1270467.82077
-1249723.50676
-1266509.40279
-1274327.34448
-1299051.46494
-1245193.23571
-1290783.80189
-1301616.87712
-1284613.43611
-1305104.37618
-1273742.37063
-1304060.53115
-1304622.21296
-1274841.7792
-1281277.17026
-1260739.44407
-1272038.52849
-1274052.23738
-1294183.65652
-1253735.41911
-1259404.84071
-1267692.87177
-1279307.18425
-1288443.84817
-1265409.98045
-1253393.50851
-1293626.19724
-1303509.25023
-1255372.00912
-1266212.31389
-1267436.50722
-1297396.52692
-1311267.46658
-1285021.78443
-1270441.5561
-1253850.44971
-1284989.38592
-1281332.99753
-1294385.8313
-1219592.86428
-1288091.6991
-1295684.3527
-1337510.44367
-1276246.66065
-1296750.3713
-1270542.06113
-1244207.21915
-1307845.49532
-1273957.32892
-1300464.80051
-1303033.79326
-1280216.00493
-1297201.13594
-1304779.12115
-1266598.09889
-1270123.26897
-1266663.23457
-1302952.01127
-1267095.28236
-1285656.39159
-1285801.56779
-1284371.10027
-1309559.24363
-1283539.31012
-1260516.90503
-1266883.81382
-1315139.63673
-1295199.74079
-1277740.4368
-1269387.04836
-1254988.49479
-1299624.92106
-1286789.81956
-1287724.99956
-1313015.31488
-1270247.04005
-1302461.18149
-1266788.80763
-1280373.65796
-1298315.87296
-1266321.39308
-1298006.65954
-1285090.40353
-1282648.70599
-1273590.87125
-1239796.21341
-1249447.99572
-1283016.126
-1300231.75381
-1299600.0146
-1247459.52776
-1283114.1567
-1266518.8
-1259126.85129
-1256755.25788
-1253554.75764
-1261831.6902
-1278180.88841
-1314336.51955
-1268612.78641
-1279413.93372
-1310741.69696
-1295340.01602
-1303759.97483
-1301385.33418
-1239773.26652
-1255609.69422
-1264441.83276
-1281718.30646
-1299355.96277
-1274895.77101
-1315670.87383
-1260886.62195
-1298550.20822
-1301547.83404
-1246024.84427
-1244327.06904
-1263847.54197
-1268096.43332
-1252064.2864
-1261926.80884
-1287287.82313
-1271192.71516
-1264711.25335
-1231375.52059
-1256710.66197
-1277380.99717
-1290987.83401
-1286029.17456
-1297048.33813
-1259493.35697
-1289664.52012
-1294347.59554
-1246877.73117
-1247966.12335
-1283605.87202
-1240229.74104
-1266248.4371
-1241365.85571
-1228739.60312
-1284830.76553
-1283027.95446
-1292023.80386
-1274849.55196
-1279032.56083
-1249803.81574
-1235633.3936
-1236935.65172
-1270534.25253
-1245176.71486
-1244653.93662
-1258398.03577
-1266761.2185
-1261963.43226
-1291387.34724
-1277116.08604
-1255338.90283
-1277438.07162
-1255558.42905
-1248799.42538
-1264595.36302
-1273498.87916
-1324120.02454
-1310585.19407
-1278092.01205
-1261724.56189
-1263595.42136
-1279892.93603
-1225634.07929
-1260792.56926
-1268368.08431
-1284150.47931
-1290155.35282
-1260902.21031
-1307148.56384
-1246390.02481
-1295928.80389
-1241233.01683
-1216017.23017
-1246625.56755
-1255495.80022
-1298800.61391
-1326761.95953
-1289095.01975
-1244593.07639
-1240923.33507
-1324965.14856
-1266445.60492
-1245765.39223
-1292394.47929
-1245705.23518
-1303174.21652
-1296248.31223
-1259682.94098
-1289946.86302
-1255354.7673
-1283833.4475
-1247350.50067
-1264095.87154
-1264281.92064
-1246198.80956
-1264201.61256
-1289354.48943
-1256530.61581
-1240443.03457
-1280750.63391
-1294750.43743
-1269010.76467
-1274960.83323
-1262834.79195
-1257101.11492
-1283535.10411
-1289545.41792
-1242696.8158
-1268518.81576
-1254993.25997
-1263121.27835
-1301539.31689
-1236216.18524
-1283248.23084
-1230168.71747
-1274451.94271
-1266939.25846
-1293129.82908
-1251930.18051
-1281357.04522
-1273028.07746
-1300116.76466
-1251563.44731
-1285752.90564
-1268719.05557
-1306255.66627
-1251161.62218
-1296679.19827
-1291960.10036
-1261499.99747
-1262122.47275
-1245671.22956
-1260728.8952
-1206969.64003
-1264954.60943
-1276803.16257
-1307375.03541
-1262839.28479
-1263056.58485
-1242339.36446
-1264106.44324
-1247320.69094
-1274765.33039
-1291771.04173
-1225476.26571
-1281245.79724
-1228019.47314
-1278989.17031
-1325350.61716
-1273152.28118
-1241910.49472
-1250288.55258
-1244069.8459
-1217909.29444
-1305467.82349
-1264908.63604
-1283852.45885
-1225178.3684
-1265398.54294
-1303418.76887
-1257387.62615
-1249849.13449
-1258926.53348
-1304373.01211
-1302137.9553
-1328271.84729
-1246706.65804
-1263209.3306
-1313217.78136
-1289005.3828
-1249973.82837
-1264156.68808
-1270014.96837
-1266812.95344
-1306519.8456
-1268176.25542
-1290469.91669
-1259289.53974
-1277381.09747
-1256115.4881
-1260328.99668
-1303993.6448
-1271080.97694
-1312711.09137
-1276940.82031
-1252485.9135
-1283829.77542
-1259561.66957
-1269426.68862
-1280679.75036
-1226798.5008
-1291504.90293
-1272625.51157
-1238413.81701
-1288952.08922
-1282555.84042
-1305189.12764
-1279021.68128
-1213451.58824
-1318793.56999
-1273711.2352
-1276752.32837
-1230273.61339
-1286790.88341
-1273723.74797
-1280403.67364
-1265995.6852
-1217618.80715
-1277962.47169
-1249123.9721
-1230898.09708
-1291065.07453
-1300700.09948
-1267121.42811
-1260912.45471
-1219779.49814
-1275077.95005
-1283780.49204
-1232856.51772
-1287242.41585
-1281556.51004
-1273946.86627
-1258227.58876
-1263341.07162
-1266805.87025
-1262914.30558
-1230139.56156
-1285523.84822
-1204223.36369
-1284718.35916
-1271426.14879
-1263302.96794
-1302622.68374
-1240882.95919
-1279192.35801
-1271945.19725
-1286645.37833
-1259851.67736
-1274720.02961
-1264101.13732
-1288888.82911
-1246207.54926
-1241894.56591
-1252215.20523
-1256418.26526
-1250081.55835
-1294859.54831
-1269918.47085
-1296292.8232
-1256266.96407
-1246351.20052
-1252297.3224
-1281459.61095
-1282363.3145
-1270557.77097
-1293646.90668
-1303895.70394
-1278679.91444
-1285904.95562
-1269198.84271
-1276339.29896
-1273565.97283
-1277943.78036
-1248328.66602
-1223818.34018
-1272053.75908
-1226538.23943
-1271231.49326
-1310810.60393
-1252871.51456
-1274631.26902
-1263494.34065
-1285451.80068
-1207223.22411
-1283958.72794
-1265511.24188
-1305035.2252
-1281948.30722
-1307984.27047
-1291669.90055
-1270672.24299
-1271534.78591
-1297513.7048
-1274187.66069
-1272770.40637
-1256342.57783
-1240110.14778
-1287892.07218
-1260663.26695
-1222624.67283
-1281038.19088
-1284170.5085
-1263531.80041
-1212901.60285
-1315028.92626
-1297501.42206
-1288681.71031
-1236599.15667
-1300635.15999
-1287061.10142
-1251916.61782
-1254256.78813
-1279169.9923
-1283025.51558
-1247681.54821
-1289599.26606
-1262359.42305
-1229345.95438
-1276235.82717
-1272627.77187
-1290945.97784
-1261173.93729
-1271750.31913
-1272482.94577
-1234594.72129
-1243094.61017
-1311834.33482
-1227086.70309
-1258225.65621
-1250582.75137
-1277513.61037
-1229616.14852
-1267199.39944
-1263867.30179
-1258275.08898
-1284133.17798
-1285581.10987
-1285880.88005
-1276194.77956
-1250579.47786
-1265229.56695
-1243051.33118
-1286509.25488
-1284158.51201
-1253995.62726
-1271053.27524
-1263595.05883
-1286004.28216
-1266918.45766
-1279184.11089
-1277849.0252
-1272428.58527
-1262694.45943
-1275887.15958
-1256354.0245
-1244622.11533
-1254583.42125
-1287024.51838
-1306188.28452
-1262092.65585
-1292947.40371
-1285740.74334
-1286075.96836
-1228707.39135
-1261817.429
-1280047.54179
-1304821.62008
-1265185.40412
-1311582.9851
-1284369.81368
-1293803.72705
-1260638.93819
-1255894.1235
-1260871.78866
-1303641.91508
-1263340.04249
-1248049.60663
-1265198.78895
-1274562.66259
-1294582.23937
-1256027.25616
-1278841.37882
-1312608.86395
-1236431.09941
-1280497.77651
-1254171.76234
-1285780.62231
-1273684.37318
-1235273.69826
-1285361.44373
-1309587.88947
-1255854.29083
-1271230.40808
-1241922.13273
-1312700.65619
-1283106.63446
-1251391.18481
-1257252.57183
-1277651.90975
-1280462.03297
-1244297.12028
-1295739.91212
-1284173.98709
-1279012.30341
-1281625.39711
-1272284.71148
-1285881.96966
-1306309.42647
-1248001.21213
-1274579.59604
-1285717.33003
-1271031.46495
-1277190.76033
-1286939.63848
-1247548.15097
-1240218.60495
-1269355.82815
-1296824.07035
-1249209.24568
-1222483.17577
-1249871.71273
-1276936.94126
-1301356.35085
-1263004.48939
-1310486.1569
-1235698.35766
-1287032.17519
-1271026.32131
-1241648.67458
-1284327.14855
-1278170.70923
-1256674.77763
-1290942.7978
-1306956.7378
-1284423.1616
-1291914.56747
-1271267.06808
-1311152.56803
-1229585.12923
-1239142.39019
-1279078.22165
-1237668.92194
-1290472.33668
-1257782.22931
-1291388.09441
-1328716.39485
-1262280.27904
-1230434.9378
-1289027.76527
-1231765.44082
-1269482.33799
-1275166.114
-1265941.37865
-1260283.70388
-1269237.85564
-1264898.70518
-1275819.06035
-1254675.63722
-1267983.75774
-1325013.38394
-1280059.96572
-1259400.7972
-1259321.38391
-1222537.099
-1254996.06428
-1272376.01098
-1311113.71076
-1269722.10067
-1286373.9448
-1246135.32731
-1260864.82982
-1253000.2288
-1291312.31277
-1289105.21258
-1285615.48158
-1220878.5279
-1241346.11283
-1268758.52315
-1277405.87692
-1290225.88151
-1287268.70895
-1294120.53281
-1308865.94615
-1243151.67876
-1283853.00736
-1295516.60905
-1283494.4583
-1302016.08614
-1292825.36778
-1300515.42338
-1280667.1657
-1284747.69826
-1288313.82025
-1292278.27777
-1233480.74912
-1280706.81152
-1268970.20164
-1247017.65858
-1297829.61103
-1262208.04561
-1255612.75499
-1261222.65765
-1270419.89815
-1256025.29972
-1241971.43407
-1289713.39153
-1271744.02715
-1242633.55216
-1271952.62044
-1283764.43998
-1279957.39826
-1266620.81793
-1248295.97832
-1288748.78518
-1250961.40163
-1255319.3603
-1274352.78243
-1270026.62054
-1281599.99809
-1272332.79227
-1290448.13313
-1235448.31123
-1226350.86122
-1240852.96521
-1271451.959
-1285351.65859
-1289614.74588
-1259866.47029
-1256137.30792
-1302347.20492
-1261567.81422
-1269928.80905
-1258079.30124
-1250161.89308
-1245694.18262
-1275963.66976
-1266918.74414
-1292007.03338
-1284660.55427
-1292979.82451
-1257854.52755
-1265158.67937
-1254904.34565
-1266762.35431
-1261814.05767
-1296369.61199
-1292647.19145
-1304805.06224
-1243220.08354
-1288059.34194
-1278170.98664
-1281834.57349
-1255605.38356
-1286685.08844
-1313159.16217
-1283159.07157
-1244173.83256
-1280176.40428
-1297878.77841
-1293561.59247
-1300335.23178
-1292919.7493
-1245997.49484
-1260553.50621
-1252465.17131
-1313600.5524
-1275652.67256
-1290443.10832
-1263493.01597
-1267031.35033
-1281323.97291
-1288242.95578
-1272995.39695
-1287704.0816
-1275143.85426
-1287191.48535
-1272605.43936
-1240698.28388
-1273620.66474
-1301275.35008
-1236085.40842
-1304627.34688
-1243487.6559
-1243487.7073
-1293323.71394
-1279856.98487
-1327324.47865
-1321999.40226
-1299178.86484
-1291089.81899
-1279088.75204
-1259260.71041
-1238927.78113
-1259575.05763
-1250330.49183
-1318873.42632
-1293180.45782
-1273636.89533
-1297542.043
-1255838.43213
-1244882.81675
-1300164.60267
-1309282.00764
-1233092.11625
-1263461.63207
-1282446.11334
-1306349.26203
-1294039.56134
-1282503.70497
-1283923.86859
-1285818.39504
-1306473.12404
-1290830.02113
-1294502.3763
-1269391.99171
-1261254.0536
-1264847.73003
-1230753.636
-1262178.78817
-1290868.9232
-1258875.89592
-1291325.48512
-1302175.01999
-1292942.40905
-1288807.06166
-1296313.56419
-1237670.03321
-1308495.6805
-1248028.69135
-1247532.12646
-1290120.89437
-1272491.37049
-1268943.14178
-1286297.92246
-1231568.36023
-1281048.2329
-1289065.73514
-1263591.86167
-1246558.08085
-1267787.70523
-1265624.05416
-1303889.3317
-1287024.3306
-1283014.95013
-1263223.09046
-1279443.98536
-1291290.25284
-1267629.56936
-1267935.23999
-1274579.26597
-1282665.61259
-1268742.47406
-1268396.06049
-1267732.32193
-1255463.26727
-1268317.53163
-1268747.19301
-1255701.79258
-1197487.25432
-1256638.77168
-1297102.30077
-1267891.11544
-1295827.58826
-1258297.34355
-1270235.33641
-1309130.64339
-1292755.84971
-1262070.04093
-1304237.08672
-1265199.33905
-1268689.84001
-1255810.47391
-1286441.02056
-1274697.60357
-1274045.28765
-1280078.54135
-1266410.46905
-1253986.0826
-1285162.30621
-1289423.92136
-1247592.99829
-1314982.40056
-1314644.87099
-1285264.17728
-1310916.9347
-1303103.36626
-1307445.66017
-1289380.59474
-1258681.91821
-1295826.99913
-1287726.55607
-1253920.54758
-1263467.20484
-1227660.47702
-1309839.25369
-1304572.89435
-1257183.31425
-1261699.69169
-1275437.94327
-1313418.83828
-1244238.69092
-1282333.8784
-1280103.0799
-1167046.61982
-1275255.54583
-1318623.83107
-1310637.09181
-1276419.32375
-1273464.56723
-1302505.14578
-1300771.88419
-1277605.4788
-1281551.14285
-1245966.09809
-1260061.50831
-1272066.47827
-1261732.0286
-1250096.04872
-1280474.3655
-1307903.43326
-1293302.72996
-1273436.28879
-1281286.32471
-1208046.20054
-1263265.8244
-1286474.57243
-1300495.38231
-1310432.43443
-1282133.49423
-1259910.30585
-1285720.42528
-1275601.1034
-1285162.41622
-1255483.13923
-1272302.75255
-1306233.69986
-1280403.63667
-1276510.99277
-1273185.4866
-1277904.41265
-1321967.27075
-1293778.07998
-1258521.23762
-1275870.40127
-1268856.10042
-1285612.66683
-1293841.72746
-1286358.05042
-1254714.2918
-1294736.2416
-1265916.14658
-1267684.4013
-1269826.53595
-1254851.67418
-1256348.72841
-1285160.21244
-1288247.66526
-1259732.04298
-1265509.7224
-1298336.00421
-1276804.39185
-1277071.27043
-1205875.13895
-1298358.67699
-1291774.82361
-1273719.25768
-1281176.99176
-1273627.58647
-1271041.69618
-1275623.90397
-1272834.10239
-1250437.74647
-1287822.07519
-1236724.21401
-1241794.39245
-1257976.46626
-1285793.54526
-1269116.52686
-1293854.08393
-1285757.21636
-1281340.28727
-1294071.50509
-1290857.65731
-1298255.66942
-1284623.61149
-1291582.18383
-1309851.36357
-1292518.19548
-1291248.80866
-1256935.09272
-1262082.35978
-1265186.7042
-1235343.83582
-1226421.22224
-1263499.60317
-1307111.20505
-1286964.17614
-1282290.20764
-1253919.46894
-1318254.10167
-1283112.76328
-1304706.8171
-1265173.5297
-1256816.76444
-1291584.56251
-1300340.88788
-1297346.88401
-1269543.44339
-1294000.06905
-1292948.12881
-1289015.23434
-1288508.76985
-1262012.25355
-1274335.85668
-1248532.51719
-1274662.74431
-1262619.36061
-1280204.4557
-1254074.74136
-1291637.13682
-1259916.1497
-1293117.04378
-1291777.65587
-1274801.20259
-1296553.70387
-1298206.52873
-1287127.16282
-1256769.06576
-1250728.23853
-1297981.15544
-1292684.25718
-1283696.45923
-1253188.3507
-1273241.31369
-1317137.8523
-1297708.3027
-1277613.01728
-1290676.65649
-1245447.7753
-1315288.97261
-1263477.84452
-1278396.04768
-1267929.30461
-1273972.88608
-1262366.52076
-1295800.53638
-1273490.00017
-1282399.76007
-1298231.68072
-1294360.07534
-1274682.47747
-1305238.28428
-1282481.35131
-1265299.38798
-1311616.7762
-1296207.36869
-1257767.69388
-1269347.47961
-1289196.3097
-1304385.61995
-1284318.89459
-1321613.01531
-1279144.10482
-1299121.93063
-1258284.45712
-1271716.98037
-1288403.21851
-1284278.83403
-1251172.03233
-1263238.68938
-1254991.83399
-1245554.14459
-1286459.75248
-1242160.69703
-1268983.25837
-1272284.52652
-1276303.32823
-1266894.88837
-1267645.31524
-1263018.06366
-1291673.21473
-1271864.28501
-1295540.48754
-1274260.65391
-1246876.3108
-1287372.18069
-1303180.53335
-1251625.45527
-1254746.16279
-1273111.44347
-1278273.77568
-1267586.68713
-1314966.07711
-1290759.49813
-1296863.62243
-1276619.95566
-1277603.46425
-1281443.31436
-1276743.50632
-1288952.36715
-1270079.01736
-1297812.5979
-1293507.88036
-1291063.71465
-1250193.93544
-1292639.47041
-1311323.63323
-1274782.78599
-1291377.66205
-1262956.01194
-1286722.28549
-1228747.09402
-1282341.04886
-1284178.14046
-1259343.38409
-1270772.39171
-1250597.47789
-1284717.12968
-1274415.77773
-1269035.04596
-1294974.70664
-1299826.81791
-1307184.00741
-1256516.87088
-1283072.96882
-1273115.1045
-1295794.70223
-1278541.25593
-1299103.94832
-1285194.94216
-1276678.96285
-1283512.25582
-1281896.60724
-1267439.91448
-1202249.50865
-1246637.64706
-1282660.88848
-1269655.39027
-1250973.65572
-1287881.97092
-1300878.33096
-1265192.69679
-1273511.34898
-1251803.11753
-1290986.66524
-1271279.01494
-1285892.61707
-1261469.65461
-1255686.37872
-1271057.64976
-1278662.74587
-1258189.11516
-1282134.96469
-1292995.98547
-1236457.51846
-1271472.01586
-1277824.60177
-1274169.07553
-1274592.73595
-1301504.24636
-1238335.20677
-1244865.85752
-1264941.47475
-1289148.88329
-1276514.07129
-1264489.52822
-1304551.01601
-1270836.45573
-1291705.66256
-1268012.54337
-1287828.85232
-1275062.62916
-1258873.96781
-1266741.44909
-1211224.49532
-1286560.91733
-1296761.33763
-1273257.41944
-1262553.10783
-1268272.47482
-1247938.43627
-1300884.38724
-1236110.70153
-1250149.8401
-1335410.06187
-1291626.89372
-1279863.13623
-1269213.93015
-1275300.75348
-1281696.3216
-1261149.0571
-1256524.34396
-1297555.97286
-1257870.55305
-1245913.71087
-1282053.3428
-1305118.20407
-1287581.49784
-1297668.97224
-1287549.07864
-1276524.03435
-1288114.32374
-1286034.48147
-1305804.02985
-1318017.16052
-1289392.74025
-1260257.38026
-1296951.5134
-1271085.41969
-1238945.78852
-1250607.14845
-1301919.72099
-1286386.76511
-1270137.3674
-1289343.89764
-1295060.21972
-1243884.49983
-1277485.35222
-1278335.20143
-1284590.17543
-1253044.82598
-1300510.45252
-1253266.96285
-1230642.65919
-1299326.35345
-1247376.78972
-1305834.84929
-1250609.66235
-1222828.8756
-1282168.57753
-1262185.3248
-1260788.78134
-1283441.72318
-1269118.94806
-1238829.75354
-1259967.56891
-1228106.36005
-1293562.1983
-1328160.21429
-1282822.08015
-1235648.2321
-1251184.04935
-1246825.97662
-1275427.16767
-1256176.70375
-1301853.00447
-1281549.00482
-1293905.57684
-1267435.17613
-1264560.39266
-1285774.6164
-1252332.38981
-1308213.34484
-1288834.05548
-1204804.22932
-1292132.90622
-1219922.64934
-1221683.75919
-1280978.6095
-1263640.22004
-1224984.99742
-1276632.25846
-1268136.02633
-1278137.35741
-1269288.78743
-1242489.33168
-1318693.18394
-1302007.11782
-1261990.24449
-1303685.46126
-1235115.8228
-1273668.06195
-1260204.78236
-1286665.02529
-1299641.40602
-1275265.07712
-1264277.22802
-1280267.84196
-1279178.35841
-1276661.77889
-1220702.73305
-1292832.1516
-1283045.38356
-1263852.4069
-1326152.77525
-1306617.09149
-1303887.39705
-1274384.15416
-1249545.08933
-1317242.42148
-1293629.01054
-1266509.47644
-1278794.03881
-1301539.71664
-1253157.7024
-1282317.66803
-1260616.88835
-1229056.17043
-1321079.49406
-1290919.55096
-1286750.02917
-1254360.38243
-1297095.80577
-1265095.52976
-1266376.45609
-1301319.13121
-1263414.28313
-1299742.75044
-1242980.79026
-1293708.13713
-1298954.16008
-1270973.67505
-1287540.45371
-1298299.18309
-1292303.77649
-1207003.9821
-1226549.59745
-1219930.00479
-1278301.14199
-1269430.9947
-1263521.0625
-1277591.84147
-1255584.95522
-1283160.61154
-1244272.26034
-1289074.42131
-1290279.23808
-1257437.00103
-1250480.32851
-1261779.27976
-1296602.78574
-1303687.33917
-1269403.09214
-1237973.6877
-1232917.44711
-1258663.97851
-1275829.45937
-1276375.9328
-1299909.03345
-1290790.60579
-1274694.05546
-1278513.4768
-1276965.7122
-1275204.76726
-1266563.37638
-1285882.26008
-1298172.6234
-1251910.09841
-1285143.97269
-1289606.58594
-1326958.28132
-1260649.28916
-1289052.7365
-1241716.27711
-1276088.37159
-1244269.68565
-1293322.13646
-1257072.41402
-1274573.49584
-1272742.48854
-1281262.87967
-1291305.21528
-1312786.239
-1262358.10925
-1269023.5396
-1301085.27923
-1263939.76586
-1256710.87075
-1281334.52115
-1306913.77623
-1253620.80828
-1268430.53571
-1292605.76024
-1250247.55902
-1243435.7869
-1261667.0365
-1213217.19331
-1270503.83427
-1267113.91346
-1314332.68635
-1273855.00654
-1296512.31827
-1264172.871
-1286780.16146
-1277339.36879
-1285318.41926
-1293923.69222
-1239911.21538
-1265555.95447
-1298665.83866
-1254631.39806
-1280052.17553
-1316103.79729
-1275431.48138
-1290991.84475
-1312172.90659
-1237084.44834
-1230547.24937
-1290482.18312
-1266986.08092
-1284088.58561
-1309238.95127
-1298403.36901
-1264898.99881
-1318514.91268
-1291468.00695
-1286192.18479
-1278296.1885
-1242575.13362
-1263895.92867
-1250663.37806
-1284603.00316
-1279079.58867
-1285434.6215
-1268382.44059
-1291424.01568
-1242376.98373
-1237335.51281
-1270585.38908
-1326218.20566
-1268438.7043
-1308380.07362
-1276391.29574
-1246831.46818
-1287609.23925
-1305020.0813
-1275241.97165
-1257083.70964
-1236921.99214
-1258763.90785
-1291563.99478
-1285363.50593
-1304753.73238
-1274734.60133
-1312441.78516
-1236762.8671
-1259037.66337
-1327799.29629
-1278292.42177
-1264903.17075
-1232480.45894
-1276957.7374
-1263048.80421
-1262256.30708
-1250411.00377
-1291031.02085
-1286417.85424
-1292029.36027
-1283630.34542
-1258724.36798
-1234948.67779
-1275374.10266
-1231829.22047
-1246416.90444
-1264734.74575
-1306399.53456
-1253413.0841
-1284846.64048
-1303661.85998
-1289186.20805
-1214033.15678
-1262576.0965
-1279627.51184
-1277513.91219
-1291499.86913
-1304668.21628
-1308648.75119
-1263534.59539
-1288400.57402
-1250699.0537
-1241711.67923
-1252361.46509
-1272491.30136
-1301218.12159
-1289720.99349
-1266305.55602
-1233863.61716
-1243730.20159
-1257516.55438
-1287130.57648
-1273514.07782
-1243197.1699
-1253077.76577
-1292805.93129
-1309453.58717
-1267123.3641
-1277412.13891
-1244039.55215
-1271166.81485
-1256624.51726
-1302637.47783
-1266949.34435
-1284682.26584
-1258775.96283
-1278679.0719
-1264062.31057
-1209244.20781
-1291374.23584
-1320865.20271
-1276632.61091
-1299441.65302
-1240295.06562
-1272831.83013
-1264481.2189
-1296143.64113
-1294062.93938
-1306865.03531
-1252846.13182
-1293750.85716
-1297510.82195
-1284403.8488
-1289004.29337
-1281050.15271
-1256384.36779
-1247053.16179
-1311873.82095
-1294811.1181
-1276855.73832
-1274498.83378
-1267434.0092
-1300656.50455
-1326885.64412
-1264013.66944
-1258280.10582
-1271273.88009
-1314606.44586
-1292099.39818
-1271590.65833
-1256762.06309
-1280953.7054
-1300430.56833
-1279151.69346
-1257908.85629
-1296768.1463
-1237892.13876
-1278324.84087
-1239086.10038
-1262477.68036
-1268526.2239
-1280202.65982
-1257413.97972
-1292372.06873
-1284533.84786
-1298465.48889
-1276688.85973
-1259054.16355
-1292779.20481
-1269842.7868
-1269356.74727
-1282837.56621
-1266996.83881
-1268180.38014
-1240267.59428
-1245326.19963
-1260763.79594
-1277519.78551
-1317730.33247
-1270812.63472
-1318812.14459
-1290194.22295
-1286019.45263
-1315297.35971
-1263296.98304
-1266396.66662
-1303747.79935
-1283257.80417
-1274444.65421
-1321593.24424
-1286761.27977
-1311117.68324
-1301735.74763
-1281633.08681
-1241592.7088
-1302767.13041
-1293832.23447
-1256927.33387
-1247479.71942
-1261669.8453
-1298353.84324
-1290638.53502
-1286206.55273
-1296726.44684
-1277181.23057
-1245486.65664
-1247808.94611
-1279126.01602
-1301960.91877
-1269055.03319
-1264355.7249
-1296668.67786
-1288519.24553
-1263751.3098
-1264377.435
-1306758.61458
-1278405.73029
-1252469.45773
-1280095.84754
-1250373.12518
-1288859.9686
-1294424.91203
-1271300.94981
-1248336.56155
-1301036.10658
-1301307.45748
-1251333.70849
-1323360.73177
-1334634.64687
-1240798.2856
-1260364.10579
-1294804.09288
-1229281.91112
-1248518.59829
-1281787.83199
-1266379.76857
-1292537.73844
-1290842.0086
-1273415.76292
-1294659.79695
-1243051.98228
-1300512.24845
-1272269.19139
-1270835.17278
-1287264.64992
-1272953.59556
-1243804.74433
-1302503.59465
-1257257.04594
-1262079.11078
-1287149.72814
-1282975.07862
-1266453.1493
-1210437.84731
-1280754.54076
-1269686.6524
-1223558.43885
-1298398.92295
-1230649.36919
-1269909.50369
-1243532.09153
-1308433.80541
-1263127.40227
-1307338.44241
-1283000.45761
-1278422.1269
-1301344.99007
-1265865.08761
-1268216.76842
-1283759.70982
-1271374.83443
-1279803.33276
-1303546.59271
-1289585.90609
-1276044.18224
-1259592.97675
-1287914.04932
-1251330.28454
-1273915.70954
-1286867.55862
-1271785.92511
-1303240.61336
-1297772.40682
-1306337.6429
-1269167.50537
-1281353.10713
-1277359.55828
-1314392.9992
-1299331.16934
-1262918.61398
-1266291.99147
-1297779.45971
-1306657.66479
-1249673.95418
-1247120.88492
-1246020.83852
-1278239.77126
-1252150.46421
-1293476.03347
-1306925.14179
-1284511.79291
-1310706.10011
-1286198.91049
-1259984.33008
-1325664.9341
-1257573.93178
-1233081.87469
-1320154.28399
-1297728.70438
-1293883.57867
-1240867.07305
-1323550.51264
-1269695.14046
-1249679.66148
-1278331.90874
-1254991.60505
-1280984.34469
-1279801.16347
-1234141.00376
-1319779.32096
-1267963.4651
-1298761.98556
-1303820.55725
-1263918.83115
-1275011.37504
-1277403.8883
-1291874.68981
-1284797.43365
-1281926.84747
-1293344.02794
-1291370.18601
-1287955.51053
-1282579.10532
-1258039.79468
-1266615.18166
-1260694.7805
-1261302.41734
-1291460.7202
-1262811.96108
-1302065.97789
-1304304.22582
-1284533.27501
-1306127.16014
-1309600.49065
-1302926.13825
-1218995.73808
-1281698.60688
-1264239.86125
-1301171.89511
-1268019.83597
-1247380.27271
-1282395.21612
-1293391.95032
-1269236.63673
-1273756.55116
-1256154.42196
-1323323.89292
-1268024.02619
-1254874.92536
-1231622.89924
-1287064.36825
-1299534.43493
-1251097.34404
-1302985.9882
-1261259.87966
-1273848.78517
-1276558.2817
-1274646.97645
-1287718.20746
-1270778.78073
-1214952.15358
-1251925.41155
-1296260.33059
-1289791.24765
-1282130.10516
-1244871.03425
-1337194.68703
-1296184.78786
-1253049.86484
-1277207.38642
-1214649.65479
-1267165.11068
-1239034.3638
-1298702.43503
-1288624.43192
-1240478.09689
-1267853.33612
-1306312.97563
-1281089.28985
-1276696.26461
-1275051.35544
-1225960.69784
-1274263.20323
-1315263.6797
-1279703.74478
-1275102.17269
-1278777.19024
-1229327.35358
-1288243.42752
-1236139.59229
-1273235.09657
-1297180.84603
-1259127.61507
-1307384.84503
-1292259.84202
-1227126.47829
-1274299.13993
-1283739.80418
-1309353.15567
-1273563.87073
-1286733.9445
-1277871.41431
-1276003.58565
-1248481.55164
-1264102.36008
-1244547.12571
-1278045.36735
-1304278.0634
-1264667.07614
-1306487.07078
-1263689.37542
-1272659.85879
-1273753.93349
-1306298.10085
-1298886.4578
-1271707.82702
-1307352.64807
-1316633.31697
-1287759.6613
-1265062.08086
-1231569.12639
-1273324.40273
-1279760.25352
-1265364.89423
-1273296.55687
-1270901.4102
-1274341.97557
-1250586.26846
-1282406.21647
-1290993.04972
-1257960.83914
-1267260.34083
-1247220.84171
-1299672.11503
-1290335.5449
-1196637.45027
-1247563.48645
-1288486.06214
-1287862.53626
-1291223.8781
-1293739.63504
-1250384.63807
-1282960.1648
-1268430.58342
-1213366.43168
-1236456.95675
-1291819.59686
-1265980.91312
-1266326.21935
-1258124.48024
-1316268.21706
-1304994.86477
-1221346.56084
-1264351.16852
-1280529.87416
-1263372.67046
-1265946.04207
-1302388.8547
-1310692.68264
-1291747.9159
-1251414.36808
-1281549.33479
-1232738.82056
-1280475.48482
-1251976.08414
-1306083.72932
-1286026.43677
-1320720.92429
-1250311.13476
-1276821.73448
-1272698.27288
-1263049.27156
-1249740.68432
-1294106.78871
-1314359.94041
-1292598.76616
-1247583.58668
-1340862.32959
-1273983.74554
-1277274.57487
-1276858.77699
-1288103.21346
-1305694.63704
-1259520.84433
-1278225.45723
-1273378.77216
-1281029.24353
-1258776.58495
-1294387.3403
-1293744.20405
-1318864.09274
-1290433.6867
-1272680.3065
-1310521.05581
-1304848.56661
-1265504.74916
-1286487.02133
-1273164.29688
-1294565.17408
-1258904.67796
-1280684.09442
-1323551.04946
-1302416.1378
-1279373.6697
-1273582.59461
-1252406.6279
-1258949.52553
-1298930.89343
-1249481.53418
-1333061.93135
-1285575.07476
-1265430.81111
-1270884.13116
-1286044.41439
-1292997.26519
-1304113.67786
-1321324.41466
-1329219.67404
-1288327.83933
-1272122.54772
-1262130.90843
-1204189.57075
-1291832.14222
-1254840.22206
-1274527.08884
-1275318.95671
-1263985.31702
-1296488.34767
-1252627.34713
-1293482.13034
-1291561.0749
-1266293.75044
-1285432.47721
-1269963.51642
-1296090.21051
-1278772.42887
-1255282.60098
-1297707.99329
-1268489.42832
-1257791.30316
-1273688.14194
-1290533.34811
-1296257.29764
-1274256.84405
-1271661.80769
-1272796.18292
-1265001.85027
-1242261.68544
-1290621.96167
-1293333.34156
-1297509.56498
-1252322.58542
-1231478.32636
-1274770.52022
-1300592.03592
-1304270.62718
-1216999.12133
-1300964.28141
-1278710.4064
-1270357.3847
-1228070.36294
-1246190.21786
-1284743.84373
-1232095.90907
-1259352.10703
-1276534.46398
-1296984.38564
-1284997.84902
-1252406.53603
-1279447.82097
-1264907.3118
-1285836.20984
-1282474.88101
-1282875.31633
-1251985.59875
-1270864.24179
-1236175.32222
-1295173.56155
-1278120.91686
-1293139.45525
-1308758.38755
-1281345.27997
-1296116.5017
-1259031.95161
-1268686.46522
-1285746.54071
-1288288.97405
-1305580.94288
-1265750.56938
-1288669.44776
-1297496.243
-1277116.93743
-1290164.83323
-1287273.2532
-1241717.02068
-1267374.04668
-1274401.61465
-1313475.80213
-1316416.09504
-1298692.50638
-1301631.40621
-1273835.13968
-1291982.9464
-1300908.17318
-1331746.59914
-1273891.86143
-1282311.6215
-1248031.30778
-1233701.51836
-1233693.61593
-1252887.43901
-1268688.59385
-1291337.75834
-1300357.1542
-1270969.13464
-1235278.21624
-1298138.45035
-1334542.86865
-1283505.94188
-1270267.28499
-1291437.70527
-1294003.25233
-1275082.45389
-1256915.65762
-1276979.81075
-1243815.64635
-1290936.2336
-1263752.42302
-1306663.90875
-1306516.75322
-1268553.93332
-1278032.48386
-1290289.78313
-1292674.87501
-1262178.37777
-1265351.0214
-1242940.32043
-1306390.94515
-1288900.89965
-1251162.16177
-1297308.53287
-1316687.59048
-1303425.43797
-1305198.20275
-1264781.30406
-1293879.15849
-1321716.61491
-1263272.47701
-1276337.13883
-1301539.3378
-1283706.75248
-1260064.2734
-1265650.44368
-1273095.47916
-1270427.42159
-1237766.50551
-1300427.04864
-1338392.69641
-1265094.89803
-1251727.80558
-1247565.08652
-1299569.09412
-1304279.53997
-1269303.82511
-1255405.61541
-1245987.32242
-1262419.8928
-1258959.83062
-1275383.68107
-1281837.34039
-1297396.94092
-1273455.68733
-1258246.35338
-1292254.65907
-1290968.90239
-1258852.22716
-1252679.64629
-1307019.85157
-1296499.05829
-1278886.92733
-1240082.08748
-1275507.14706
-1256197.26876
-1272386.7478
-1288701.32234
-1260508.59835
-1295477.98216
-1277489.1664
-1271630.92358
-1259576.50399
-1275758.3551
-1287014.2409
-1289442.44566
-1283578.75912
-1267334.57522
-1232600.73583
-1286412.18295
-1301549.93679
-1294259.00664
-1241882.61136
-1269617.09672
-1290908.673
-1300309.88883
-1283517.37781
-1264917.37526
-1244792.27525
-1293537.27036
-1286898.90477
-1272898.51182
-1280425.29342
-1294098.71679
-1295942.40736
-1276718.15468
-1293277.4393
-1288489.07572
-1261669.34107
-1281009.23337
-1307316.61747
-1278159.46387
-1228391.9378
-1284851.43865
-1259141.84243
-1297799.43812
-1298286.22501
-1273643.16344
-1246297.85515
-1291174.97685
-1284991.29459
-1295968.23727
-1299809.35929
-1269338.6008
-1292119.14748
-1227777.2915
-1267504.14599
-1254675.83505
-1285797.60288
-1242154.8826
-1305593.65175
-1303695.81639
-1285612.07396
-1266817.13504
-1295470.3015
-1256714.82182
-1303815.5264
-1246755.65489
-1281849.40012
-1292978.08673
-1289451.74855
-1250846.51621
-1294717.9853
-1256985.17893
-1280165.14399
-1278444.81911
-1297908.36261
-1302967.29017
-1273277.99068
-1277249.44866
-1273209.50749
-1291058.3399
-1268675.95541
-1288774.64934
-1303138.84204
-1256293.97755
-1286664.14252
-1284214.67757
-1297128.50285
-1291239.67779
-1261314.59311
-1246235.34167
-1268344.27402
-1278888.32167
-1265373.64853
-1287807.37755
-1285516.45985
-1248769.72492
-1268370.40032
-1231124.40115
-1281110.71339
-1303121.62154
-1287453.39476
-1279751.67756
-1272267.35015
-1274072.91238
-1288694.77925
-1326108.61289
-1243185.37412
-1282401.27679
-1284569.33014
-1235696.75209
-1298880.85914
-1242228.38937
-1298573.30888
-1276609.92279
-1250328.86126
-1284918.63291
-1252978.89138
-1285820.27512
-1311299.7245
-1308187.16861
-1260788.87009
-1245845.31746
-1315404.58676
-1290696.93132
-1278998.38327
-1271970.08773
-1277171.94352
-1277712.13177
-1324054.70921
-1277488.09938
-1279176.45752
-1263999.59283
-1294871.28851
-1266828.40606
-1303761.76168
-1294539.57768
-1223336.65438
-1291901.44101
-1304518.62782
-1292983.76809
-1279789.20439
-1271382.24451
-1296370.75186
-1283484.79844
-1299879.72588
-1309485.4566
-1292170.12385
-1268723.94083
-1262054.87838
-1279992.30759
-1284574.5785
-1260272.46378
-1285889.99582
-1319550.46351
-1272321.2776
-1289745.13466
-1260956.53659
-1275023.2572
-1296592.11271
-1272506.51907
-1269743.10289
-1270672.92132
-1326049.35826
-1252676.62177
-1290216.45962
-1285162.85155
-1274205.20076
-1231680.4183
-1250181.89889
-1225457.74084
-1303755.52671
-1259654.24023
-1321259.37615
-1271152.47874
-1276683.04643
-1283039.81953
-1260194.49298
-1292410.833
-1302290.05871
-1293885.5754
-1287877.69996
-1256274.18164
-1300558.85331
-1244468.00858
-1237259.06476
-1292028.5911
-1294795.81432
-1289636.31667
-1278355.07439
-1287744.88715
-1281414.33622
-1283918.91624
-1289721.85687
-1270452.40568
-1271706.48476
-1281107.75802
-1248509.77324
-1305033.60452
-1333600.08945
-1311249.39803
-1274748.14905
-1230372.38818
-1305025.22844
-1267125.78833
-1290857.82064
-1304903.03566
-1292377.07692
-1313830.91386
-1290028.8769
-1273530.984
-1282031.51879
-1282938.93892
-1284102.64773
-1263235.25945
-1260295.82411
-1292592.24367
-1247785.16176
-1270876.07452
-1318568.82097
-1329762.88036
-1261529.7653
-1253859.54651
-1233861.49961
-1267479.52
-1280571.94062
-1294684.13372
-1288941.38351
-1306861.09767
-1290802.58522
-1298008.32302
-1288062.68575
-1281395.10151
-1271752.44163
-1282751.65506
-1258525.34784
-1302414.29741
-1261643.48563
-1250512.31466
-1287206.85847
-1299289.77067
-1298880.16663
-1329681.89463
-1321872.47783
-1274886.09003
-1294997.25331
-1310420.55554
-1220390.86044
-1242019.69885
-1248879.33298
-1272286.05974
-1314041.81393
-1307729.49288
-1261673.42924
-1273448.55222
-1314677.54176
-1304744.67516
-1281541.95116
-1210547.04156
-1319178.63315
-1280352.29658
-1245167.34816
-1236958.32047
-1286945.87284
-1274249.96967
-1294018.32724
-1269073.43397
-1258613.17483
-1280257.24467
-1282487.6451
-1312633.61684
-1294995.8054
-1291834.51026
-1254776.44719
-1314891.32555
-1291589.95362
-1270633.29942
-1301103.54346
-1286546.87911
-1286870.82261
-1291877.53622
-1278224.4177
