-529875.338952
-588533.741577
-608981.987644
-597916.104239
-567390.030584
-568915.330156
-539343.561053
-573215.64045
-540321.810289
-600271.731749
-536742.183405
-580133.688686
-555513.901805
-633950.280173
-618170.883742
-620485.535945
-601902.717858
-520413.958154
-536589.573631
-572397.683959
-685530.135277
-723224.818605
-683877.992193
-681085.227101
-705457.458278
-656045.902304
-694229.267434
-704217.874095
-697275.8541
-662066.304788
-732262.0438
-644729.224917
-687449.721308
-665849.122276
-666294.824628
-657860.145427
-666389.036228
-655588.631182
-659656.261301
-696431.694593
-736017.834528
-713459.602115
-708310.557249
-715362.873654
-719735.232338
-727500.461229
-732736.604262
-751819.939785
-697567.753
-679082.24839
-729457.534057
-738628.339246
-735073.5333
-710559.435365
-706705.471691
-701509.138132
-722099.155548
-687279.001569
-713089.851052
-734773.102238
-718413.661957
-707368.287541
-722999.278298
-744807.705649
-738110.193082
-700568.310172
-708053.190433
-712384.255942
-733145.499777
-691508.734225
-731446.338794
-703982.593965
-734039.029173
-723741.400943
-697796.329588
-725882.917986
-725425.882916
-733903.880979
-743387.391887
-737154.834406
-700450.51548
-713898.129911
-709019.162682
-733857.861013
-700946.143454
-732843.34191
-732596.639749
-719963.906807
-743898.886284
-716785.682903
-742580.343981
-717442.660778
-721028.211124
-731680.986066
-716494.945655
-718529.670857
-726785.34408
-738927.259515
-711155.614168
-730919.578
-722660.866324
-716434.171256
-728332.74851
-746279.540979
-736706.957779
-739581.268168
-693575.048795
-754828.840478
-733176.058737
-741600.388439
-703800.914883
-740023.805116
-705378.188386
-722152.847689
-717567.196596
-717653.676492
-702392.271425
-723793.159394
-759582.256371
-720022.476469
-723167.488764
-693719.532185
-735640.622804
-739345.282406
-730233.926887
-758905.509126
-710519.328619
-729165.51947
-737334.105398
-717291.420239
-739327.293093
-744025.288746
-701192.39885
-743866.05622
-741061.391201
-736193.680694
-712835.770765
-754488.98527
-726354.374756
-715284.273314
-703256.295302
-721561.686977
-736568.042617
-741592.757996
-719298.118789
-741579.633207
-731021.168076
-730492.813582
-709320.730989
-719840.53795
-732003.408599
-721792.619587
-721200.880332
-753055.43064
-720869.594051
-734533.038463
-727511.053942
-728214.11499
-720930.150648
-715853.488905
-731918.123874
-723233.342155
-703091.720618
-721320.78443
-702353.005698
-741512.236047
-701715.990792
-721447.749622
-730273.548471
-738887.497066
-717726.411373
-720836.362505
-707941.175341
-735580.083399
-716540.699637
-708730.199079
-722527.245483
-734599.072074
-731318.597122
-713050.214047
-733586.982444
-734427.983515
-727418.651221
-741149.740877
-693925.593785
-732220.913087
-707126.174888
-743198.685476
-728607.801057
-744093.994359
-732854.295765
-733536.183094
-695275.194815
-745097.093431
-720600.766564
-688463.182359
-723133.910328
-702633.774743
-755630.931776
-741278.534711
-742442.356017
-733491.960015
-726116.462385
-751071.280209
-731344.893679
-751789.545159
-690339.727439
-728642.005217
-739634.682493
-728596.078013
-727093.02412
-717407.541421
-743420.68508
-714242.291544
-713225.845072
-746349.695566
-737069.464659
-733488.331873
-727781.471579
-740119.297089
-740518.143544
-740990.677909
-743137.298001
-714507.145212
-727088.081607
-763550.938924
-709940.012411
-728961.8168
-753186.256407
-743409.690905
-727685.810512
-740135.821033
-696035.043531
-758045.24161
-691103.071986
-730955.076451
-723237.597584
-701862.993108
-733871.329077
-722727.777682
-750998.563015
-721142.421204
-717802.613631
-730474.372672
-731440.665251
-732018.623472
-709706.247691
-742546.129161
-736362.563401
-723686.785485
-735045.920559
-726456.039455
-746233.658919
-706711.87287
-698461.01738
-731498.324405
-737159.886192
-690754.886331
-735494.309832
-715979.220884
-728194.837556
-727057.418429
-732133.913313
-726954.267202
-699307.115755
-745599.558356
-716247.892128
-758743.140622
-742496.515811
-748718.479368
-743951.263232
-728694.553302
-746210.22944
-684470.525108
-728080.896147
-732874.317486
-748444.140338
-734565.280102
-690937.924011
-712261.964861
-732967.208231
-718625.774209
-724697.982991
-717127.851357
-727470.364051
-744161.814024
-714053.733202
-743119.904683
-733504.096777
-726155.450198
-737067.056442
-730385.174341
-749175.638994
-728340.63021
-701626.305239
-718395.327348
-725527.049389
-719907.264784
-716107.739652
-720420.477935
-726498.998574
-722227.786917
-707194.627721
-711868.831812
-745565.188752
-723070.542124
-723216.355911
-746033.26892
-745854.395788
-719577.025159
-740115.413879
-743762.391222
-715231.716564
-745107.700729
-707677.762809
-722774.030837
-728932.825828
-724728.35923
-744923.780972
-747541.213749
-734453.068429
-729742.759458
-734280.639826
-727557.496845
-718919.372829
-748682.684315
-704533.796001
-724258.917467
-736590.754023
-737411.279624
-687406.842905
-708385.464115
-731987.4886
-727779.441037
-732333.329958
-737847.495678
-715123.906626
-742402.494003
-730724.233656
-721271.126702
-715747.388343
-752419.829595
-724810.845657
-712580.771509
-733938.025528
-740135.438116
-712692.744683
-733307.588691
-728590.916003
-746148.783892
-736501.549242
-719838.048395
-739283.073818
-732915.760719
-738590.590577
-734635.4378
-737969.316605
-717524.327778
-734549.670059
-719164.819596
-718081.06962
-714746.549346
-728694.279099
-706525.414685
-708478.030474
-727996.526991
-701425.795489
-750156.357179
-725957.725942
-731516.014753
-744698.967706
-697344.639712
-716176.72464
-745184.754619
-714148.24151
-753806.404852
-697759.360692
-727350.994451
-756828.717893
-717249.077485
-712409.40686
-726801.186051
-707811.923021
-718369.007043
-716279.841438
-725915.259392
-729685.578429
-718586.751723
-723779.40302
-718311.269669
-738760.689609
-724571.553146
-703171.716065
-721503.735613
-732195.736965
-746548.170199
-739617.446458
-735371.048526
-752607.527894
-720958.430058
-743738.432069
-722095.062025
-740265.475936
-735529.203877
-750649.000445
-714917.897114
-713203.753432
-745740.155177
-740821.172976
-735235.516294
-727647.152686
-737652.777421
-731223.953008
-723398.758253
-744295.467597
-727693.824012
-727956.796556
-732991.006111
-720601.024619
-730298.158068
-758253.44306
-721595.643274
-721723.315181
-701779.038055
-721958.254843
-730141.456946
-701984.48991
-729328.249111
-710631.723686
-714132.80017
-727010.614043
-709914.834961
-741460.339583
-747196.994687
-731542.76212
-721107.716812
-738177.683524
-744848.756084
-734225.325496
-714804.64633
-731814.126949
-723198.550757
-712147.939201
-732231.15707
-756773.128265
-740741.445669
-716824.177813
-749894.342127
-738039.83631
-726556.760438
-747019.087026
-691687.109511
-734064.689653
-742773.290446
-730412.949114
-743209.743785
-707407.287911
-739098.30817
-699516.811391
-723657.446483
-732200.955495
-719098.943395
-730657.103814
-708348.029492
-735693.605277
-752707.387881
-722446.65449
-733836.32331
-748308.79572
-739025.845474
-728478.491515
-726688.615038
-723588.776
-771303.404774
-752423.932111
-720135.793137
-729551.27917
-737011.348599
-750487.813306
-739921.296358
-731059.426727
-743009.791258
-719367.130838
-714674.119493
-743840.825537
-733150.945895
-717125.383674
-717306.275862
-720819.21103
-711242.122042
-716265.780079
-761167.955251
-725908.213968
-724319.622471
-729000.427489
-721026.325531
-726728.698293
-712934.96066
-754751.570511
-691119.822783
-736140.060205
-734764.669457
-745720.294291
-721703.032275
-737334.142115
-749117.788448
-743060.717617
-744960.372885
-753178.271113
-717591.558175
-742078.337169
-754405.070039
-722533.514961
-757773.880772
-735528.810308
-730116.279732
-723757.195297
-736062.65438
-723844.34233
-733178.864787
-744665.120661
-710413.877111
-724239.15072
-702731.762816
-716541.589414
-730709.880122
-731772.434661
-732682.813858
-726600.372489
-733117.092271
-719883.460818
-732175.48085
-736244.726193
-722005.06458
-749213.747716
-729290.454729
-710879.70631
-737748.34671
-718109.115701
-754787.752402
-725506.117327
-710688.858145
-732405.26015
-688425.026729
-738701.024496
-737970.33612
-718328.729992
-743605.062797
-740461.951384
-724512.836473
-747048.626245
-719468.792261
-735542.288586
-712815.316131
-717256.05704
-721993.860585
-735739.278718
-721494.706447
-739804.45559
-741932.812356
-729472.688072
-740779.793346
-739549.800555
-716941.928297
-725177.665621
-745403.011456
-727424.274503
-732360.359545
-731921.481247
-720381.42886
-721893.264125
-735537.844288
-733531.078233
-744140.46568
-711327.324393
-753675.36937
-731450.087347
-719420.579813
-745511.080594
-742239.229506
-737353.598905
-737416.167489
-742737.415798
-706645.889697
-742191.481497
-740215.00854
-733049.684866
-736238.60521
-744282.387838
-733607.533813
-722993.460905
-706889.45863
-717586.514083
-735077.080109
-722457.474611
-708320.548334
-709670.478654
-712075.364336
-729154.112402
-738705.241702
-715760.307422
-731064.665087
-725601.213858
-706406.860348
-730519.962776
-725681.978222
-717589.461856
-732511.270382
-725468.799835
-723662.069113
-717053.555805
-748983.414637
-730363.595057
-727470.801375
-729780.850346
-747972.091874
-739859.133139
-731687.320628
-738662.552134
-731905.819667
-732546.727274
-735434.454174
-742720.196658
-725809.326867
-715000.354921
-737172.860918
-724681.903895
-760960.766469
-731015.205131
-737952.06111
-714974.746233
-737274.040088
-716085.927708
-756225.336935
-731222.231945
-731225.879896
-755184.413966
-700117.616765
-728011.674242
-727226.327169
-730881.082309
-745281.495932
-732209.737187
-694868.277082
-731987.264298
-735015.751579
-732335.204439
-712839.724708
-710739.81719
-733493.070494
-697392.510639
-733881.303778
-727598.7834
-742229.764815
-753342.11827
-739725.587689
-736465.015846
-727546.695969
-718221.068339
-748128.598166
-750264.098101
-737299.67698
-728525.466175
-709582.323649
-739877.676054
-735189.961959
-723632.933644
-752176.451414
-738285.703854
-739181.218034
-727240.485017
-744056.553303
-738475.884854
-733540.7404
-731485.186214
-737843.79755
-738658.96259
-747851.757216
-722249.643862
-735813.457297
-744144.615549
-730243.458268
-711487.405157
-717808.490148
-738247.529797
-735732.361511
-729272.058247
-732626.372239
-736171.473211
-712197.597721
-736932.461639
-719855.148038
-743753.585261
-733021.93444
-723417.414224
-729017.603261
-735103.101172
-733268.833028
-723609.128859
-724223.709414
-733512.309882
-759879.409093
-718968.968532
-726782.131371
-723433.403907
-720430.923829
-737568.011683
-727243.863472
-731397.036568
-723840.809907
-713828.053119
-747232.257939
-730066.513426
-737435.953172
-730431.837341
-740774.592402
-723612.063099
-733959.672785
-735171.48695
-725147.446402
-730847.555812
-741014.470769
-725289.671555
-714129.77388
-742227.179168
-746822.281023
-725556.827354
-725723.609346
-706088.051442
-722757.71895
-733443.55256
-746448.643441
-722292.96496
-741055.699819
-715405.926888
-722009.636889
-726215.025122
-708839.657458
-696822.190045
-727949.44138
-723815.07288
-741378.142553
-743018.682559
-745644.208509
-714328.679114
-745808.647021
-697352.053552
-708789.257939
-731970.339469
-732304.715004
-720768.685978
-760245.01711
-737474.063336
-747831.818785
-729755.231323
-716350.663566
-739705.618216
-710789.232577
-704530.914834
-722271.587057
-733964.508138
-725576.637946
-738105.651053
-742070.011603
-733853.812142
-744232.094654
-725452.792928
-740960.807358
-735569.619342
-734047.767346
-724029.847542
-733751.458384
-723640.352415
-707189.400333
-724390.925311
-713800.958213
-740333.701165
-718240.846539
-697275.71673
-713098.123871
-748440.816592
-728839.858797
-742288.514108
-714876.105476
-757704.702019
-738076.796631
-720164.617847
-705634.760341
-724154.666182
-742672.347738
-734509.746628
-751025.931137
-716172.388037
-731812.005733
-736709.446256
-746402.311669
-757093.168351
-703006.385472
-713399.980869
-725138.360312
-737231.271728
-729390.312097
-741157.937642
-727284.12747
-732095.436167
-725615.755334
-739688.039846
-729235.40879
-734472.933785
-744016.117351
-718781.353482
-731126.449605
-739413.769557
-733380.784656
-726463.38709
-718905.93958
-730157.19032
-717634.712535
-714817.0769
-736100.910277
-704093.645215
-732319.512257
-759110.324777
-751724.472407
-746551.911942
-734353.912438
-753278.965746
-750333.803313
-758097.991867
-750482.044107
-731619.627589
-732808.729487
-736282.869669
-733748.696268
-726762.157681
-727033.086483
-760288.176264
-734980.321847
-709490.608164
-726172.098641
-716698.693064
-745105.279232
-747016.096728
-723384.3421
-713289.648396
-727883.274739
-708654.812942
-735652.810874
-714306.157869
-736591.128966
-746595.271611
-762952.593981
-730458.876518
-711018.705843
-726262.730408
-741274.232573
-750656.134953
-733940.222761
-731751.660726
-724267.947079
-735221.434304
-730199.524676
-738364.303216
-737154.326947
-724088.611151
-734148.475515
-723108.586436
-722382.937334
-725366.457336
-751709.495885
-726767.33548
-748774.719441
-746209.999243
-736732.959575
-736641.061706
-738614.473009
-739202.617036
-740829.382208
-738363.438869
-725174.229291
-734601.93565
-723372.076238
-734471.968508
-732584.351008
-741604.507557
-757604.623888
-748939.08424
-707740.175877
-743500.376412
-728613.94227
-749334.924182
-727445.497296
-750099.450381
-723505.681997
-753589.238739
-720436.279187
-714662.658751
-731252.676277
-735949.071294
-740589.23112
-744148.338378
-733116.974183
-747994.034262
-720903.011637
-717026.479274
-735083.702384
-735461.930095
-728115.901782
-730585.75341
-721100.936665
-708613.151577
-747165.895526
-719381.158204
-747298.873473
-697493.257928
-742492.248065
-726674.313302
-724546.508308
-716469.483381
-722288.944377
-702237.011222
-704303.482569
-722737.620814
-742989.917189
-705570.24253
-737481.63573
-744538.447539
-745466.222083
-725168.950946
-733412.943043
-745110.193641
-735497.763005
-740572.438197
-747589.427959
-702910.685666
-706065.824063
-752787.590115
-721523.747173
-713644.556999
-750181.511181
-739026.107367
-741718.144505
-750848.161449
-725470.474417
-692910.906022
-750203.844876
-723030.781562
-740008.285795
-734783.964235
-733170.938909
-732156.63645
-722792.052228
-717992.488301
-732497.764954
-711420.138757
-693815.470056
-732871.525686
-729815.849851
-735804.284401
-707260.89304
-742328.65417
-759590.781781
-745208.567549
-733637.145842
-725842.788892
-725773.941655
-755011.797283
-727471.624214
-708275.363267
-745837.697793
-733066.828442
-757512.944221
-740342.572828
-741932.112604
-707726.942382
-741937.358743
-718155.446406
-705815.864924
-750195.171664
-723449.860825
-720293.674963
-742378.108363
-729096.706528
-748354.763913
-736501.959851
-744110.00766
-736517.673097
-725517.799902
-726985.430888
-727978.609511
-720011.523138
-740768.584149
-731845.789572
-740546.671782
-716958.098176
-718801.363231
-744107.746766
-735660.88942
-728998.665663
-725072.84125
-709174.176036
-744891.328852
-728412.021507
-748727.479674
-719598.102497
-723522.859532
-724956.303526
-766106.769073
-740066.231103
-714992.815602
-705535.728197
-706161.487211
-740504.692823
-730504.145486
-723093.562357
-733013.533632
-741318.081227
-723497.410253
-740158.225907
-716990.016243
-753374.944115
-713039.720585
-738540.42603
-725992.694011
-741958.134157
-726972.413758
-733572.871804
-743958.34302
-727160.249083
-739307.115544
-715249.236866
-717887.819632
-730495.521748
-720142.317327
-736257.858415
-741590.657044
-728294.411987
-720502.045183
-735438.379353
-710164.141198
-707812.516649
-716754.739679
-724074.281848
-732232.246652
-724108.094958
-726817.367942
-739264.731465
-732328.784637
-739628.16053
-745754.719549
-729641.542571
-735980.111415
-734038.950869
-753676.710895
-755558.81309
-723116.122804
-726787.903086
-733491.103775
-729248.664129
-735712.595568
-729133.124474
-697658.774597
-721962.727123
-718553.809834
-728806.009531
-725731.779734
-720884.81286
-747469.437457
-706983.700942
-748524.705005
-709996.440513
-722579.2519
-732567.348939
-735314.276499
-730033.650723
-724203.778437
-721193.844562
-729221.153261
-734178.511106
-730472.35191
-737430.984692
-745347.075
-711485.700662
-734716.672985
-735373.422036
-726908.113251
-749076.795607
-708028.979571
-725800.19587
-730415.743953
-715664.293951
-730256.664242
-742749.156029
-723534.212743
-731525.799042
-709933.454328
-739144.083567
-722764.649978
-736238.320153
-718740.971417
-716044.415853
-720873.926544
-746825.217986
-718851.31976
-736706.437213
-723883.520983
-707338.032932
-717259.640361
-724861.214555
-732552.383786
-741571.533872
-704416.692893
-718314.635451
-747850.376257
-746928.581225
-723907.963359
-755662.331352
-729837.254259
-744043.876745
-717098.767004
-729308.662383
-748124.839468
-724159.159803
-739776.595474
-733184.098768
-730933.731927
-749672.201179
-722128.18059
-723313.949479
-739902.603357
-748171.629119
-734179.111531
-730063.573078
-726464.54612
-711244.891146
-732030.85501
-713460.452019
-735375.441526
-706658.455922
-737370.933015
-731574.941999
-732818.472748
-723071.232635
-725192.047971
-695845.96386
-760815.665703
-711512.878271
-718782.283692
-732819.10905
-751319.1391
-745122.64316
-728218.675836
-741765.472849
-749209.377623
-715964.693294
-735499.920487
-737252.060559
-737554.361857
-728920.036284
-744830.866403
-756984.293678
-701901.484772
-749462.480753
-729634.127595
-724127.24474
-731821.54403
-718211.748924
-716086.186292
-724514.550863
-704980.278917
-726486.618684
-720634.230421
-730909.251709
-758914.373011
-723111.709023
-738956.3421
-728814.972708
-731145.1422
-739339.439102
-733193.955663
-764787.254482
-731079.865884
-739149.361487
-737095.441149
-742861.562831
-735029.366888
-725580.27456
-755174.524921
-720378.572966
-727544.434394
-730442.045455
-729341.805743
-724190.494248
-734162.963121
-735448.226989
-734941.11974
-729932.257415
-720783.428462
-716823.845926
-739641.944891
-743593.861492
-728748.985378
-738981.691281
-742779.639419
-710603.312465
-737027.13979
-746902.42762
-717815.061085
-730883.916682
-715366.575916
-722689.741394
-729318.519166
-725030.763326
-754339.218218
-742809.354248
-731046.859068
-720392.86916
-708808.39025
-746138.957653
-724576.482716
-747511.904385
-738054.945894
-747662.044832
-721819.803647
-728766.588062
-719352.386095
-719265.685328
-736722.136881
-722054.475623
-748159.144528
-736882.118216
-759953.091258
-726868.564392
-737633.620207
-734809.07087
-715125.551136
-705662.224065
-717199.183399
-731312.91359
-706843.794599
-738070.791886
-722483.897396
-715281.954603
-709531.981219
-747324.75015
-743368.135337
-721407.931032
-736478.718491
-720307.041557
-735890.042298
-700106.700662
-740842.124678
-744422.817949
-743000.16445
-741015.999063
-733088.402016
-742919.794931
-725262.128872
-739715.506435
-726217.152752
-722344.424181
-720234.311753
-730509.81995
-739925.871846
-718443.065766
-747246.902718
-719508.525896
-737538.516289
-740371.482967
-753550.087581
-700817.854647
-720744.525626
-744367.65355
-730961.50575
-726705.245553
-719505.950526
-729377.130786
-721195.505755
-715562.883467
-736182.465424
-723078.228785
-708067.395658
-742532.459137
-732936.469082
-720090.859876
-736839.850622
-717782.03884
-728759.215415
-721432.90859
-741255.369521
-692677.095799
-765774.990678
-724655.802757
-718661.213249
-735215.418137
-736356.609981
-744692.912523
-714242.561017
-721757.397848
-729043.929622
-751916.274678
-727838.273356
-751398.793924
-750189.313321
-721914.325583
-735113.589008
-740984.33295
-741045.421069
-716111.714666
-734507.790741
-708335.85335
-734389.151053
-728884.859342
-729502.648872
-731778.269899
-740274.5508
-720311.81042
-730072.219057
-748597.260918
-739466.453043
-736720.09251
-747291.852429
-735731.877779
-728190.562255
-710747.968723
-746584.232922
-725912.632329
-768008.031398
-744295.726207
-717322.081781
-728448.533875
-739461.757256
-704781.760854
-718860.506801
-709627.018957
-723585.629308
-758827.39859
-692940.824957
-733347.362121
-722581.197214
-731435.358441
-754843.446473
-741582.141695
-751472.909222
-726487.15614
-750769.396089
-753083.481494
-716906.042649
-724306.249857
-739140.957083
-734639.319855
-740215.209285
-736162.545912
-742003.700719
-706661.203847
-721488.495288
-724319.097188
-714514.117734
-740516.742103
-713927.380626
-735019.727327
-730621.474877
-733622.04333
-712128.913099
-735023.860999
-748613.284767
-749547.292751
-740124.96227
-737692.305999
-729452.976949
-727103.774125
-747463.093056
-724380.245351
-729220.93756
-750251.835174
-726497.674861
-734983.293056
-707340.624158
-717680.460349
-720695.925703
-732120.212097
-746930.806117
-723484.825827
-728223.335847
-723533.279592
-749389.804184
-735223.811995
-704964.381263
-729337.415102
-718011.81929
-702676.616381
-731562.124058
-714893.401373
-729561.867359
-726659.037726
-705900.570916
-703615.489392
-733467.084408
-716732.887475
-750492.779139
-743433.610049
-733914.920857
-717794.130722
-730944.241768
-738976.513153
-735874.532551
-742320.861061
-736233.398543
-723218.624667
-727428.352296
-722262.438331
-707985.688856
-742500.955849
-750663.61642
-743413.395039
-732409.380108
-736754.219306
-724318.903174
-726993.235712
-723126.979393
-738121.630653
-741396.139892
-726032.690592
-736721.651322
-728738.834462
-718856.945152
-726633.400185
-706870.957837
-734621.750563
-711708.205209
-730418.434299
-716333.044413
-732109.201014
-734696.627551
-719221.459383
-730773.110084
-731727.696945
-716986.496545
-743605.495836
-739302.553008
-701816.579836
-755501.017281
-744743.616683
-739149.468002
-736604.307211
-738910.827
-752133.664986
-735123.352147
-729540.421371
-717200.723436
-738423.569788
-742720.548825
-723757.862552
-705208.322582
-724001.118831
-738576.213681
-740263.394383
-730124.697772
-740419.023235
-730826.584959
-730494.322066
-746473.880936
-752027.523751
-723296.51293
-738563.109742
-718377.439219
-748817.782208
-739214.227383
-741874.048535
-706920.980049
-688631.281441
-720613.124438
-724592.446143
-745382.501375
-721738.061332
-718145.620159
-713189.69986
-715151.062471
-744941.376348
-731240.341461
-751172.365882
-729434.37812
-757835.367997
-744921.820851
-748375.67151
-704974.853144
-742230.981909
-750470.112719
-733711.533882
-701483.183967
-714160.558349
-721262.526128
-733013.506275
-733013.985209
-736245.74028
-731360.336181
-724883.813473
-734750.550393
-723519.752407
-750920.142638
-736123.149979
-738756.767853
-738993.113665
-734736.427351
-745102.832438
-755766.678192
-741141.309635
-722873.73172
-714085.019048
-716382.282852
-729139.542943
-738054.690508
-727924.303003
-727228.774429
-736854.58529
-732047.397375
-757868.19984
-726209.914272
-752579.248388
-749882.797721
-726437.044708
-713435.451852
-725815.508558
-729961.891903
-724193.591892
-731398.426539
-735866.892062
-716818.192939
-751707.441746
-724343.660399
-715980.976411
-726548.068645
-750918.363271
-726942.524518
-742664.876521
-733703.193693
-730460.800551
-726536.740435
-736791.221625
-739974.224203
-724241.814147
-735864.234691
-737144.083716
-729170.196093
-723300.59954
-770822.66002
-723711.054568
-747719.599804
-726263.48568
-736312.498408
-731991.512819
-727087.772688
-745433.083527
-725290.188522
-738638.010209
-753864.897096
-732397.783237
-712514.568816
-745853.224856
-739626.79028
-724054.204228
-742993.149875
-719021.748339
-740144.465022
-734827.06188
-751910.285932
-741954.277278
-695860.52836
-728605.193165
-736273.904264
-724671.454273
-751444.68349
-735147.010413
-751201.81346
-722827.137136
-737180.432841
-740956.585915
-695898.349898
-740795.787573
-717214.56568
-742882.534257
-734737.036895
-733293.537245
-736387.294267
-728391.394543
-702772.396098
-755171.781895
-706554.394013
-719143.952011
-735924.116026
-719983.801619
-747185.81835
-726925.109202
-729050.258766
-726414.434091
-723966.454936
-748334.333266
-729122.447142
-726124.003243
-737967.901968
-733539.79225
-712406.716974
-756330.734048
-737525.620244
-723541.006422
-738454.178542
-750177.61823
-704046.988593
-745288.940229
-715294.389411
-729038.636643
-744126.529966
-727906.511171
-757645.582452
-729859.510076
-753320.059127
-733585.302168
-760556.932353
-738917.691769
-746829.226996
-742927.19516
-738186.285918
-739160.05759
-734479.183745
-719330.900753
-720814.82639
-735292.307482
-738773.166896
-751476.449417
-724385.482361
-705576.87243
-745711.768718
-723571.575296
-722435.30099
-742329.883269
-745748.598349
-728304.442336
-712332.049087
-713504.860569
-730120.737595
-726984.069231
-738964.620484
-721383.230128
-716167.314576
-747115.941778
-739711.736049
-745953.724453
-711602.520722
-706996.1052
-732261.73945
-724841.469615
-735488.255384
-713295.882252
-735570.036806
-731216.827468
-741858.26198
-737562.470521
-733035.915171
-736515.001952
-727860.938746
-732910.190016
-708853.772234
-755329.68628
-703060.814178
-720823.687548
-712491.38742
-726121.664721
-749670.375141
-716327.570857
-721756.318472
-716871.058943
-743394.127944
-726492.505441
-730750.31332
-723817.264522
-719556.320593
-732371.439038
-743460.618876
-729019.22596
-703360.139358
-713493.721515
-749488.436982
-711864.921885
-749397.470221
-738409.425312
-754397.714836
-716741.862363
-747290.833428
-720300.746064
-724696.655087
-711383.166677
-721885.326086
-747671.696115
-736009.770639
-732725.639249
-738290.151777
-717451.162581
-725159.242005
-716783.952821
-720665.206309
-743608.905533
-733406.296076
-711148.460068
-741481.153014
-747737.244799
-723506.82626
-730903.388485
-707787.341792
-725127.924598
-728457.868543
-739963.308837
-728390.748546
-734098.309155
-726048.263825
-755668.720746
-727732.911856
-727547.242126
-764056.498246
-728845.387123
-710676.476843
-732472.004766
-721621.978086
-721610.516978
-748435.198984
-731995.31948
-735195.402666
-754528.48386
-721404.498505
-733539.567653
-733510.465943
-732667.936284
-750266.34358
-717302.877999
-751930.576101
-746209.797422
-712658.997273
-740774.685898
-714876.585006
-728992.702385
-739376.367311
-738262.875372
-718364.10567
-734992.97538
-750131.315323
-720600.059246
-723166.265466
-746240.577141
-732021.842592
-730059.233584
-722312.133188
-744205.351937
-736247.550517
-727482.13562
-729380.978707
-720961.408093
-737053.516257
-707655.52723
-739101.850014
-726592.262701
-727155.331418
-714700.479677
-738090.792839
-734885.287271
-746750.577021
-730266.29646
-725754.159549
-720407.913973
-740694.439829
-714080.795914
-741710.281846
-735570.528323
-714642.475529
-719275.204711
-757782.433469
-733559.706828
-730960.644045
-723969.413548
-760349.98999
-758726.06825
-723397.477921
-739722.404282
-729002.110109
-733579.664637
-739998.208455
-742748.285503
-729040.633144
-725087.601945
-722763.391548
-739243.406975
-720280.818696
-734822.675515
-730976.210186
-735617.147922
-719765.748228
-747676.129411
-767810.99428
-724604.902917
-745826.61522
-720360.417781
-735113.591428
-713654.566871
-743552.818008
-721327.068746
-755081.432717
-729588.811891
-731975.595844
-719453.51933
-726690.44609
-724823.580695
-749671.405714
-715571.148557
-721744.211549
-743213.841201
-726159.781259
-727161.240637
-742664.167288
-734127.140045
-728948.961409
-727183.995408
-719556.935773
-723272.31173
-746820.748532
-716893.373034
-719215.561789
-732874.465882
-746385.351819
-750628.133018
-744450.775353
-701619.301613
-741365.953768
-716455.969407
-752477.072481
-751832.788202
-738524.587155
-743879.193253
-714961.485987
-742610.673906
-728817.720107
-724872.011716
-741158.778992
-739312.908696
-735387.856425
-726475.74168
-730272.94117
-704089.596815
-753119.821824
-739196.236549
-741545.370171
-697902.855561
-734747.35373
-708780.054181
-719000.130913
-731711.197093
-738745.578865
-755667.534229
-726055.199521
-748645.543956
-726061.956167
-730429.739353
-741139.602866
-718249.812002
-712783.438476
-726132.591484
-726230.395023
-728746.461482
-744627.045391
-740099.735494
-739550.4553
-716765.982833
-730825.972721
-701162.91378
-700122.544749
-714598.665974
-739546.190359
-736177.559986
-730799.603676
-715572.347729
-753799.957101
-724550.025166
-717182.760319
-748135.949112
-734567.4534
-711578.337982
-725518.200265
-714569.746192
-718493.453788
-707643.419876
-731044.777093
-723718.875381
-722751.664395
-734398.635327
-719966.780017
-736706.359266
-739917.606908
-748336.798914
-732911.076529
-732265.616092
-728331.952372
-742054.221489
-710960.374837
-725499.942869
-710457.360079
-732445.536723
-738695.156459
-714927.012057
-732962.944319
-719567.534139
-722558.177393
-738492.757363
-698127.442711
-719923.533657
-712885.203307
-749318.37602
-734843.429212
-725290.594224
-703403.60275
-744604.929425
-726829.870973
-730584.596681
-741128.698765
-732226.349238
-721111.771942
-720481.035115
-736792.106728
-740812.74633
-749480.055639
-747164.241884
-739288.891829
-739643.673372
-730333.557472
-735073.078747
-736291.0852
-750371.4927
-724722.342913
-704506.454451
-733909.369684
-743179.418297
-724107.773162
-733183.656069
-731031.951127
-718230.975475
-717564.697601
-739116.107673
-722031.962622
-709105.307172
-735015.570617
-737996.89559
-727423.246185
-702104.810601
-748249.431175
-741819.685038
-731590.677549
-731176.411875
-738364.411634
-693393.11874
-724584.322704
-742734.841553
-740716.240951
-732328.741802
-729406.605347
-730301.255732
-740641.068269
-748438.718187
-711412.65277
-722529.77771
-735552.719938
-708423.385727
-735264.349799
-716737.119732
-733868.761021
-729906.330324
-735333.832726
-739611.046095
-734063.737432
-726812.751207
-740855.292244
-730507.920878
-722706.590858
-735194.867963
-727303.241144
-722408.133999
-726455.983733
-740059.910935
-742984.631148
-740039.612996
-738527.560791
-731238.005903
-730248.643874
-702753.613271
-729838.863434
-716785.147306
-746125.701184
-748798.736752
-726787.044224
-713848.069627
-725609.918927
-725901.773168
-737767.099132
-703118.160725
-740184.106251
-758264.375502
-746213.420487
-715744.950506
-738608.243587
-731932.077671
-739102.469341
-720856.686517
-736886.941511
-734705.320771
-728987.801201
-725961.417091
-722003.706939
-758642.601639
-732475.386149
-736706.185262
-750049.555058
-746614.18372
-721334.666386
-713745.564257
-735267.377909
-748146.474794
-742905.642264
-721437.150392
-730984.52869
-734454.081926
-743792.674169
-727607.536031
-742513.195501
-739396.807122
-735431.8261
-747285.608234
-724967.432174
-736583.840036
-733074.018832
-731455.791803
-732468.412385
-747575.697001
-705941.800977
-733643.484814
-729511.679963
-746411.197967
-716050.917214
-734490.916166
-720433.041232
-721402.461615
-734300.978018
-728895.543256
-727818.245168
-730432.916467
-748639.728786
-736247.895098
-742263.354663
-715401.630131
-733716.344102
-723823.30897
-745770.959326
-753078.90676
-741795.048732
-745923.90248
-748919.614269
-757397.075932
-733622.445111
-746527.554838
-740620.70452
-727939.780172
-727402.160775
-742841.064205
-730999.760863
-739488.830471
-725283.332105
-738840.995337
-745732.61113
-743269.426289
-752117.823167
-727230.498132
-733114.771
-744861.264358
-730509.237305
-721154.251074
-733692.526747
-743848.190229
-742509.07033
-719156.804677
-746113.374656
-738916.091584
-706129.386435
-727472.737842
-708467.007505
-735893.340221
-720748.897501
-720975.468786
-718477.448141
-736802.258946
-745390.48714
-728733.961145
-738261.832929
-725197.758765
-723385.604645
-740792.005901
-728985.21164
-721349.636387
-744752.087413
-731469.369132
-764739.138799
-730246.195894
-731962.530071
-728404.333561
-734594.54268
-736663.154724
-735766.125658
-741937.882617
-734512.979935
-729935.093859
-732313.921694
-727826.377342
-727434.150183
-726159.76569
-722853.870949
-727305.813262
-723571.67025
-722872.982874
-729322.548838
-726492.680322
-716841.956302
-732270.757672
-722542.192723
-729403.784141
-733833.335862
-733587.378477
-753395.691564
-699005.373942
-733466.89107
-754471.895594
-736842.785225
-739425.763286
-703008.736182
-721999.201884
-752450.76622
-744554.609865
-739383.493547
-721150.486956
-745316.318386
-752718.243027
-747387.002843
-724141.073551
-734223.244108
-742792.028284
-702682.726075
-730093.696012
-734420.003638
-713349.013719
-741684.845434
-741513.745512
-746500.696421
-749691.101601
-735758.426112
-727402.731353
-727316.786389
-730842.414718
-737510.507736
-739922.358158
-745001.766553
-739374.985651
-728043.886918
-709480.625758
-719296.51869
-722037.665486
-689512.33478
-718166.689187
-726072.798479
-729508.955758
-725674.843299
-730656.842662
-718596.637615
-716091.078144
-708812.165561
-711197.891143
-729370.621406
-714416.978133
-756659.825988
-735466.352519
-740082.303153
-752092.923751
-739056.852384
-742720.665914
-700166.78928
-756343.57531
-721922.334098
-738342.408513
-727116.770841
-725547.329498
-726153.048829
-740741.191276
-747264.773471
-733048.327745
-732163.614837
-746202.997943
-736638.535016
-741359.504342
-728532.356705
-724110.280999
-708686.444143
-732855.476076
-712388.007706
-726978.232921
-732841.712133
-755443.974315
-718817.997272
-738710.247769
-712531.196821
-699206.005909
-723929.406221
-739601.245791
-742333.910465
-725388.884233
-741044.029683
-729801.998386
-742633.947618
-746555.298627
-720949.187712
-737224.395134
-728092.723985
-746487.014917
-723356.150789
-732464.726861
-735511.193841
-732900.173881
-758749.827837
-734410.630307
-700275.939406
-721210.344913
-741151.852208
-754967.12449
-734040.081094
-752554.699502
-719680.769539
-754537.038354
-728804.749609
-720701.98805
-729448.329016
-726443.16072
-727531.47771
-762536.403755
-719025.030598
-705565.084421
-754596.887092
-725733.554259
-733342.706491
-728931.432653
-742410.50073
-745966.699968
-751097.972847
-707078.793764
-733487.003983
-731214.261881
-734886.902241
-715546.064796
-728755.823099
-726243.590687
-725495.14718
-723513.751508
-751886.451339
-734679.44708
-739472.904124
-728567.45875
-724235.737188
-723470.282836
-726611.514029
-725993.861758
-729122.105489
-685064.990238
-734051.027278
-727215.058189
-738852.184457
-715238.732427
-748967.47073
-730793.976748
-721838.553638
-723601.855188
-740150.93665
-746326.00152
-720071.656485
-758568.228827
-723733.314953
-727109.093548
-711695.204435
-734191.16383
-707687.096235
-712871.713261
-717791.790289
-725170.639537
-719499.814347
-743430.806616
-738026.232694
-717928.866224
-737600.485153
-727546.57684
-735142.434786
-717081.182566
-743654.920913
-734365.487956
-735121.074406
-735483.624608
-719554.397355
-730270.4823
-715994.307831
-741401.274768
-738882.89956
-719927.416047
-719990.029182
-734864.808324
-739492.427896
-743886.714674
-734549.62248
-741912.869436
-740122.249031
-707230.947376
-741101.479837
-734291.211955
-732151.504135
-726867.462013
-752376.229255
-724756.474461
-726592.742871
-724507.147896
-720276.357403
-707934.966518
-751112.129637
-727757.599458
-720626.302501
-721348.218221
-718605.12214
-717077.167537
-754062.337117
-719196.780264
-721147.275413
-736713.568695
-744295.411934
-717459.18662
-717880.60224
-707999.388237
-709943.177596
-731095.745485
-718840.196853
-728281.601464
-716589.737496
-739093.323166
-739782.952367
-721872.689943
-722090.763168
-734477.844451
-737480.914022
-733370.920469
-735479.741312
-730933.752945
-728471.486999
-734285.823223
-734645.441501
-737020.619202
-724386.443509
-745004.578167
-725404.28893
-721174.075159
-733334.889527
-732967.616531
-737895.977772
-728462.635316
-742459.217571
-740547.123265
-743775.66418
-722000.088397
-725773.460657
-745414.381355
-726618.522921
-721012.98953
-728476.756545
-733040.575918
-748464.607746
-744155.615512
-737751.951664
-737929.193042
-693098.085513
-760667.975603
-713609.506901
-742650.448516
-733342.555055
-745649.909867
-744257.526996
-738603.146099
-740543.745822
-735361.180742
-746987.418642
-740937.201254
-730120.758222
-715121.820362
-717704.371856
-741093.23781
-745491.408154
-737745.871451
-725760.644329
-726264.72109
-722146.517911
-731199.747255
-702754.617445
-734933.527649
-727205.527582
-715941.966904
-731792.831249
-748332.93531
-721188.716194
-720748.493385
-721288.058647
-724619.1456
-746517.687108
-719923.449328
-728321.644882
-725857.550952
-716192.787984
-742873.965391
-732809.192251
-709562.982031
-738013.04565
-732353.560113
-732714.835565
-723977.070384
-717200.253338
-720726.262882
-732876.6781
-749833.588453
-740785.324901
-737052.566155
-744964.382471
-725056.502992
-742549.266992
-722088.264497
-713189.220252
-746054.96827
-696743.306566
-727995.46166
-743897.927224
-719722.211022
-717385.571932
-744321.239701
-710229.626359
-735516.294604
-714111.774753
-755352.764762
-725658.054503
-727374.09316
-746147.758356
-735728.112861
-740942.691626
-747812.539433
-725605.122713
-740278.894395
-730541.720172
-727507.514621
-744179.531591
-745122.272569
-719522.002306
-735153.502448
-735458.391504
-726549.753766
-730798.080725
-717855.190777
-748166.254004
-712027.983242
-711038.825792
-737635.135193
-741379.002067
-724485.4714
-729076.342898
-732782.931062
-738140.991101
-745073.487667
-730161.681765
-722916.974096
-732785.11129
-768350.063789
-772137.541726
-733575.29882
-724420.939082
-707192.965997
-752367.928285
-747088.613919
-724406.808426
-707764.262634
-732766.444902
-732379.93851
-716620.669188
-717247.748517
-741150.33052
-732467.998805
-724861.025425
-725817.350664
-735880.784042
-729048.246951
-737620.453718
-748782.869453
-726265.559852
-717636.98705
-720680.949342
-710198.831953
-719872.759759
-740279.913867
-727431.436501
-728176.470853
-721518.362039
-718298.885007
-721249.94681
-741327.997813
-738157.837312
-756071.696917
-736856.881073
-720637.549565
-731779.538848
-721221.682929
-722265.510136
-704216.819634
-740941.891983
-722031.045621
-732737.569533
-732291.665425
-717948.648655
-731932.387354
-742793.463575
-734429.411129
-692789.045983
-739621.361166
-725005.930681
-726554.641293
-743300.708761
-722326.145316
-732619.692332
-737676.694428
-716471.005156
-719165.0938
-704430.230522
-730267.83404
-717044.088291
-740617.116708
-730089.321913
-743427.799058
-740192.045893
-709366.153713
-729042.337253
-736410.309627
-714865.977554
-742037.590235
-723468.141452
-732156.091046
-758922.307368
-711126.66149
-743040.490166
-739037.69268
-736469.511331
-740815.818772
-694918.2164
-723402.425871
-752700.477727
-739195.994409
-720275.657857
-721259.609292
-728518.261958
-744775.086082
-725685.448533
-734053.67831
-722480.848915
-740359.675322
-723465.211497
-708673.869043
-735460.168135
-709286.532004
-735476.33121
-737994.62143
-712005.985488
-722510.085848
-733824.916815
-727576.638858
-712665.4387
-712380.791452
-737097.225119
-732386.62913
-730142.186131
-727822.588618
-727869.085894
-729722.47176
-745414.171889
-729953.529783
-701324.068321
-728511.625203
-724740.377686
-764499.39093
-712021.055544
-751645.122393
-741679.071189
-748605.305554
-728021.906684
-730959.38754
-728113.211216
-684327.379967
-735195.042892
-741062.141154
-732652.525303
-728255.660216
-720225.381263
-711286.535214
-722527.414953
-730617.10041
-731852.927108
-724497.073359
-736625.717818
-733226.365589
-737126.474674
-739850.803624
-728293.078002
-736161.539931
-736886.522448
-722465.920422
-745021.010557
-732401.150305
-722408.663293
-736379.825374
-716869.342549
-717851.075237
-738982.080531
-740184.974499
-698931.701081
-732570.31469
-750414.498198
-713417.993486
-717542.15759
-731476.511962
-741585.843631
-723325.297873
-735858.748637
-755489.687562
-752017.413356
-734142.258044
-750461.074117
-737306.276319
-684649.270267
-723639.370248
-729401.535238
-730764.869158
-715188.630387
-735757.377657
-701867.750025
-737740.86448
-742411.781694
-754790.757842
-744707.294326
-727840.076182
-716175.03666
-732326.841501
-720402.69115
-721933.528969
-719007.737877
-703903.608475
-738614.274398
-723574.852659
-737869.565662
-724922.735975
-736933.617209
-740876.198559
-737263.484475
-716845.305471
-726056.835823
-732750.223606
-735251.338694
-740539.045646
-737769.66399
-738660.781558
-728024.103255
-718901.610572
-725269.168653
-727793.623755
-724795.977702
-749284.826101
-712097.826057
-725424.845346
-718518.75207
-724184.475678
-710176.288379
-715022.638213
-725168.440385
-724369.724024
-702624.631695
-736148.916445
-697888.021041
-748181.827702
-728982.696745
-727827.704129
-746562.619716
-723044.87646
-728026.247986
-743057.063018
-721030.669772
-736769.975867
-726694.907037
-729145.878641
-720167.224354
-726739.756891
-729637.473039
-744173.236796
-734482.857069
-752342.891424
-716456.279455
-694130.270624
-723002.330164
-724514.675844
-722465.912572
-718504.319785
-711696.992944
-724659.544876
-736683.903545
-713096.726925
-732783.72405
-717005.115532
-743871.351817
-725425.794517
-715582.756895
-732864.166124
-691544.073672
-725309.627845
-719595.671504
-735668.392717
-725686.394019
-745862.055964
-718258.607624
-729378.385445
-751787.721456
-751274.305629
-716499.714402
-746531.603995
-722254.250283
-745622.873835
-731929.826435
-732313.444224
-728300.420005
-706443.552318
-702382.829154
-694799.458671
-715937.759843
-711980.541066
-742531.810524
-697467.769985
-710984.173251
-722655.915581
-718742.700003
-720516.15818
-730109.749742
-725507.359601
-719099.445615
-748754.270422
-723139.535395
-733789.275295
-743286.963111
-745976.795634
-737353.382354
-741023.189729
-730631.732011
-733554.045786
-721531.073831
-729166.482045
-727767.501507
-716505.745951
-739463.106564
-733234.140704
-721363.589173
-699946.162467
-753795.223565
-699702.163131
-735584.410066
-711580.088612
-722559.331783
-730740.951058
-761298.488727
-730238.560793
-755755.65699
-699905.17593
-727661.651269
-740617.350755
-721778.144254
-740048.169569
-719208.694677
-717736.805412
-740934.592856
-703554.878431
-710388.069795
-732463.138773
-736432.268586
-736131.626843
-726077.42814
-751088.378537
-738750.362033
-725503.176888
-739914.340253
-744181.391732
-740094.655569
-710736.857233
-695845.116908
-710507.904258
-739745.188106
-696846.401185
-713680.981918
-724086.089608
-715863.734837
-721280.9092
-714247.211573
-723122.806106
-736302.644038
-727708.249281
-735814.533239
-723104.218745
-730618.937617
-720151.107784
-733661.418779
-747804.760359
-751696.793174
-723865.411245
-706197.993909
-726107.917659
-730036.282348
-726082.903528
-735531.840964
-732784.111969
-707446.215559
-728849.311848
-750834.392665
-731563.739661
-710873.338428
-727508.267577
-718282.168324
-702598.620038
-736612.381095
-699706.915273
-725799.991578
-739630.067888
-744971.699317
-705093.832793
-716060.989496
-721694.869519
-725771.627224
-699183.014184
-735171.393142
-754386.102686
-705313.363993
-722663.273277
-704505.957836
-734386.975944
-739350.742162
-732292.932767
-719349.722156
-742663.409278
-736251.898418
-737190.657094
-732165.520006
-738488.000536
-742573.96464
-737316.729752
-719636.409069
-731049.612511
-721695.339371
-708122.062379
-724089.755713
-739830.544542
-724048.186184
-727491.574076
-751349.938329
-749562.651096
-728499.14182
-740422.706436
-711546.113533
-722164.818989
-724774.504681
-743102.08092
-732331.423087
-731215.813633
-719394.786332
-706781.92378
-730522.183516
-720256.433181
-732917.783903
-715007.064356
-730256.714912
-707002.965367
-744078.650943
-705309.558048
-721745.00823
-730268.053595
-739944.441034
-742985.469375
-745515.232096
-727351.492475
-701518.194484
-725935.774991
-727864.432277
-751087.186108
-734906.507316
-745019.581967
-710124.583166
-730290.817942
-721556.681887
-709851.03948
-734845.197209
-751298.947467
-731336.099487
-721549.978114
-723127.854417
-744228.453884
-752791.076157
-735281.466484
-718380.475127
-710642.176567
-745991.88094
-743367.756685
-723026.232335
-740110.862342
-747009.032198
-714050.049146
-686056.812726
-720671.552174
-728964.98028
-720177.396564
-752740.534961
-723650.165357
-708699.328694
-723067.526153
-708758.083278
-734408.024846
-710424.125831
-735330.231897
-736019.50387
-734235.362046
-727105.397217
-717939.843585
-752882.464144
-705059.087645
-738202.220272
-718303.980284
-739663.046922
-725855.467505
-699007.248954
-719841.907961
-724921.987913
-713384.844101
-717015.461385
-724790.212659
-713921.716485
-735994.241019
-715148.687494
-717699.061404
-724028.85921
-693260.037092
-734226.587112
-720825.224555
-730130.166515
-725577.509852
-736190.590834
-721535.764482
-727534.549681
-703259.534358
-729019.364005
-722311.647376
-742636.88341
-736561.87944
-712384.140255
-734181.070007
-718363.942019
-736954.356961
-731789.890124
-741598.438252
-735872.15418
-743795.649805
-718260.314057
-734986.454335
-724996.882312
-748453.766565
-743554.100789
-718542.07212
-726491.036599
-704539.355773
-725166.349297
-682976.214766
-741700.945393
-744534.250596
-733551.354361
-710076.530481
-716159.176177
-746060.438768
-732806.890833
-728700.458646
-747499.821723
-743513.700775
-744351.358968
-716791.698342
-733486.245636
-750404.31858
-733423.961367
-705741.71719
-728381.620196
-742765.533431
-736296.737938
-743413.003043
-740192.557414
-738089.235033
-703773.799158
-712723.306095
-709841.614699
-730861.391278
-751674.776762
-731254.624626
-733743.791132
-739021.278583
-737924.496772
-740137.964114
-744738.689504
-744593.363253
-717427.001377
-744524.87729
-722932.230629
-740542.68141
-733606.481848
-714038.493685
-699091.584002
-754735.512771
-754743.935725
-711820.098277
-744451.785767
-721671.657181
-732903.408989
-754312.588993
-721180.35714
-732267.286747
-687092.878594
-728158.003593
-731970.394988
-708158.194946
-717685.159416
-739285.091131
-693801.939572
-748510.711989
-729884.332123
-727530.995264
-707878.703214
-733643.039685
-731155.581562
-706773.918853
-720068.827697
-746220.917094
-736651.939227
-735581.162798
-729530.683478
-707954.912008
-712891.910826
-724162.789187
-738027.002328
-745717.138702
-712459.165436
-732364.447829
-728518.874065
-732609.791142
-722803.98768
-731289.573684
-745048.519687
-749465.915872
-742777.234005
-726408.556206
-723636.130142
-750543.451856
-741878.769441
-734014.723013
-731724.660611
-710803.439307
-721997.968564
-748962.729745
-741162.770404
-708183.350985
-750450.702879
-722111.339238
-729796.900053
-719972.770491
-731023.203966
-732304.379021
-734153.786072
-731362.572777
-700891.782823
-729952.513308
-724127.644717
-707135.916547
-731207.339638
-751522.350245
-724111.195008
-729405.636028
-730448.737391
-732106.78592
-729717.434785
-747896.116752
-757306.290314
-742813.765758
-704498.171579
-723709.310576
-746123.27233
-713237.647516
-735252.976859
-751734.484942
-721868.417791
-730809.692817
-742989.303615
-755783.447358
-739374.048591
-713336.267903
-736108.216026
-715776.449828
-723462.969428
-744457.977037
-736731.272379
-716359.821174
-750374.268597
-739068.938583
-723348.874307
-724381.067436
-748194.710439
-705891.724821
-734898.81377
-731287.8379
-722424.103427
-732097.351862
-739143.37349
-736057.663596
-727735.862005
-719161.297718
-738002.073891
-713438.362848
-718874.274617
-732609.65464
-724876.480214
-741950.996077
-718801.100515
-738663.759736
-721926.503588
-721372.367118
-760011.614647
-740787.850974
-727617.759274
-724676.826533
-703535.711759
-726972.73252
-724021.182707
-724559.620168
-718486.112973
-741620.874784
-720294.866579
-740732.550637
-731520.170635
-740726.180737
-727297.208665
-737813.163882
-715496.99878
-719627.231505
-728737.572162
-721716.140096
-726085.228663
-719355.000492
-735761.857408
-739342.369171
-699203.232163
-748188.036428
-728641.395017
-730609.296243
-741186.857929
-735831.33629
-734868.585154
-725680.628838
-754084.117717
-726651.743095
-749552.204111
-747131.18365
-721582.468057
-723316.040749
-700584.652194
-742388.088212
-722807.44346
-702575.399164
-729239.23135
-711433.89464
-721466.326502
-738230.616736
-736385.82215
-743021.946851
-731982.322865
-737832.507691
-731664.01845
-746170.584511
-710042.997626
-714014.839352
-726135.851693
-745817.11354
-727553.6226
-707513.326393
-732997.554459
-715706.286558
-717603.630223
-729168.327367
-707391.034649
-720561.719432
-702918.489586
-729771.777966
-734564.320515
-711049.869583
-722741.795246
-730911.732017
-745786.509961
-716918.5247
-720258.733442
-732513.530381
-749981.835352
-756295.484586
-754277.471516
-733687.620494
-712388.659617
-720911.855561
-710195.235755
-738065.399954
-730268.239285
-668535.649793
-710451.651308
-716179.192114
-711819.362248
-744641.479803
-733206.209852
-750856.985017
-738414.32218
-745412.503146
-741619.547924
-729412.376891
-708712.785555
-747050.846003
-739301.934601
-736598.544149
-699348.590543
-724417.794012
-754203.84009
-734603.790299
-722757.094184
-713692.112701
-733860.164214
-700186.723746
-735438.17666
-732823.842077
-739814.542138
-737724.03222
-747535.591649
-738458.618943
-749820.64809
-712248.249655
-740131.329068
-736035.606495
-751235.660782
-720353.124479
-706870.953346
-705625.855188
-726625.912711
-734219.215899
-723586.005818
-752290.023335
-721613.242335
-716982.360093
-745350.863415
-733669.4411
-700243.763943
-731465.682907
-740655.12815
-721971.786678
-746877.980443
-724394.217743
-748533.40966
-744322.11751
-742431.94813
-731100.137312
-721917.029394
-744522.927248
-731252.52963
-696577.645637
-749755.264914
-738288.221639
-736811.325283
-710658.157099
-729140.042023
-742726.542508
-732794.663218
-738221.763427
-752597.474616
-709324.656989
-754919.580412
-729308.287749
-706398.161409
-712276.138941
-745114.955099
-718440.341303
-718134.00105
-721091.059395
-730622.104392
-701053.672735
-744331.500921
-724543.827768
-724153.406838
-696718.50798
-718458.653557
-738368.793355
-720414.132831
-753476.209543
-723774.218201
-732572.424392
-748839.396635
-740664.71745
-739222.992307
-723086.30887
-744552.117819
-734666.891115
-726597.549978
-726013.852916
-743430.218887
-736873.829192
-727043.286724
-714379.987889
-735789.412368
-726495.418437
-699714.125199
-745919.320275
-715442.228714
-728296.212493
-728216.945842
-723519.628642
-733285.248648
-747131.179119
-731343.496413
-729807.866839
-736599.685314
-719842.719994
-724625.039755
-751271.288133
-721948.713971
-738285.446241
-734965.172776
-750381.408673
-704252.021339
-730422.724508
-741710.665926
-727274.171635
-733299.424368
-724166.857851
-704364.15457
-717756.111067
-734110.451179
-716911.22798
-709949.398649
-745885.336243
-763801.666435
-717488.544659
-716162.881176
-750355.033842
-726356.303514
-736770.34088
-740921.045081
-739761.857607
-732640.80229
-732033.151715
-725386.239106
-711529.695774
-736942.705681
-722524.168798
-739134.578128
-714322.122499
-713971.408848
-766580.743606
-743748.693898
-738992.963687
-745050.758276
-739028.347643
-724546.066667
-742766.762646
-716862.513332
-739080.350037
-726625.339648
-743635.325741
-699708.387639
-726444.575784
-723258.595327
-735517.813205
-753069.370176
-722434.765064
-728007.520528
-722085.619271
-745432.228622
-719708.737218
-734080.407218
-746463.999694
-703606.446636
-722912.561217
-722679.010898
-748510.363037
-711952.049731
-731033.413566
-712918.526263
-719600.534371
-730234.387706
-737637.591914
-721532.696539
-732023.243496
-721350.078296
-743560.033636
-727507.881345
-703529.796146
-748785.917403
-726272.056651
-723689.880084
-716151.770162
-737035.780364
-715356.399459
-698403.696856
-753307.398117
-717712.175265
-718407.659177
-721315.986003
-730475.747029
-712663.271713
-707429.285391
-694144.083851
-735417.777765
-703395.70635
-720239.987773
-740769.190111
-709918.273363
-738226.136405
-721018.305529
-744210.74906
-728110.631618
-743450.62685
-737529.151933
-740819.23467
-729978.310101
-733469.615867
-734748.9808
-734561.33733
-739850.95609
-741288.717225
-713202.949935
-724241.628468
-731025.009896
-741623.97838
-716874.699796
-716375.913402
-741182.961358
-736120.687942
-746258.027474
-722488.326001
-723065.23992
-744666.694694
-716479.212214
-709552.29919
-737056.569615
-725907.94629
-725486.776901
-748020.807906
-748333.979389
-729252.379025
-710815.724942
-711169.546172
-743045.002157
-731231.318696
-747344.127204
-714569.433169
-713006.516898
-744278.826786
-736064.316919
-741483.588446
-725623.385457
-735951.118366
-755183.43465
-722864.108344
-714325.223384
-715538.397351
-726251.785841
-743043.326676
-736598.016659
-717863.627023
-719942.733514
-725056.284865
-743358.95795
-733987.14889
-739950.671614
-729550.94434
-750357.193725
-730810.647899
-729436.361486
-731769.849635
-742811.079402
-761698.174669
-746132.064881
-728916.085183
-734956.396183
-721464.930831
-739325.090951
-725492.034118
-712430.626542
-705506.976289
-745171.975729
-715561.885
-743940.338278
-730784.959497
-728218.249754
-726893.417334
-703099.493952
-732818.072508
-721885.876257
-722028.19681
-729845.189895
-731470.756821
-715266.431763
-701904.998286
-718754.88736
-741008.774642
-716941.930095
-729489.493252
-710059.660796
-733221.693579
-750644.594878
-736067.864372
-729305.879929
-717876.945126
-699341.273406
-736853.686266
-734024.635126
-723452.806549
-743880.310354
-728596.198276
-729914.135744
-726626.852949
-743750.891657
-721215.236368
-723500.190858
-717182.58913
-712200.460476
-732349.406382
-717106.430462
-721486.022167
-735404.625612
-725972.69376
-722883.723367
-717853.240166
-737889.895382
-735968.378144
-726732.097077
-718642.519957
-749734.94448
-739145.017693
-733042.488325
-718788.512586
-738073.077481
-718093.199169
-691633.215359
-722237.729929
-698006.106581
-748665.140233
-736934.479566
-699916.30426
-740598.748543
-726743.708088
-729194.790369
-752157.633972
-741547.858539
-721735.38342
-714661.985053
-718502.850854
-751737.965258
-727215.021159
-721670.820383
-747640.711417
-749275.55246
-713819.267265
-701668.590586
-726523.857467
-698071.593421
-720619.320327
-733071.865915
-740590.144042
-740496.595758
-725771.358853
-749522.379955
-726685.589134
-742522.870504
-731127.678256
-730994.490385
-732632.916767
-741116.039211
-738695.159481
-732491.312209
-741017.700079
-722543.036053
-719693.590986
-701244.972529
-732900.585834
-711334.089719
-738411.386487
-740190.909834
-761442.395537
-731896.421714
-719475.221629
-731006.648695
-728566.398858
-730019.734206
-729867.309832
-763463.399771
-711429.463922
-746674.152179
-737068.725451
-718399.825336
-739885.078626
-726989.209784
-715204.294792
-709285.784022
-733463.553385
-735777.961269
-721343.999438
-717927.970426
-715301.097857
-722129.064001
-719767.276446
-714975.172767
-714029.554802
-732653.628122
-746395.31043
-745628.266707
-729718.229818
-727687.038377
-726019.397155
-732753.469613
-728813.57466
-723591.910833
-736613.49404
-732167.528535
-721345.269459
-736245.019797
-727562.863021
-729687.114868
-721160.193969
-736740.517197
-732125.822634
-720079.110757
-730178.549748
-705614.492177
-755941.333204
-746979.364536
-724572.51544
-742831.254568
-716406.264576
-736998.379266
-732109.089699
-735520.290292
-706942.085469
-713650.022843
-720776.323972
-738354.866626
-721636.163654
-710598.826456
-718879.489638
-697505.373897
-699964.245499
-722663.174862
-739247.747891
-753045.475854
-733442.685826
-718094.294046
-726303.179048
-751319.780844
-730742.450234
-732565.661413
-738793.860734
-714764.182797
-724243.18991
-746185.666776
-705407.745335
-685197.144851
-718773.217328
-746207.196999
-745437.020097
-740518.406828
-727200.762424
-742965.739326
-720019.218514
-721862.511422
-744038.596698
-732611.977181
-723167.502904
-721175.750496
-721894.333233
-720068.555314
-720353.489308
-746656.982951
-739624.098818
-729557.697236
-725433.915301
-726432.108288
-704166.029702
-741362.310187
-720193.162146
-714026.807662
-734553.569197
-702019.444959
-730961.43677
-719393.649097
-737408.381443
-729359.15875
-738779.771598
-727684.526479
-731655.753753
-734704.755597
-757912.14373
-741877.351643
-741713.339933
-738086.72436
-737354.872861
-725726.245762
-724316.200536
-748320.336006
-746305.392692
-728552.405764
-718674.742553
-723152.112161
-711890.494174
-735100.26964
-736609.785448
-718015.714128
-734839.27179
-731698.07813
-731504.113063
-725072.003871
-717564.33855
-719384.351611
-729065.329706
-745068.005295
-722747.338229
-736942.035288
-703745.203191
-717952.211186
-702743.477833
-682920.123083
-705608.386906
-736937.956296
-744205.641318
-718686.420611
-730303.453354
-761933.723394
-734805.821171
-727408.859992
-732838.611478
-750076.949527
-730825.802675
-742767.471662
-731135.563982
-735859.410535
-731689.330279
-700328.376884
-738667.269255
-718832.985514
-725362.296257
-716833.688497
-708147.891685
-741409.748127
-724876.475899
-738652.590042
-708994.646904
-719020.104355
-748400.580909
-731069.283923
-707781.104247
-748810.950048
-722151.627215
-734174.779613
-731050.773682
-729141.275617
-712894.82795
-709438.053799
-722429.958565
-724705.580275
-735443.477441
-694629.822053
-738055.758754
-732530.274377
-740791.397623
-723075.601454
-740350.23857
-750421.49956
-713542.33195
-736202.216742
-738328.336521
-718275.073404
-718648.732185
-726076.388039
-731752.17404
-709032.118576
-733201.958226
-714073.144532
-744777.903264
-697879.46751
-722416.418773
-731901.260331
-734485.777344
-731293.039424
-731371.413442
-719033.011262
-724678.552403
-739546.315825
-739029.204358
-729386.676477
-714740.586895
-741580.497008
-749199.947499
-708783.2824
-719795.454203
-736393.978095
-700609.277376
-732312.172317
-702547.479078
-731945.714176
-748411.547724
-723828.382004
-732852.905376
-726352.91136
-727159.514248
-715571.023068
-728190.510418
-740574.200406
-733283.767697
-731622.262728
-744018.643224
-716151.560699
-745952.864026
-725096.920909
-733398.769206
-733406.246086
-717311.682695
-711037.283764
-728077.404205
-713658.469682
-756792.747908
-729991.26904
-723312.649565
-725041.611921
-746617.588379
-713046.397038
-726984.118143
-730722.737607
-716374.944333
-698078.559734
-736598.946181
-747080.183771
-736287.274928
-727034.696881
-714792.522931
-743484.917347
-751308.820603
-721170.334691
-723586.129311
-726231.178778
-706762.788518
-721100.358489
-716644.082575
-722332.961231
-752320.135823
-750216.193501
-732245.047068
-730572.767686
-721824.111272
-732505.40413
-750093.029822
-710627.111776
-728611.231537
-704866.368219
-725140.741851
-733464.478208
-735974.851293
-700209.84011
-721150.278237
-729179.225319
-723052.166843
-760436.793599
-747840.973894
-704500.771794
-740556.258481
-727776.765143
-720580.986516
-741127.720831
-706358.194386
-714531.267057
-714646.179096
-724910.224954
-735348.891875
-714531.140877
-745218.609616
-708444.9441
-726447.817124
-740359.024479
-702452.084828
-717542.606279
-730993.623179
-715369.746959
-741222.99176
-746947.354997
-733514.877906
-718748.641164
-754303.547483
-708052.932339
-765795.497477
-724036.873768
-733189.309873
-735596.907833
-717689.568551
-718644.145818
-712259.026416
-736252.063897
-713853.838784
-722778.874975
-717305.661049
-730600.168578
-751859.377182
-703641.089226
-725550.109457
-743126.925703
-715016.991543
-737181.497647
-755556.093211
-736855.199598
-704560.833264
-760477.566363
-718216.361574
-726006.29432
-712813.203361
-724343.895272
-735250.288039
-738190.726233
-700132.535961
-716881.255684
-728081.777701
-724167.979001
-732025.975686
-723035.236898
-701951.788847
-729498.352354
-740450.523477
-730849.823255
-723758.218409
-724775.809283
-748218.732125
-735188.913209
-751123.233985
-730963.214691
-700173.680757
-733693.691511
-714555.697864
-720650.13446
-721353.232752
-728010.847977
-702293.108345
-741489.736107
-696489.875479
-727663.765738
-726499.263791
-735909.894093
-736964.249446
-736238.198248
-705506.803717
-735556.563888
-724683.523839
-692961.382147
-707911.638802
-727442.523081
-741085.894796
-722249.207905
-739812.714247
-710481.404451
-746553.64826
-709660.555246
-728900.234892
-756222.580788
-719092.978105
-741305.767963
-744427.820239
-729627.185835
-737497.364598
-739805.038499
-735292.026147
-733849.754423
-749401.092952
-735901.483077
-727329.779619
-728992.296944
-734310.209861
