-581253.166329
-571333.100827
-598052.36847
-604715.837879
-557369.410273
-621860.72338
-567441.09096
-635317.460368
-571233.670212
-603967.352194
-584760.388264
-537339.334686
-607589.568858
-520228.888855
-578507.667146
-507381.357666
-639665.925049
-565318.341767
-554529.698214
-531759.112654
-682158.769631
-667929.694077
-709590.666402
-652019.646052
-682384.400143
-671664.936475
-648783.02069
-683682.567526
-724379.635794
-673167.736442
-704411.374966
-657066.25651
-673645.968532
-621448.793323
-645775.734828
-662669.877385
-677716.648509
-673582.318401
-668099.272746
-720544.364711
-701562.759716
-719786.833027
-642975.639894
-651525.790501
-694404.090347
-675150.84647
-668615.444237
-730440.295165
-719363.559544
-704878.59592
-701590.605365
-705820.185891
-715482.652137
-673792.177011
-710115.208187
-731872.028012
-672480.76213
-690446.081059
-718876.564696
-721242.509914
-719052.968766
-732597.51691
-705290.855891
-699500.397735
-727882.943522
-732273.719215
-738555.140481
-719936.524361
-737673.789341
-700303.931307
-732338.631536
-710627.102827
-699000.146836
-736636.438254
-731972.884984
-736282.178118
-730227.247949
-692794.197329
-713936.178722
-723959.683791
-731836.400854
-738672.463031
-706141.593158
-730422.537483
-706854.887045
-716578.145029
-736079.778566
-727061.228862
-713821.454702
-737917.015606
-743626.9283
-714404.294572
-721083.456136
-727520.596475
-722283.523704
-732360.345282
-727664.006713
-718769.738172
-711634.830319
-716966.584762
-743118.648857
-737598.563089
-738531.15787
-723305.575049
-728830.66259
-726246.144979
-722552.657026
-750692.870171
-725068.497596
-744006.272962
-750027.219158
-729570.211105
-751259.133464
-696608.257086
-750640.925935
-727586.653607
-719882.770953
-734473.750557
-727280.980077
-733017.499111
-706807.234432
-717839.842157
-697826.91243
-709676.852387
-737417.9052
-708384.411135
-729061.849655
-723826.500824
-714842.30366
-717747.074582
-692768.656116
-715933.004251
-712981.539213
-748707.462129
-712415.756571
-716158.792283
-736720.591563
-738649.258504
-727913.488878
-745334.773054
-723860.125574
-727801.28989
-710484.901158
-749177.348961
-728504.318618
-714305.30348
-741117.760302
-718463.333473
-746370.688109
-707251.586455
-718566.297352
-719595.28498
-750909.933617
-722116.111856
-720949.106554
-713629.146691
-711655.339557
-735070.31578
-733634.863816
-698712.308097
-736055.174096
-728821.439052
-698346.695573
-734314.836116
-739324.048002
-735051.721815
-714199.585768
-741056.098192
-713470.294906
-730478.478798
-723463.719937
-721733.7476
-738578.798275
-726680.720794
-716244.224182
-743248.324198
-698309.174723
-730319.010246
-746028.609551
-721939.783143
-715586.597371
-707288.995828
-695845.637563
-751197.404632
-753324.287624
-731552.503395
-740338.105448
-696598.986566
-748925.665965
-730651.125863
-711185.498925
-708711.054934
-747199.175059
-736079.923379
-709695.303063
-739760.763269
-733245.001281
-715120.736787
-733030.973921
-707060.892711
-743251.976953
-748011.204504
-737632.240362
-719954.872768
-759598.056399
-713577.321082
-737793.146005
-737657.223098
-725992.916658
-696243.979379
-735653.404725
-706096.614565
-749947.603363
-744874.631558
-733326.947294
-726992.59408
-751443.486086
-703419.742078
-730845.706991
-706347.26701
-754473.871087
-745769.051964
-742963.43503
-722407.450652
-726064.442543
-707309.094999
-710903.135424
-738421.573646
-742879.421272
-727129.3237
-715256.229851
-714568.13076
-719109.072973
-740995.641309
-738278.011333
-738161.221206
-743176.836355
-747752.703022
-691805.554471
-729927.042433
-732088.357686
-730841.877888
-724408.953894
-741987.323736
-743222.809822
-726065.859457
-750514.14766
-708638.407336
-729896.965177
-713732.880646
-709562.853089
-748022.398731
-724407.137441
-717797.969618
-739700.235829
-730876.016613
-720518.21567
-724096.135277
-719726.617815
-716602.643406
-721085.167552
-739669.238141
-728072.153138
-709377.124918
-762069.666724
-701961.692884
-715641.854926
-696723.184227
-734706.503782
-725191.95616
-737568.866158
-753850.137041
-725627.996576
-722332.324941
-736715.505472
-730345.48446
-716339.78893
-714871.820082
-712704.146311
-735094.523485
-723941.737193
-727834.93164
-735310.708886
-725863.816969
-721496.897284
-739357.675305
-708469.663483
-706739.842679
-728564.184123
-732023.299669
-710381.563118
-713927.939446
-731232.293718
-735307.488454
-734947.120625
-745017.462983
-742260.084147
-725086.491005
-707723.948509
-724185.564001
-727466.315545
-749209.853242
-727819.791023
-712886.999722
-741332.721906
-743142.253864
-708433.86898
-730185.512006
-731633.871432
-735590.784904
-713556.194642
-708897.106208
-701328.627126
-737442.126356
-739721.42927
-703592.151461
-706110.717523
-734003.97655
-711297.146206
-711072.965683
-741073.307226
-746691.508354
-715939.764724
-730708.584341
-709623.307068
-740822.043196
-730894.246399
-713055.78609
-699667.820149
-713273.264287
-736543.131044
-694349.257386
-692286.365537
-753844.86508
-734811.832752
-701306.16629
-717222.761946
-708550.656999
-714195.263382
-719535.791866
-732039.070938
-736160.872512
-740911.030819
-729649.055036
-730512.07015
-731705.748968
-734283.818655
-715025.527381
-734496.290569
-711551.273799
-732943.096946
-707192.717969
-738330.142264
-721341.412946
-707039.807168
-740575.977773
-727568.159644
-718306.897653
-722354.747248
-716142.029596
-743006.145942
-712831.50612
-735063.023006
-724749.53901
-725994.585806
-733056.543661
-716756.207032
-713989.313535
-731208.42962
-726753.531983
-732823.164508
-719097.093732
-730655.293445
-733897.410952
-720520.5601
-706037.800461
-737634.353007
-725483.309059
-738448.753741
-694127.950956
-740341.059395
-725910.192499
-735906.828177
-720908.348907
-708617.673915
-709304.762228
-716991.853638
-724482.493026
-723605.428173
-715492.394887
-735173.69883
-713112.627032
-699438.481054
-707776.0425
-713054.996126
-731207.906219
-728585.091477
-739189.006226
-708928.359514
-725534.621413
-707451.630007
-748074.033906
-746245.387254
-703131.88867
-731758.530867
-733634.161465
-731574.307378
-718990.346322
-734909.834503
-741398.27058
-724097.260339
-700090.06268
-721038.12664
-726002.021435
-726622.891774
-728848.84133
-745170.017864
-714766.496693
-724639.045331
-716641.799947
-730950.296039
-730681.906317
-687997.161162
-739609.16262
-732359.502819
-716832.395496
-712420.381678
-698146.516918
-714168.060574
-717060.76777
-718793.302401
-726388.514971
-712399.513019
-720283.242035
-716741.940771
-705352.154995
-728732.225932
-742028.642393
-741396.551059
-721637.038418
-749847.865055
-727056.614962
-718907.962202
-740824.046155
-732804.069523
-723781.488602
-728774.420475
-705661.382917
-726394.202425
-734339.699102
-730341.126601
-742044.408976
-694965.198915
-732049.648564
-703803.715919
-721699.54909
-728795.401303
-737910.853075
-724360.37292
-743464.750722
-723261.636366
-745080.032975
-699267.971306
-710993.296158
-729562.71865
-735803.650537
-728702.944459
-710502.602713
-700544.50023
-705917.006039
-737167.42689
-719166.732523
-724334.88966
-741563.449771
-707174.161217
-753711.946145
-739093.176435
-725421.162991
-719771.954843
-736772.649144
-730900.317518
-744071.83441
-704452.602907
-727842.188383
-745368.585543
-751551.163737
-733495.655505
-701581.250969
-718284.247033
-717254.289697
-728268.456394
-685917.213847
-740392.430047
-702827.21917
-741029.036512
-734386.151666
-698949.126105
-734006.053944
-727450.554264
-723824.256062
-714987.939044
-727068.391305
-728309.756828
-709046.085513
-735883.107112
-740156.022325
-716453.050287
-736346.88679
-694146.193633
-707384.859702
-720130.897633
-720852.926739
-737269.7584
-740803.047947
-731692.259532
-714756.951453
-708436.868695
-733079.48959
-715427.067268
-730051.652426
-729961.814647
-745766.220857
-717147.751556
-727415.696684
-715887.238607
-734822.779716
-718711.130902
-741634.901906
-721778.163297
-738185.733356
-717558.418973
-741684.244952
-729474.268037
-725827.116935
-692956.263789
-752629.403928
-712160.134859
-766413.27934
-740200.621391
-717878.211181
-738236.896366
-753630.984351
-700841.81739
-759705.858995
-746995.758264
-750053.665828
-725108.216243
-724641.675166
-731286.012017
-687312.589137
-715778.61962
-702373.796433
-730453.781496
-742874.532525
-716194.248536
-733630.445163
-716884.295576
-713565.253211
-729204.862198
-744790.972823
-745610.614354
-734224.926746
-729342.321148
-712252.880576
-721570.287812
-742828.719253
-731644.6784
-765551.971126
-712874.17094
-743608.705723
-731426.145481
-722790.549012
-725853.008368
-718343.400638
-718172.357122
-716491.375172
-718500.965252
-719726.116961
-741680.002503
-713957.525914
-739236.906897
-725192.736929
-715970.985939
-736883.740963
-733240.719626
-730743.847698
-744711.398848
-721663.546571
-734213.02677
-728578.227191
-731813.260058
-718617.605769
-724876.082129
-742269.003225
-700526.748516
-741191.7057
-719332.240234
-740855.635988
-735006.578135
-716383.671692
-730795.586155
-717989.00682
-728553.878559
-731275.430926
-721730.68273
-739973.888235
-707649.489426
-716169.564637
-730937.733183
-698973.500769
-694081.731245
-720520.460008
-721986.744543
-728975.74362
-723430.233096
-723033.811574
-715996.03217
-745910.598877
-723608.375747
-715225.5835
-721495.193177
-751165.760119
-711329.537766
-737374.174491
-736943.798665
-726851.752704
-719955.060376
-740044.342914
-715836.682899
-719342.346865
-697082.866463
-716292.195249
-714071.232265
-740838.226961
-698015.492228
-717502.684568
-732502.70768
-754375.751538
-722048.707662
-686989.392277
-738072.188592
-754697.398156
-716630.190205
-743238.410686
-740858.473456
-735137.38828
-747603.37412
-748415.563539
-752966.940555
-709682.865165
-711277.228575
-734515.339686
-713310.819851
-722686.285658
-729625.912498
-736623.22377
-720824.97221
-744944.47456
-708457.704326
-730226.027027
-751048.374614
-748682.799805
-747489.350483
-734467.597606
-730328.677211
-730467.188287
-727943.459808
-713487.841886
-748883.47492
-710423.246871
-678914.968742
-703105.05927
-698605.342507
-724820.422088
-727992.473248
-730537.65106
-721393.281381
-740503.968489
-738008.468565
-686187.680601
-725129.688184
-749499.356288
-736176.066327
-725633.911529
-742715.345235
-743317.757184
-721753.541805
-719704.185573
-728075.00668
-719940.228543
-743781.223281
-747935.475593
-695916.422273
-722026.427884
-719485.551469
-731047.333747
-722892.198926
-752312.306727
-744916.741685
-724908.990532
-727730.782558
-736841.479413
-736432.382023
-721286.529834
-733040.876884
-697226.421468
-735480.511523
-740264.331651
-727020.925129
-722836.862638
-745842.722226
-761371.203656
-724869.747171
-745047.675027
-725200.500584
-714717.982389
-753732.729483
-726859.531931
-723932.66125
-694002.863435
-723892.438372
-749424.846926
-713916.981762
-755944.741982
-725339.071996
-718653.521793
-714028.803407
-741438.533572
-731448.730401
-694987.074877
-739316.585632
-753424.629072
-725672.528482
-718118.144719
-689785.774128
-721891.970309
-755092.910258
-695509.934566
-716333.142383
-725422.584607
-707500.014303
-732113.467857
-742369.583595
-738137.673302
-718005.210365
-732995.75742
-728406.893827
-708351.671132
-712838.293424
-691900.437055
-710616.876492
-738661.337044
-744352.381229
-695656.428472
-692049.774846
-716428.06078
-708979.531853
-735487.219954
-745414.672928
-719194.324442
-720319.637305
-719774.014935
-742064.491906
-724601.034134
-714195.058955
-722985.392969
-718773.085194
-721874.443024
-731797.02263
-730826.786785
-731487.520938
-756320.070958
-744437.568576
-711773.059416
-710734.148268
-732227.84526
-716997.550643
-743279.648807
-725751.018831
-726781.503256
-721326.105027
-723187.525757
-685767.468326
-727239.628688
-753643.431109
-735650.982808
-732364.469126
-722384.911736
-726772.310776
-705963.769668
-738401.705033
-737041.194381
-724869.420163
-699712.893687
-737563.897061
-714650.159807
-720580.471148
-741728.074575
-711606.149444
-729507.331071
-733128.912515
-737324.156152
-693838.448313
-726332.125745
-745704.054331
-718395.031972
-712097.743647
-715332.590319
-744735.096837
-712045.481219
-718754.047992
-722064.405739
-716746.523179
-739734.999583
-730407.566908
-696094.371313
-720596.259035
-737435.057218
-733416.517774
-718255.582512
-716959.554001
-730765.738556
-728843.043242
-741748.523977
-716020.149621
-734004.227681
-719376.557653
-729674.170337
-732844.380693
-684534.965186
-753780.675203
-732690.261339
-720266.389289
-722337.211324
-706182.941281
-734870.063097
-743427.312425
-728709.229243
-711325.743244
-695292.76816
-735375.229857
-738936.362147
-729624.259804
-748032.069512
-728983.436623
-740062.434529
-727860.072405
-733434.075676
-722281.600831
-712800.907948
-728459.916056
-741380.182875
-766371.792064
-720490.405892
-706229.865212
-719881.001325
-705226.071089
-729831.112921
-734505.609624
-717106.383685
-726744.845645
-721751.72927
-723029.375555
-739979.312228
-724570.127458
-726579.804528
-734873.949048
-719446.712166
-743736.245324
-697170.816033
-731099.471617
-754087.455773
-737658.814403
-729900.48455
-700427.792879
-734830.031513
-732828.514523
-743029.772381
-732952.965839
-740774.184013
-739088.977948
-723945.705316
-720038.615604
-724166.708035
-731193.332298
-739889.534081
-743515.082007
-737150.97037
-742564.86771
-729206.825322
-732272.586009
-720167.653276
-745171.321971
-731303.911449
-745386.170867
-753585.73565
-734684.430354
-757296.572735
-726341.228204
-742278.999551
-746510.052508
-705021.210338
-703802.644331
-712736.982439
-754228.585802
-753997.358198
-747417.52564
-748267.745406
-727502.17224
-718452.278847
-754960.347263
-721605.979296
-725005.606518
-755054.619442
-715582.449245
-740066.92383
-712506.713803
-736808.852035
-714461.701482
-729846.369966
-739787.599483
-724655.372362
-747000.810837
-722111.613824
-737549.692571
-727538.255276
-736751.125246
-749010.47547
-726400.195722
-694515.472546
-737242.757617
-735730.605413
-744786.57833
-714858.807922
-701175.291798
-737019.924713
-747674.811244
-742950.681058
-724141.92475
-703379.321854
-730981.939503
-732877.211934
-735343.910673
-724176.268388
-703622.430068
-737541.716838
-720663.030168
-732923.075448
-739248.747938
-702050.970243
-746705.720852
-724143.272434
-741053.436206
-727612.817831
-723045.489531
-744838.942792
-741527.357056
-723350.354467
-739666.815006
-725239.773624
-728045.468266
-737813.667788
-710395.126711
-709764.616019
-730859.111718
-715099.634096
-731566.167885
-722741.850279
-723164.119777
-724288.71919
-739922.48847
-715581.941334
-719352.429904
-735523.932962
-743181.175498
-714811.837716
-724442.716695
-720886.55995
-720754.789447
-692245.076943
-752169.124157
-741876.240244
-733582.632726
-734888.955821
-718459.20368
-748503.788228
-751003.089524
-717531.985131
-709244.304888
-734895.521507
-749262.748506
-724536.292228
-733196.432572
-740693.647923
-723620.958457
-737241.554418
-724228.059141
-733460.84448
-732752.915475
-722302.59665
-712698.870417
-730841.850803
-715161.305448
-728060.894191
-740808.902156
-720651.017303
-725102.163106
-715626.855739
-725779.282189
-720948.693001
-749205.970304
-734963.812741
-747954.708111
-719332.093237
-717473.56317
-743685.59215
-722580.670201
-750879.90638
-708088.683629
-706896.316008
-731800.255307
-729814.012192
-701239.829756
-744744.104187
-755598.726058
-702294.539718
-725854.877635
-738499.299452
-735831.593864
-721669.605628
-745013.889886
-730866.178237
-734256.537662
-720123.275479
-725649.910487
-746285.679214
-745030.597988
-717296.473824
-722775.91067
-733680.213068
-717789.195663
-736459.169918
-716268.637648
-723146.167979
-737283.598221
-733344.396985
-734991.531286
-749448.156098
-713366.464493
-719194.338889
-701523.407401
-734982.255293
-740393.304543
-743436.725301
-717583.185258
-726276.848767
-728741.126219
-746216.39858
-726548.639428
-734628.433842
-720518.904833
-729970.164552
-736082.375138
-719271.569245
-744371.693646
-718314.05588
-709353.717764
-746336.542127
-682032.915454
-714431.801746
-707273.536402
-732770.690921
-724549.805315
-735849.669144
-726672.102
-743687.176506
-753445.82271
-718237.915098
-730230.845968
-743368.198828
-716742.362268
-746732.235963
-761130.649004
-740804.117021
-719017.143823
-719291.740269
-715382.177568
-736774.076467
-728467.968461
-711515.513947
-713611.795275
-719993.470403
-757212.910875
-727001.112021
-741608.428049
-701660.14546
-735793.853243
-723352.43089
-750020.760524
-739622.266885
-727879.095591
-725711.972434
-738580.570401
-741284.91432
-741607.085771
-732045.88251
-712238.179292
-745679.084606
-729109.490775
-703983.202031
-716507.159196
-741053.375062
-747514.536775
-724371.923852
-736842.019258
-737004.299711
-722767.947121
-733291.875932
-714398.447668
-719546.484411
-736631.004885
-750689.22031
-719074.215739
-767231.218497
-721520.030824
-726789.547211
-719129.379066
-719772.86844
-742924.688582
-709582.39281
-733394.179761
-737504.495922
-741193.169691
-738816.031181
-719764.377381
-719659.518719
-713240.681971
-749281.541781
-716444.355295
-724849.747444
-728134.893741
-723657.858496
-715556.968107
-738153.489141
-699080.017715
-737219.538286
-728640.817357
-743208.843344
-739994.560473
-728615.843218
-708230.372755
-714749.507611
-722915.14596
-752504.399008
-731757.191383
-710550.660756
-740530.241115
-731841.033507
-738620.93459
-712133.446072
-748412.239164
-731318.707222
-725773.931178
-742792.85509
-723402.304693
-759211.697802
-709505.164904
-744156.713947
-709888.32179
-707159.208705
-699822.338739
-722409.333533
-748639.444449
-733427.02695
-731460.376005
-723465.668262
-711804.478647
-727351.334172
-716546.205523
-701803.692703
-707973.552692
-736084.042547
-739462.146197
-741388.971906
-736984.328593
-742092.147815
-745129.778773
-722730.516192
-737148.931787
-688592.847165
-698465.034848
-739392.805558
-715733.619957
-699364.082059
-686410.780766
-743788.639071
-721610.942382
-734224.368631
-732138.744959
-718569.839113
-721385.707569
-747136.075458
-732010.963327
-744767.97576
-735682.321796
-716342.499168
-727424.678203
-709154.067531
-736395.69551
-696073.02989
-697707.883045
-757355.531857
-729505.905821
-736159.97112
-713678.184848
-743573.993602
-719884.423781
-740742.182453
-729317.638577
-708009.187371
-713020.749501
-720035.786395
-713093.596049
-759100.682381
-709881.426827
-741336.325144
-753981.993755
-706962.517046
-725517.01155
-691392.987208
-704772.51489
-734992.140102
-709462.379106
-727579.167592
-754163.763095
-737059.670695
-723618.981834
-741634.782963
-717775.968439
-724020.370582
-712200.598782
-730640.341394
-720996.661015
-746838.842731
-718390.698589
-734075.557334
-693007.848746
-740182.598992
-743865.878821
-672314.886715
-733270.636257
-734554.043055
-743137.98768
-740945.389328
-719807.970485
-719304.524747
-725456.866331
-723078.120657
-702723.44014
-702457.117851
-717705.000884
-716903.283412
-740871.238728
-738144.911661
-691799.422451
-736664.807649
-733470.399427
-744399.786283
-731418.209522
-727827.309952
-728726.85694
-734875.283311
-749970.902284
-709771.474295
-739779.01057
-719885.666514
-737065.611058
-720441.617691
-714455.599837
-684045.618187
-723040.84254
-753276.727908
-723217.706512
-727066.245779
-709106.426809
-723591.340458
-730339.51139
-726288.360833
-735952.245005
-691414.207651
-720010.395627
-706033.407935
-723571.025433
-709479.705824
-723549.0705
-727104.858422
-769047.750359
-729909.448417
-714923.655906
-720511.557911
-745614.325024
-738968.933673
-720364.669422
-726608.363977
-719777.64758
-741463.120083
-735202.6557
-723674.56511
-751438.174098
-722422.848158
-723598.419226
-726347.905019
-729332.374843
-722266.660413
-743707.825839
-725432.622258
-738160.55947
-728162.96415
-720127.922568
-725080.502771
-737613.183819
-725154.262107
-748415.208547
-713296.064567
-737680.639927
-728454.708256
-727194.701342
-725031.613297
-743708.220377
-716006.015421
-718082.443398
-738987.87951
-763529.999324
-724971.06896
-706961.187864
-715180.200351
-724883.41281
-720831.456158
-722200.570708
-716854.017331
-719203.268003
-756197.965155
-731589.914562
-751681.335956
-738792.240121
-726582.895342
-742324.148189
-721778.052016
-708110.605038
-744295.819123
-734833.301774
-743006.341533
-733569.41027
-745810.880228
-698140.081941
-729710.328361
-735120.930083
-739849.6139
-725906.494252
-717920.93977
-715016.867777
-736351.309231
-691319.513442
-731433.485784
-750643.958141
-692735.6173
-707108.881001
-705738.582141
-711236.126635
-756566.801231
-733765.212044
-717722.512741
-734410.430028
-696576.39857
-722913.811665
-722166.402913
-737888.443784
-721214.274517
-726343.506609
-710022.85407
-705573.968105
-720400.257505
-751024.136557
-719832.015085
-734682.421421
-742697.782954
-713976.714554
-735328.351413
-742544.441873
-738618.719288
-722899.848376
-722273.827008
-721029.064985
-670387.110173
-737607.536058
-723000.277641
-729812.126026
-742400.573546
-750900.982777
-713638.313811
-700225.841426
-721834.501352
-712713.634389
-727433.822238
-744187.595034
-697250.778549
-744040.979525
-742695.030221
-721127.936996
-735621.027021
-710716.309217
-746263.061833
-755049.900291
-728051.188353
-735593.872653
-732851.711393
-723431.76308
-728704.411868
-734988.253937
-693171.941178
-730880.933194
-727312.017575
-724545.785424
-761078.931095
-739810.483239
-726515.984332
-743515.020453
-719185.547149
-727510.440505
-755274.652793
-740354.641374
-714378.451221
-749941.842074
-726343.318102
-717796.03648
-732174.981175
-739148.204449
-739403.19558
-742393.130713
-716709.245162
-728343.276138
-737192.658388
-700545.584219
-726541.548481
-754925.898579
-706048.250185
-743621.928767
-715731.223691
-728794.675825
-731813.694419
-713331.906744
-739930.240979
-736846.062166
-712134.319879
-689205.968325
-716414.497274
-746669.005581
-752498.767568
-717019.334288
-723725.900294
-718267.843161
-739889.635349
-731681.365328
-705930.31735
-710442.564647
-722477.916713
-727377.296723
-724777.192222
-713195.964418
-739361.443501
-713869.731657
-720403.301189
-728769.416933
-698661.331635
-724629.552769
-725536.665403
-734533.249234
-733549.712078
-718834.499027
-700386.98698
-718851.509628
-710462.42528
-726528.530061
-730061.56494
-733874.923815
-719249.748509
-727072.254744
-749699.401803
-749788.993849
-726221.775346
-728126.266534
-741033.355088
-739094.244227
-701358.447358
-713578.56518
-741408.23712
-724652.049974
-730545.630461
-720677.536287
-722232.853657
-744583.342332
-723793.491129
-713656.477152
-736952.318904
-707037.504752
-732610.383071
-721850.412642
-722447.66699
-713191.686703
-724729.207353
-691871.885375
-706813.420513
-743906.328796
-719391.568505
-719047.073662
-717447.485286
-748574.539553
-717934.443319
-705949.772583
-747444.285108
-730337.599419
-740329.831999
-736549.371474
-727240.928712
-719077.13428
-727634.695949
-723208.605908
-738268.941809
-703008.883557
-701764.30613
-741716.185603
-706164.000632
-739194.059919
-693873.151521
-686441.163368
-733559.083396
-750591.446275
-731657.280747
-690081.261407
-734372.451936
-733634.037027
-720279.955889
-721375.325676
-737407.047704
-724971.18074
-724273.014135
-723565.211338
-707064.370512
-742246.039737
-721103.027006
-715831.097416
-748423.569666
-737170.659928
-722653.481119
-733164.911521
-723701.056634
-739617.291947
-735527.472128
-733150.859987
-716263.705731
-726049.154498
-747121.280154
-728544.386164
-715328.8784
-717103.690648
-721101.45744
-738378.513688
-742370.387069
-738967.521569
-738026.126455
-710427.946934
-738452.613946
-730812.526434
-732734.501794
-705900.900324
-730415.87664
-746865.391967
-714334.297615
-719776.537773
-739135.408968
-710292.999124
-737338.913888
-729368.57918
-740358.489992
-717150.527913
-729251.295882
-733650.473281
-720718.934088
-762431.579915
-737044.532096
-744111.344742
-720916.361268
-716174.709349
-741068.467029
-746515.748479
-742639.861942
-746830.619719
-740716.634657
-723704.79069
-728789.283611
-720174.386295
-739876.929145
-725981.068895
-722060.061948
-719647.935033
-743158.174225
-729791.558761
-754780.488225
-754219.393045
-739463.18412
-735678.895276
-727906.90633
-742793.801459
-712256.948873
-749816.322016
-720903.637465
-737809.48981
-736911.824514
-729344.197762
-739225.304107
-742885.533901
-717111.741753
-748299.004108
-750693.963068
-717929.655466
-741969.750288
-733977.246823
-713893.590624
-751781.756564
-717720.83164
-718777.551521
-731971.920684
-769719.552326
-733533.558796
-724593.509161
-735651.054995
-744625.161854
-739805.279438
-713574.3511
-772789.222272
-725067.398357
-712879.799255
-727552.639651
-750323.784609
-718441.349973
-740564.614826
-700261.432508
-736108.895186
-739192.357143
-752101.588445
-708643.683436
-734169.654566
-706347.878534
-706711.661273
-714264.671861
-730458.088533
-747965.025722
-724146.538078
-724677.233729
-760033.062238
-749196.482054
-726266.203095
-725003.077038
-731177.289032
-736770.222558
-747079.468279
-753511.006556
-745276.786301
-710349.288504
-718191.573943
-731416.897855
-713060.803208
-738932.097327
-729441.648667
-714295.85528
-738434.400045
-740156.001224
-737151.04642
-728842.79064
-718272.092212
-728680.183017
-722351.124109
-698535.171606
-692307.408236
-746379.548912
-733979.471463
-736686.573898
-743348.813345
-733392.131238
-720753.602903
-728344.570318
-738135.834297
-721077.157921
-727049.823498
-726557.116129
-734158.191842
-744007.114733
-728160.354531
-716675.729386
-714978.042464
-760708.963844
-726546.975345
-739656.06724
-736897.127705
-721658.034278
-747452.298808
-700418.479712
-736304.4022
-735748.323457
-755450.523304
-728745.736477
-723753.098547
-715965.419418
-717721.547612
-714401.340875
-737794.526619
-740707.238369
-718737.610945
-715993.346953
-729552.326266
-737149.210266
-724587.483008
-701245.676541
-736566.324878
-723331.34287
-732762.763218
-747356.715494
-730272.743793
-724510.08154
-740503.052569
-714471.536801
-740060.953299
-719095.445713
-724873.609205
-703835.815903
-735322.574389
-724500.327234
-731504.632687
-734698.96016
-737076.393342
-760352.051036
-725083.427981
-708461.333108
-730155.959178
-712487.244664
-724829.80921
-721895.834965
-739748.627011
-723511.927663
-749647.016079
-716704.486197
-743588.804924
-726873.974754
-711024.737772
-744781.400323
-726075.547175
-746907.961014
-725502.226105
-734430.37391
-731152.080141
-730639.281064
-765665.077973
-726849.940291
-762137.561684
-751494.636657
-718255.559011
-734292.859276
-722178.709997
-715127.227608
-738643.17143
-729990.178169
-747282.37987
-727679.480241
-737520.421654
-724550.592672
-746065.350265
-717863.081782
-731164.884755
-742219.666083
-754796.141064
-719134.554612
-747518.991743
-707951.484132
-732192.534346
-721630.596943
-717334.103509
-728055.619613
-732526.194634
-716303.370008
-725253.617283
-768498.722296
-760962.601193
-735653.164612
-753227.633147
-724986.425457
-702216.99063
-717478.379303
-727421.481453
-727327.961712
-746911.744274
-738811.355219
-718407.153919
-747498.03808
-742095.640072
-706441.491513
-693100.34487
-747015.981933
-748863.935711
-724100.263876
-759541.451555
-743662.746826
-746986.715121
-757842.984258
-720781.973291
-738658.140474
-746277.159731
-754208.586364
-734041.854515
-737447.502182
-720122.282258
-728730.689164
-735680.096604
-742654.244919
-712000.14269
-730771.922412
-750859.498351
-719136.144559
-725465.233807
-695598.365983
-737838.538938
-737560.902648
-731114.939252
-724314.639543
-731555.266685
-733158.322993
-750226.12779
-735278.818229
-735452.296875
-728238.62498
-733962.962512
-717927.365901
-738261.008219
-719413.290262
-731089.998822
-732909.712361
-723377.045155
-726280.433882
-745474.400325
-720282.550695
-732559.057123
-719008.908427
-740582.535584
-723274.672516
-736021.364072
-738843.711228
-720068.78856
-737906.654988
-728883.916481
-697566.787713
-728792.028333
-747906.437484
-736960.129391
-730663.491362
-747680.837477
-729659.352095
-735449.687256
-740901.608097
-707558.378942
-738758.692696
-747412.306822
-737468.537589
-728946.560015
-727795.424416
-738973.795426
-728107.587257
-716947.143666
-704560.341027
-760769.056368
-743763.758962
-698888.462547
-724591.677886
-723726.52224
-694818.790117
-720790.437658
-709123.669612
-724439.656514
-753883.213048
-735887.233894
-697508.257915
-739250.860407
-741469.524211
-733282.606703
-727308.64245
-727822.839572
-753389.002653
-748251.781628
-723354.137867
-707310.44119
-717008.453703
-755810.986163
-721286.344683
-730953.976227
-713318.204911
-718220.786321
-732268.974709
-706926.570171
-726289.902884
-738174.387329
-721730.774914
-746545.757301
-707274.71281
-725468.969475
-729316.062553
-727284.067114
-731296.554712
-735553.601697
-729784.610248
-750486.840468
-725399.433272
-735798.843266
-739978.12952
-734828.43993
-743229.953181
-723791.573233
-717616.362982
-727777.260901
-728024.211225
-719843.501498
-689697.066596
-724329.15354
-748744.373292
-742292.201441
-723276.686504
-726463.860154
-732564.414008
-704949.131006
-762305.110251
-738054.926592
-697805.028984
-732665.928406
-732171.665448
-699992.724961
-684100.722928
-733784.907036
-737520.827218
-719660.142092
-711178.365977
-736511.492789
-741172.678367
-745680.283427
-700041.989824
-734682.922494
-736677.8785
-717811.685046
-757433.259173
-731293.296849
-724260.890791
-722567.164267
-724434.242719
-728205.755459
-754774.919832
-724711.072822
-723209.353312
-730104.080901
-700450.259404
-725784.585374
-716004.436349
-740302.802536
-729148.912061
-748592.954733
-711218.329407
-715336.632406
-751598.181987
-702749.761116
-709570.520713
-724644.152303
-745639.041493
-743592.481144
-754697.147933
-730726.902275
-749066.621387
-737778.75929
-751270.39943
-720724.6855
-736417.35265
-701407.091808
-701507.897561
-725154.196652
-753088.529283
-730917.269778
-719863.399178
-735585.284368
-728907.468968
-730522.7609
-735274.255692
-739804.827405
-723117.269381
-742385.020733
-731633.397919
-742274.466084
-727515.618158
-751864.227996
-735886.230936
-726303.254308
-737212.958442
-718212.843495
-725495.922022
-733462.260411
-716076.102309
-737572.15157
-734959.337353
-739854.794031
-711890.890508
-712066.200559
-731575.346033
-746844.87619
-707602.70426
-727524.431238
-748938.405786
-733602.942012
-735990.567375
-739105.320188
-701410.207341
-737101.463465
-709901.527106
-742655.925578
-723039.141341
-762244.296623
-715943.015927
-733516.990723
-731465.27066
-744685.800079
-724006.315185
-724781.574396
-722890.507527
-716447.276931
-727312.129783
-738022.681866
-749585.169976
-718947.711287
-746690.035925
-722267.590964
-751719.884416
-741161.902822
-754442.639961
-725213.519807
-706769.034855
-738592.104312
-696444.127359
-723825.461177
-729212.799385
-753948.859451
-718996.801603
-744766.846129
-748892.801339
-737225.848319
-742955.822968
-725553.998273
-723824.980241
-740553.15952
-722705.136247
-735628.625786
-729322.471819
-747081.746378
-730242.28973
-729195.005918
-714668.659073
-731654.114322
-745518.884984
-752053.631322
-710606.893649
-708730.210641
-720892.362977
-746980.063648
-745003.25566
-748988.75218
-719460.919156
-719471.24642
-728342.992528
-751031.474816
-753857.127201
-736960.202979
-710948.032687
-727431.314108
-735389.92761
-721873.894638
-724268.056437
-727261.616749
-716643.561982
-738528.99615
-747386.786783
-710435.143709
-724769.35035
-723483.154592
-738125.28974
-732885.690462
-750272.384092
-744460.175233
-709184.493014
-733875.935899
-756441.508046
-736602.676797
-737011.828058
-725733.502587
-738940.180085
-715021.176044
-747967.134679
-734534.820255
-722860.381786
-743721.304539
-738705.444622
-745413.220364
-732068.417036
-749047.265285
-757884.836437
-739186.094146
-734544.471906
-745732.420785
-743489.376468
-728686.570938
-725828.641816
-718396.666845
-725294.643663
-740816.217925
-737423.599492
-741552.300155
-729018.910572
-744157.341765
-713139.796237
-726768.505785
-740680.811562
-745334.671991
-726821.030865
-740052.155446
-757352.140873
-736976.847604
-707633.15999
-749762.069198
-735901.173028
-722802.608775
-706980.797381
-741531.537782
-719741.292368
-737715.335477
-701652.580567
-733975.211179
-733126.495767
-733788.000225
-713797.880537
-742147.532463
-752718.489299
-753820.546361
-724581.646627
-733246.691054
-742425.092484
-733113.992872
-755865.431486
-735224.845496
-731636.537668
-743677.392688
-730951.167202
-735527.809676
-725043.9361
-725841.866744
-717818.945916
-743501.557624
-722512.123399
-732564.523029
-723128.564045
-746232.567645
-746947.110027
-730780.395292
-707435.733869
-715884.575782
-739144.84259
-735221.122626
-742043.890476
-710259.374081
-723948.027206
-761052.432086
-740430.074343
-714521.083887
-724156.438913
-742652.067959
-740639.365736
-727164.946396
-728995.941511
-728193.543127
-715327.779481
-747757.519704
-712785.935265
-726318.732321
-755483.372543
-724548.82817
-749810.038926
-714693.283732
-733338.568958
-758779.276219
-713033.4335
-733701.568826
-736256.481228
-733391.797667
-741043.87345
-743694.397758
-703535.878106
-720810.965739
-749480.197093
-722295.042439
-718591.530613
-757049.440153
-737912.908857
-737235.888225
-732940.374611
-734353.041421
-746057.767167
-749053.497143
-714764.126104
-717356.714049
-733628.503935
-736819.256869
-723743.557055
-738831.231849
-696750.076303
-741432.306299
-722794.758995
-731373.062499
-742163.429317
-742543.92736
-741814.475374
-730601.642876
-716205.56595
-708022.600333
-729694.915493
-719473.07883
-720550.191782
-731079.23155
-730741.628426
-722511.504221
-744454.584244
-751228.329564
-741957.350405
-726470.394785
-754048.973825
-735010.10303
-760586.140257
-719110.428028
-724678.24774
-734837.642356
-723581.208747
-747462.306489
-713298.125133
-723122.544785
-732138.336562
-721127.676876
-711152.329615
-760668.238928
-728584.224678
-747070.986537
-746624.745895
-730118.861574
-727264.970831
-724892.429066
-732985.044416
-726747.493588
-723747.686319
-740863.679808
-719645.371927
-700734.09763
-744748.411028
-758936.459231
-723847.374148
-721819.547364
-728907.042122
-742919.209318
-752042.836318
-735924.768307
-736330.534657
-726005.73819
-739749.780622
-761887.592693
-723045.388807
-749109.822693
-728815.334133
-757447.639556
-739539.167176
-705898.673056
-734636.308821
-728794.604956
-687865.44663
-745090.509923
-753885.097841
-745736.576659
-736086.7419
-744301.881402
-718573.155525
-737039.987273
-727807.42353
-742986.141956
-736386.261305
-750268.686284
-707158.388145
-730225.474912
-728514.750985
-720123.59885
-715949.143538
-732919.032198
-751878.293643
-733635.61135
-705566.530249
-745143.799769
-707008.048703
-745732.912272
-735543.194781
-716143.947566
-748506.151157
-750957.263837
-726180.891297
-717574.164327
-749807.892064
-749242.095769
-727928.583018
-745115.940091
-745171.727095
-718497.184446
-712030.214672
-741923.012178
-726399.384739
-715744.771477
-734934.42172
-751338.313739
-723161.667529
-727273.389351
-718562.652083
-716793.874423
-719840.416843
-744058.164848
-721990.275157
-736489.510608
-739580.442099
-734827.896515
-719635.188014
-714470.716156
-737093.922307
-744554.582317
-722619.555683
-735400.490046
-736594.265182
-730832.578842
-731155.943156
-736982.131353
-723175.476464
-735190.289222
-740223.758336
-738732.160171
-734455.953569
-722035.040191
-729648.439102
-746834.557395
-726992.7854
-749829.053988
-724340.003358
-726905.978724
-742879.118576
-728501.685983
-701427.563732
-716110.726392
-739323.837057
-743127.305379
-714748.24046
-762936.644483
-732934.267828
-712167.582984
-740898.263927
-753172.721558
-735257.411343
-734003.117832
-718592.291596
-733554.38553
-733662.649873
-713860.030734
-715000.813394
-735609.759348
-742702.65869
-731118.531453
-748698.342063
-728567.981551
-717690.401164
-729447.569443
-718042.301382
-755750.241012
-727939.64969
-728200.338383
-742079.02594
-743670.027856
-693998.265253
-721941.674906
-725437.53144
-724949.744439
-729113.726635
-761974.364093
-739176.332792
-742845.039164
-694739.171456
-724435.016259
-715022.102018
-722326.125649
-725937.993684
-738177.814853
-752552.591528
-737539.713231
-730639.323935
-755120.340821
-745139.757599
-728701.244121
-733820.914711
-732450.064614
-723634.864205
-725599.167748
-734285.730952
-732914.849084
-744671.878753
-735021.202509
-742740.467342
-700364.250373
-729211.417412
-746191.412259
-718092.205177
-714371.345452
-757310.612025
-710505.281975
-732469.523447
-731236.548362
-717381.119256
-742630.47213
-730593.435872
-725321.436226
-732936.322838
-749037.555563
-735157.219867
-714599.241479
-736321.202198
-742489.069666
-744461.404887
-710690.580341
-731863.147504
-742786.168487
-743527.623383
-730605.184934
-734683.41922
-748248.073694
-713915.069783
-714043.892713
-719801.305816
-741273.045099
-743878.746681
-738703.094969
-732116.104474
-730014.210966
-729564.364864
-746483.44212
-748665.957689
-743316.593228
-723886.043872
-725941.146038
-728038.711236
-703240.562407
-745517.361042
-727081.299748
-716943.619559
-728171.783126
-730283.915561
-725887.182548
-714613.350464
-754362.627117
-741588.50747
-749850.744637
-715570.242006
-726718.128637
-726417.903895
-740971.753811
-731244.383798
-734722.50298
-715464.296432
-734585.509853
-729061.255076
-762050.971807
-736461.813483
-732057.392768
-734190.876138
-749384.742862
-728464.251025
-731828.465671
-750947.581337
-738216.957115
-724596.467642
-738639.893416
-729048.437076
-714140.114144
-755146.325165
-734416.999248
-751210.341568
-733976.185407
-700908.641846
-714544.589483
-712004.60676
-738629.594823
-753848.934762
-747441.320388
-732482.670693
-713339.148337
-742642.456201
-725510.113281
-735207.221557
-752277.05564
-706333.673674
-754494.96261
-745094.067756
-750435.286021
-752186.344377
-723527.518781
-737452.480288
-710602.601293
-718122.680833
-725794.944777
-739178.240813
-734817.416121
-746796.924616
-708306.869791
-713331.445844
-733638.658159
-726890.971931
-730225.015821
-739809.876151
-711636.856194
-732915.146284
-735548.174459
-745542.692401
-741932.035526
-742632.84868
-736338.778915
-728884.004656
-731825.194672
-736512.214387
-721708.20755
-725014.577789
-737431.58606
-725402.21875
-688631.171342
-699253.889739
-733979.003924
-755269.848721
-735205.0856
-749944.855696
-730109.760936
-741806.78105
-745441.579764
-742364.993627
-743832.292763
-758265.816035
-748495.039382
-740016.767257
-723931.268328
-716470.712128
-713472.934629
-720371.656391
-727412.119691
-732651.114328
-721227.665547
-726703.526005
-755730.803142
-735430.666357
-739108.165395
-712343.36054
-745829.672219
-735282.702331
-737906.731782
-727786.394776
-742766.561665
-711546.2394
-733672.061169
-724365.86811
-745198.91081
-715886.49072
-746779.171981
-724002.898649
-711235.095742
-726445.450353
-733491.493956
-734794.970653
-724782.336832
-734792.868867
-733349.488412
-751979.763499
-722528.908773
-705088.082245
-745048.759026
-724169.040137
-729124.004841
-745747.648338
-726875.478783
-727876.195298
-721569.005022
-704441.518996
-741181.328918
-723348.142345
-733933.349577
-700540.935518
-705191.623164
-700852.695666
-746803.571184
-729012.705932
-743452.380147
-734771.563739
-732115.357072
-720966.956672
-735311.379148
-748376.823842
-720514.364546
-742060.943972
-735483.342224
-718130.640368
-737066.629595
-737437.139039
-741801.722221
-728205.993319
-709206.801695
-722043.457574
-709747.80753
-731973.357194
-735602.921324
-734993.354522
-736103.916216
-735614.676137
-704508.608278
-726951.590308
-725049.856233
-747351.602967
-738733.714101
-730082.040005
-718933.627602
-735606.229649
-754789.719201
-729361.141217
-704391.784902
-742507.205511
-742336.537058
-729570.807087
-731420.530094
-723230.298056
-738508.910219
-738423.965452
-738355.881708
-732334.022548
-750301.865023
-733633.26878
-758601.000109
-738160.898054
-738821.381998
-756245.41184
-754714.709174
-723144.255475
-745735.474589
-707290.047367
-726552.987198
-729334.753856
-729503.510179
-734425.505558
-680848.822666
-689237.458636
-707535.02257
-727792.547659
-729622.901077
-738357.219389
-721932.607003
-733281.387342
-729647.833817
-740855.53805
-733896.214886
-733357.451045
-751319.03577
-732343.810322
-738780.68856
-730853.334365
-750444.923234
-715394.000184
-727487.511984
-709303.835521
-717708.953062
-736327.611938
-731619.497606
-736620.660506
-733308.399751
-731494.61214
-734163.571996
-725425.137631
-739195.658453
-728459.064181
-708825.635129
-739334.523804
-744569.248165
-743057.029131
-733587.563504
-735330.307454
-709978.849381
-724796.479063
-720945.681992
-716724.079678
-730080.103246
-714776.794172
-716588.143603
-732573.777037
-732642.466573
-719325.226656
-741085.112832
-729544.143984
-754250.992969
-751771.734794
-733368.470887
-724642.62752
-739278.782304
-723290.657125
-720857.990531
-744288.865446
-706632.446744
-727728.444413
-711316.737932
-740814.597866
-734027.913457
-730362.25657
-749414.563778
-730403.747084
-727434.525391
-735029.622544
-739607.822184
-749573.311007
-730430.320533
-730313.058704
-740252.41723
-742648.690067
-718141.554505
-738579.286576
-744750.704824
-735686.739985
-712920.144668
-715690.935393
-704415.404622
-740766.037554
-732345.421774
-759262.799376
-766497.738151
-749184.916391
-727679.117088
-732603.543782
-725135.766927
-746939.88774
-730680.201074
-746686.970406
-729754.240484
-738891.608324
-732656.494785
-708356.191817
-717783.128758
-696881.192548
-716982.092048
-725848.191697
-730512.610247
-702840.128582
-728977.772686
-742898.858689
-733447.807217
-708734.368954
-723459.455966
-735113.780858
-736556.671122
-737848.844785
-728643.071639
-711050.863399
-714809.978232
-733164.125518
-738061.085117
-719845.68857
-748993.902182
-729129.624627
-694351.306117
-700975.115856
-742865.757827
-717187.048587
-711016.831876
-737179.020594
-737701.002438
-751590.183037
-679644.189634
-714705.17282
-737203.525322
-724476.385941
-731276.061467
-733251.156032
-752512.023875
-735095.437192
-757802.964545
-718477.602501
-744084.895924
-726410.019238
-734015.797274
-706133.142024
-719944.257793
-732876.159393
-717908.919031
-737056.57915
-729155.324873
-706742.451132
-740406.732832
-719019.220601
-724972.174476
-746462.813736
-748897.517582
-754855.308252
-732253.926462
-703527.219334
-753433.165515
-739393.733547
-720988.599592
-727207.391969
-715844.511451
-710974.082139
-740872.291432
-732410.761627
-713672.230197
-701081.416941
-735700.703837
-722041.827132
-708288.593854
-729408.524424
-727686.630237
-738229.949821
-734717.314057
-739156.840614
-752271.900903
-745687.273686
-744862.561401
-732029.866796
-724923.625335
-747527.773875
-707556.751061
-712800.441411
-731818.339464
-718144.185996
-726224.661724
-704831.248353
-728000.950219
-708306.494797
-738068.084215
-701697.523072
-715859.291992
-705910.724366
-722106.642991
-729833.083712
-726731.278133
-738479.599728
-749180.405904
-743494.190872
-730172.814126
-725675.062465
-727373.506583
-737872.974486
-743523.28175
-699694.51123
-715088.838037
-729629.313891
-724444.071245
-736525.26188
-728084.1393
-734540.795647
-737403.690766
-741050.42173
-739139.631369
-728066.147449
-741375.923353
-746282.284226
-735724.396602
-719786.375779
-735845.550793
-749139.799359
-713432.209565
-727326.498486
-728588.032656
-699432.576043
-717251.653497
-738636.354969
-736878.276699
-751809.048394
-742274.21593
-749397.395284
-731172.005581
-762516.847041
-738447.864794
-731018.987438
-739239.012688
-736553.293887
-739719.312333
-732856.324315
-741792.285428
-728447.400423
-720545.77647
-726651.073504
-755978.547613
-709239.059725
-747980.332872
-739939.560327
-755814.475568
-729896.081413
-727352.21054
-752743.134464
-737117.664911
-743454.731037
-728741.532763
-702901.045088
-726560.239751
-738573.88134
-751252.633786
-750809.727633
-738491.226719
-731221.592004
-737011.250553
-729646.590854
-717427.502199
-731232.208978
-734471.474903
-705861.182101
-720119.727594
-711940.816446
-731162.292082
-726469.332414
-712560.973459
-734239.064444
-716103.9469
-753174.839145
-743571.373694
-733227.553309
-746720.214983
-728941.847522
-738341.319758
-735528.883617
-712287.241455
-740074.521032
-737736.997248
-726872.449499
-740478.234608
-714422.896981
-732711.46758
-727514.865822
-733773.406153
-724209.323038
-700864.028165
-743195.95035
-702722.92908
-738643.103788
-709886.461156
-736815.19719
-721746.567161
-736112.745515
-747913.118073
-754581.107965
-733765.201884
-719130.911868
-712563.838154
-737867.74407
-725591.025492
-710773.610054
-715598.146206
-696368.027659
-725969.792733
-732781.063918
-749336.760466
-724086.069387
-733644.834083
-707068.033402
-724071.030174
-751825.71115
-724166.868541
-722629.165145
-746890.43466
-713628.509491
-731259.487204
-710841.51099
-737364.473537
-716317.096175
-731452.353894
-732958.158997
-713198.458775
-747685.895121
-745325.662302
-729453.971953
-739679.596312
-750963.710921
-712011.420874
-730396.418876
-726762.070784
-739699.427171
-739973.147028
-724132.188194
-740792.18211
-718189.657576
-734940.93911
-734435.255962
-729875.34547
-721408.484303
-746285.31913
-726315.384821
-722977.391071
-716454.950063
-726185.291417
-732893.715028
-710923.097857
-747724.396532
-750722.177524
-731497.786558
-713397.554993
-736352.993218
-729258.132329
-740715.486317
-753037.483146
-748648.200045
-688335.826102
-729942.898499
-730163.834434
-744228.4239
-720293.379157
-700268.350624
-746402.452369
-729241.084398
-736393.034992
-753512.197263
-703714.478235
-740316.925361
-718888.415754
-732677.615453
-747391.850381
-714408.101127
-734467.148711
-731858.104435
-720715.626334
-731575.570745
-691706.448993
-741658.269752
-747572.8857
-729282.848256
-751834.958066
-734849.120165
-743729.411806
-730880.134026
-731949.387816
-732858.88857
-706545.037228
-746379.910349
-744622.79531
-747804.246106
-730626.918503
-741919.273869
-714872.234202
-727217.846557
-736454.738359
-738066.692687
-732519.01315
-732270.21094
-739616.512643
-747620.775117
-745287.547975
-716597.44814
-733422.46589
-743859.398665
-712643.499035
-741239.16164
-733423.377897
-729761.061287
-758400.027045
-734632.450488
-746429.366079
-740629.602553
-757729.28668
-743468.099811
-714475.132104
-704273.626572
-722052.545668
-725946.5074
-734246.709594
-740440.71918
-730773.65978
-698368.649084
-739292.314603
-731727.812368
-735288.214453
-724732.33443
-726401.931901
-732788.196751
-721523.311602
-729112.545752
-732559.458266
-735892.405766
-728254.762207
-721296.846185
-740589.685709
-723137.670211
-703280.646938
-699534.062498
-725631.143817
-716671.928431
-760197.710666
-727326.217717
-734089.430698
-735941.709365
-723482.029706
-740038.144323
-724064.491325
-719780.981808
-741465.103352
-739363.909862
-732565.610075
-736326.979679
-758365.171513
-719427.933136
-720831.714792
-746775.156866
-742528.226864
-728342.344003
-739150.566095
-731361.957339
-742841.146165
-720380.385068
-738617.074061
-714904.447135
-726448.637269
-738842.20207
-742437.295256
-728903.240355
-722733.720567
-719348.40507
-717932.438767
-746189.982918
-747624.106528
-737867.75526
-707721.588834
-731748.529992
-741194.459663
-716908.789235
-727627.200122
-733777.095956
-733188.40068
-711744.958385
-728514.020862
-726686.324906
-731771.243793
-744532.814983
-734631.073335
-747636.445097
-734599.674378
-738998.527208
-696231.066602
-732778.874339
-743538.133118
-715593.97496
-713075.053458
-702650.089222
-732585.854462
-741061.910012
-750664.762588
-728831.192654
-731265.020237
-713937.531951
-741394.309585
-745280.341161
-711613.679242
-748965.920075
-736825.493085
-751391.667092
-738079.869181
-726883.075357
-732200.508585
-737194.663594
-709234.620927
-702237.546913
-735681.337364
-722780.969233
-725203.562691
-750586.305989
-755440.59821
-726661.736949
-740143.21378
-759447.907701
-717970.753712
-732318.598799
-707751.808591
-753829.284965
-729176.224018
-729286.134755
-724841.388337
-728665.550219
-759561.633881
-727826.909311
-728779.199189
-719269.504123
-705259.068459
-733555.403951
-697916.196783
-695522.106043
-731890.206938
-736025.83801
-736641.307536
-752510.124561
-727080.662676
-728454.999076
-728945.572484
-728599.677702
-702171.519629
-743755.615588
-710653.282895
-738716.387451
-714460.362601
-742083.343275
-756907.955761
-715840.131917
-754068.985001
-739983.631802
-725394.628461
-730428.887069
-738621.322185
-703828.633076
-727382.197532
-725909.379368
-743719.379619
-732727.503726
-746665.855018
-713082.987883
-728137.716832
-740784.158398
-762619.409494
-724583.483513
-739657.804183
-731581.083102
-729516.677536
-728071.956017
-723514.187245
-724297.233955
-703068.896132
-737988.277358
-732269.478348
-716762.854261
-714557.562424
-724474.274333
-702187.164353
-736544.054422
-740204.230409
-707729.565605
-721114.686676
-748299.475275
-726500.731441
-742154.548613
-712685.18843
-733010.923544
-741378.593009
-754281.562973
-704657.613872
-735421.097851
-724933.458803
-747836.724944
-733473.398869
-748308.752239
-740425.64298
-730734.035953
-738824.263481
-734506.936332
-740828.301388
-719852.910977
-730419.84451
-725284.18038
-721765.57069
-721964.944678
-710775.175051
-739333.744849
-754535.227949
-725866.761014
-729175.477706
-728455.26904
-730032.209676
-702164.108793
-735207.127686
-744204.288347
-734529.614862
-721447.94324
-731928.580308
-737082.296279
-727549.677236
-737173.674575
-711401.617832
-729586.153651
-725609.141572
-742309.083399
-730074.470061
-708520.368559
-731532.690157
-713281.671209
-743960.286946
-722928.367918
-711740.375611
-729421.885347
-742334.068645
-727476.022943
-719993.141571
-723564.051143
-736870.135878
-738252.650746
-729008.407065
-724507.800404
-703087.213876
-728387.815057
-744180.624504
-740747.529268
-739854.399301
-746641.228317
-720232.962711
-747419.477908
-754753.0658
-726958.437555
-731728.426155
-727832.156505
-709723.147571
-727105.689301
-716059.279571
-716094.613336
-739451.85826
-726401.072264
-704687.244941
-714978.975243
-719129.576095
-738351.545328
-739399.560369
-751607.932439
-736375.112576
-738911.201892
-755954.314954
-735724.206016
-736234.64444
-717648.953301
-725935.130653
-712581.682552
-734681.570714
-695068.367644
-734646.880954
-717822.497002
-722453.78082
-715537.199144
-742657.505319
-738916.604795
-726932.808267
-743605.165468
-727836.333836
-711394.308891
-733490.654428
-751039.232958
-745618.884213
-708731.524659
-718606.54956
-728080.775694
-748763.710617
-734880.711288
-745244.22263
-740167.878455
-736031.13929
-708476.054366
-735313.091844
-716374.895611
-742460.800043
-723150.769332
-730270.61748
-724790.745778
-750987.421353
-731780.093051
-723731.458006
-729198.392814
-744588.05843
-726854.808545
-738060.612723
-722921.722665
-723245.05845
-720559.831392
-727513.096994
-704674.305028
-705134.745489
-725884.813196
-748275.419838
-721179.93839
-711179.774192
-742197.364423
-723419.579344
-740888.006515
-753344.863077
-689969.959822
-737219.441249
-738694.65344
-733847.23285
-757461.65487
-714605.850561
-751273.655158
-726962.726862
-707836.070226
-720565.04911
-717792.956527
-714221.590856
-729318.945787
-707639.816212
-715859.727819
-708779.185346
-721398.981201
-725412.624061
-729323.890313
-737670.610285
-728567.419616
-740728.755828
-719774.261352
-743859.976188
-743657.310522
-762988.086701
-710174.310237
-720089.768069
-715420.557389
-735207.34363
-735366.799101
-724291.904407
-746684.024203
-733019.970426
-746877.2523
-724756.505573
-748357.373218
-725339.427693
-751059.32318
-756325.777786
-725460.863059
-736169.172213
-736965.10478
-740698.100333
-732268.897051
-738306.003131
-716650.875344
-718230.902521
-726910.44717
-714753.55531
-723455.083237
-730640.424549
-700417.499249
-730299.965108
-719431.297449
-739249.257262
-703538.195992
-732342.228773
-744709.152365
-738332.284103
-736543.209764
-749986.749135
-738456.854978
-702704.788959
-721197.054157
-750524.525151
-726321.573418
-741188.36033
-729896.635179
-760699.190559
-722118.849999
-698966.030066
-695515.131594
-735896.58894
-738536.225278
-736632.473857
-701255.294042
-715836.702846
-743770.105534
-738349.39213
-734304.894942
-714995.747558
-744694.458481
-733540.337328
-741254.272285
-756558.147842
-720006.981186
-726037.493281
-715040.320892
-712423.83295
-731896.211302
-725289.687202
-736778.897905
-746864.84986
-744573.884896
-712715.516097
-700309.127776
-701222.738256
-745153.755678
-736287.722249
-736690.09999
-727634.193196
-725990.826433
-728025.128395
-715200.50777
-740528.447467
-720174.401152
-743585.124346
-709042.348572
-736830.868777
-735933.37311
-725847.450673
-713105.634654
-730967.753079
-721205.128977
-736241.100017
-730846.489946
-723785.596954
-742514.680048
-753940.068125
-742950.135957
-756099.253388
-720493.992096
-751806.738402
-752589.219615
-738738.233832
-745608.221498
-709111.469456
-708730.558762
-732469.091904
-752568.585511
-742153.621999
-717838.746052
-739696.272934
-712063.811891
-722401.60979
-750703.639546
-733267.025747
-752689.920428
-735918.713367
-730474.461744
-741202.70712
-719650.57106
-745467.310058
-737310.874394
-726135.628177
-714182.435492
-737627.654628
-736452.837549
-720045.812785
-712522.144824
-724037.755602
-708108.061246
-726319.819063
-725121.944946
-725502.751941
-737823.129642
-745011.608257
-716370.3768
-734289.738262
-730345.283998
-722800.822406
-760129.777607
-735739.140809
-742197.477091
-743132.292924
-747978.528761
-742092.229117
-738134.001211
-722978.916286
-753283.637022
-752611.404174
-733676.183637
-718699.137813
-748806.080002
-726351.771488
-709815.443592
-724160.535572
-754736.551587
-720798.601371
-736542.373312
-716469.401532
-742229.292509
-725636.388808
-712705.135567
-736612.034602
-733727.355361
-727397.468848
-732782.923895
-734273.998144
-748833.268055
-718411.147492
-723789.624236
-732558.126494
-701559.341487
-736980.426326
-735135.806841
-699236.295557
-728909.471054
-730745.588937
-733099.000452
-725908.89179
-752796.099528
-754084.589498
-740982.601982
-721729.566668
-733226.781485
-730742.981171
-745411.857384
-739595.07092
-730042.473218
-719737.810776
-729489.172418
-721888.313773
-676628.860086
-734057.262146
-731652.983265
-732072.368779
-750463.296685
-697573.694128
-725526.713298
-744950.274846
-734196.294261
-745018.044121
-723167.582059
-750992.75253
-733720.820735
-706553.267273
-732057.292662
-733417.896549
-704424.804936
-743648.519848
-712127.273046
-737938.733036
-744946.413425
-730359.311827
-709894.505549
-718211.31353
-741997.879172
-750929.115438
-741981.308445
-739429.88083
-735940.98857
-755752.236506
-726751.817804
-739276.015935
-720070.552055
-726905.022244
-722359.236316
-734186.818005
-690033.083087
-742666.896973
-701200.311482
-737427.874451
-741367.614072
-726446.099856
-733958.024325
-701729.892354
-726231.447609
-724762.645455
-718797.209996
-722461.087832
-736918.412142
-737560.922544
-732393.894132
-749540.684645
-752400.281965
-754533.029111
-719923.010068
-754737.926913
-727312.665325
-725668.172606
-747672.497992
-726931.086002
-723794.759792
-736494.916813
-751441.758775
-729258.333301
-737749.636217
-727275.950522
-719359.754935
-710141.314296
-750049.895817
-746699.2256
-735717.448289
-726149.337267
-727581.384451
-723522.853913
-742495.186777
-744827.614138
-730057.863871
-721794.951322
-716387.719602
-722918.784135
-729222.437433
-722175.601988
-737597.417456
-719227.881713
-759887.775199
-734493.980261
-735237.236285
-714685.769825
-737081.663389
-743028.582111
-734671.236818
-722617.888552
-736981.147736
-738209.040527
-742188.343644
-702255.540262
-733375.259521
-735598.293536
-728545.691119
-755534.577192
-729693.442849
-734371.305112
-736109.4735
-753070.785285
-717537.393919
-731653.831132
-740891.705646
-740562.351398
-724819.939275
-744645.718085
-736853.871369
-741816.058576
-746304.413546
-744199.817818
-737416.314009
-733856.371451
-716305.90772
-733728.846263
-741308.196049
-728591.506886
-706829.642032
-703002.317191
-720822.346944
-745986.747734
-753614.658063
-722198.916228
-734064.792707
-736458.436634
-743710.098981
-750315.775441
-728620.665939
-760143.333178
-737507.365884
-746799.102858
-750727.129526
-732199.128185
-725472.51142
-742550.734114
-756732.797231
-731572.23076
-720265.328855
-744450.935798
-723837.81576
-719118.570905
-729508.249402
-715173.484522
-734188.031876
-713305.313019
-726170.252513
-725541.661484
-718906.122189
-752655.028262
-729123.443635
-726588.05291
-737810.483505
-739123.840204
-742287.319491
-732071.051593
-735628.797799
-738460.640307
-727209.590933
-731800.167544
-715438.840867
-726728.99344
-759986.000342
-715040.606704
-729731.9353
-742928.232398
-715318.091807
-715636.48536
-727923.408441
-722946.110449
-731086.627085
-722958.79399
-707089.135962
-753359.410342
-713593.848015
-724356.453574
-701713.567083
-731956.676237
-741423.132123
-728311.274761
-714127.341455
-717325.303141
-741371.366124
-737191.439998
-748014.733401
-729903.37462
-753605.081051
-730527.221906
-746731.304407
-734251.832063
-727642.280384
-729870.109856
-717611.893216
-724811.639299
-715049.579587
-745099.522594
-742448.494341
-740619.19696
-735567.247424
-731557.224925
-714845.652632
-717604.251616
-715269.419151
-734386.978228
-736203.314847
-730883.240495
-724156.543258
-742310.153397
-757073.154978
-725164.947697
-719577.027704
-718857.179522
-712140.730972
-730817.351669
-757753.674673
-752483.282443
-716521.131522
-739941.249722
-743401.534795
-752229.492197
-730771.427726
-695097.567042
-720079.366634
-731986.350059
-737262.82976
-737151.273497
-732182.046827
-727418.49765
-744801.221625
-741110.675897
-729835.504245
-740015.512175
-728135.999846
-733266.301909
-720884.462005
-738749.010636
-713134.952385
-732982.857872
-727785.378007
-732486.932883
-729006.255504
-726491.879033
-727129.29743
-724173.420024
-737793.810391
-743869.673414
-704974.186092
-719876.463663
-716360.494961
-714180.193764
-731633.950254
-716667.537807
-744297.143323
-723743.204299
-737410.253173
-724738.205833
-696506.638357
-713851.274903
-715189.378785
-752633.504347
-721255.029192
-721253.972397
-743892.479239
-704470.680149
-741681.475502
-730149.95153
-731595.050129
-747174.052684
-726779.683751
-747202.04517
-711148.595904
-732049.621844
-731258.399491
-720524.544737
-714585.574119
-734106.920111
-732748.95841
-725117.52346
-727803.556288
-715622.453415
-742822.696667
-724132.964543
-726489.04965
-716605.955296
-728771.712957
-738987.258702
-740547.052359
-718802.38003
-730669.46002
-738620.349523
-720079.433278
-729798.118305
-720628.278278
-740190.494562
-734451.364035
-739948.962317
-736162.845725
-711824.694374
-730037.42904
-704883.162588
-728642.514249
-724468.858063
-722388.047226
-730549.354318
-734092.033589
-717520.643364
-731624.306663
-739330.249887
-742305.223233
-734451.108093
-751296.460287
-724456.127232
-722907.238397
-736243.821455
-723401.110135
-724142.51257
-754806.73955
-735346.329032
-755732.339501
-753018.16545
-712501.207013
-708978.739764
-729078.900477
-725742.881038
-729215.582852
-724493.377899
-751968.199334
-726028.413797
-743785.41614
-750267.718536
-737726.463416
-731454.225709
-719994.837526
-749733.437442
-718458.04128
-735098.06033
-711705.480416
-740318.946947
-725649.250107
-733209.820943
-734753.831813
-744338.729282
-729091.343481
-735488.277367
-714366.136153
-733147.723178
-742268.070688
-742437.720042
-707664.019921
-730020.373498
-724507.403874
-739673.221968
-734311.032826
-729395.090474
-742618.638551
-737286.834095
-710736.771603
-740454.901302
-706106.454293
-726783.374184
-703236.535484
-734460.164367
-733867.825022
-742895.039704
-738262.77227
-710066.979817
-747864.250967
-750039.479252
-713736.694117
-758315.175913
-737077.06437
-740035.50612
-718984.166499
-739908.681336
-747593.687813
-714930.417793
-707377.734048
-725024.08348
-734466.43273
-734882.228841
-721901.672319
-711738.300131
-735557.069802
-695615.707807
-737091.944587
-734089.030495
-732948.895599
-740785.495577
