-1035324.07546
-1005413.34052
-1056171.15288
-995159.057725
-1059163.86412
-1082800.71798
-1025188.95785
-1009603.26586
-1051115.58197
-1032094.13395
-1062214.88023
-978681.072791
-971703.188907
-982471.201198
-1051817.97191
-1074433.91615
-930913.493493
-923823.448985
-1068920.86629
-1109821.76564
-1263291.14322
-1154517.18005
-1187056.38964
-1115368.48598
-1271237.57924
-1221184.69976
-1180003.45633
-1090399.68249
-1140180.28091
-1250907.96619
-1205277.21518
-1303275.32789
-1138161.41042
-1117182.39665
-1242582.90631
-1120859.06027
-1169280.25963
-1125610.34768
-1128070.35773
-1229205.53745
-1289622.3391
-1211310.16675
-1278103.18335
-1254779.17716
-1275192.49407
-1276644.91248
-1249182.28045
-1242732.92717
-1264990.96654
-1276045.68638
-1153262.08566
-1288403.42248
-1282483.34257
-1220335.37482
-1281114.48245
-1284231.39038
-1269817.17578
-1207545.73934
-1264455.69792
-1246097.87544
-1286589.61063
-1276006.97156
-1302068.96047
-1318893.69237
-1288429.25508
-1251149.39522
-1297665.88395
-1300828.77585
-1319886.03218
-1309958.73595
-1149650.5044
-1290667.47828
-1286934.93451
-1273129.21862
-1278802.74666
-1325693.6511
-1304316.50367
-1229294.99137
-1265006.63669
-1280773.45112
-1269180.96617
-1250974.14127
-1282121.74523
-1311399.37738
-1276551.99837
-1271334.02652
-1275361.03742
-1271970.92507
-1262153.93614
-1291948.87707
-1179381.2977
-1269487.98295
-1283220.21841
-1241206.88566
-1286508.29513
-1251906.03686
-1276728.87651
-1323145.05064
-1254711.67465
-1309587.55354
-1263460.97509
-1286477.87851
-1299926.51055
-1302238.71678
-1286200.74413
-1250579.36646
-1282159.14898
-1255654.52594
-1257526.12292
-1316924.0653
-1247058.83257
-1287854.32091
-1247207.80149
-1233165.71772
-1272793.66123
-1304267.44571
-1271464.10293
-1299672.10414
-1294607.96968
-1317538.21766
-1275932.33148
-1275109.62226
-1241194.97063
-1313794.04273
-1272333.15963
-1291376.21899
-1259374.07391
-1310143.66597
-1304665.62045
-1296013.70348
-1293478.39315
-1312953.37103
-1279457.45964
-1280091.28141
-1303718.94283
-1299134.8101
-1266977.06837
-1299998.65614
-1235292.5624
-1290758.42593
-1294309.53805
-1269628.90226
-1280584.70799
-1315555.0192
-1258504.82267
-1285293.90194
-1314821.57081
-1262921.6696
-1264977.73896
-1296113.25583
-1287889.52414
-1307538.75211
-1284708.91923
-1256829.11148
-1280820.63376
-1279553.37959
-1291922.03264
-1263745.18174
-1286042.08636
-1283905.69174
-1262467.59499
-1269323.58788
-1251480.45353
-1295305.27624
-1264169.76418
-1261455.93749
-1305401.17968
-1304043.10668
-1296148.99728
-1272916.35686
-1301979.42327
-1281293.61088
-1281732.10471
-1296337.76213
-1270832.45201
-1301389.57949
-1276785.61108
-1288532.68634
-1295048.78904
-1319471.16178
-1270264.99894
-1273431.45492
-1277516.56863
-1302225.78726
-1310458.4243
-1260976.51805
-1309717.96888
-1281200.61827
-1252962.33004
-1304559.84889
-1298254.40956
-1257854.58709
-1294074.03528
-1299726.43887
-1283524.68737
-1283632.71035
-1302110.09048
-1314446.67296
-1289188.85307
-1311362.92129
-1275064.83801
-1281742.83915
-1276436.17247
-1294918.85089
-1287629.46833
-1294610.83349
-1261300.71565
-1273196.07508
-1269536.12241
-1248656.11273
-1289370.06293
-1259484.09306
-1279108.2152
-1314894.32194
-1326269.19517
-1298710.03673
-1306405.31231
-1279930.23921
-1280363.46426
-1291977.92068
-1289732.33257
-1279001.53549
-1281859.00791
-1272404.93635
-1297373.93055
-1271170.15439
-1254713.69511
-1288292.31736
-1250885.47183
-1225677.93089
-1248385.18672
-1278894.12156
-1314010.48255
-1286280.50388
-1287522.63147
-1326341.19669
-1263152.91606
-1298591.09052
-1274870.2222
-1279401.27377
-1250156.59749
-1285637.39797
-1305389.40539
-1281550.5552
-1268373.3215
-1311077.87899
-1309132.88064
-1288069.19718
-1237202.64819
-1267476.80425
-1280953.80705
-1302114.36115
-1280674.98022
-1267666.20777
-1289155.02852
-1302133.37813
-1276227.53147
-1262569.11191
-1321584.86446
-1303828.3735
-1284123.97594
-1301328.86041
-1288943.41406
-1297823.73822
-1279606.30392
-1311122.5621
-1311343.07924
-1277549.50921
-1256258.22254
-1272522.482
-1280144.09946
-1285415.97709
-1264123.35646
-1302034.71813
-1283233.26562
-1303096.95098
-1247219.8438
-1309682.85633
-1295248.16528
-1322223.61585
-1244501.17779
-1280146.4356
-1283712.85152
-1273731.47353
-1280756.67562
-1264556.07039
-1285238.67706
-1293366.52779
-1264622.47448
-1290171.8489
-1275567.44863
-1298620.37486
-1286922.49356
-1304915.56704
-1276679.70668
-1295225.94237
-1290920.35698
-1252801.09585
-1276786.80789
-1327054.30687
-1263310.49757
-1257546.26017
-1234809.5827
-1256682.72725
-1238266.16263
-1248547.56014
-1274171.28475
-1293773.28152
-1272320.40695
-1296556.36895
-1281809.75792
-1298505.00973
-1289741.75445
-1266409.56052
-1266543.08054
-1305904.3349
-1287338.32617
-1286020.57331
-1271419.79541
-1275499.3432
-1263500.22229
-1282415.63089
-1266171.43595
-1252460.45551
-1268610.41952
-1288015.21064
-1302177.96589
-1283223.57519
-1260192.0921
-1264319.8337
-1262290.84911
-1260780.54426
-1240327.60432
-1308714.38092
-1275958.94905
-1251442.73403
-1242120.51109
-1288053.96272
-1285995.48143
-1315014.71587
-1262129.65891
-1255112.06006
-1255954.98269
-1275194.4266
-1261915.08144
-1282252.65487
-1299427.48213
-1308437.53174
-1281544.07954
-1299621.32574
-1263283.95829
-1287480.58797
-1298793.53641
-1291720.15357
-1272815.43957
-1290413.70731
-1264584.31377
-1246774.51901
-1269730.09728
-1301609.28088
-1280430.81701
-1258439.31793
-1308517.96764
-1284189.36009
-1266555.97273
-1254109.96233
-1294355.44608
-1281345.70133
-1259703.95207
-1288090.37255
-1289323.91164
-1251214.03937
-1268277.72681
-1298032.85076
-1300989.63202
-1287495.638
-1318014.71003
-1288704.94871
-1267059.84208
-1285466.29926
-1278092.69624
-1245174.66964
-1304505.97145
-1253995.80696
-1271207.32873
-1297658.71653
-1276441.52451
-1290175.90438
-1281109.14498
-1252911.2511
-1283560.69625
-1288487.97709
-1238258.97772
-1285944.0019
-1273854.26966
-1309574.19908
-1296555.89127
-1255099.90424
-1307929.9672
-1272455.59707
-1301507.63858
-1273626.31658
-1295064.39054
-1286497.6968
-1304749.86721
-1259434.81129
-1286008.07193
-1288488.74941
-1289592.49321
-1264563.86357
-1277687.98585
-1273274.47136
-1256941.84457
-1288215.08686
-1300668.91391
-1283234.24353
-1266911.82224
-1285886.40738
-1289319.18318
-1284893.78681
-1254652.8807
-1283016.33315
-1277462.53768
-1268449.75027
-1257240.33766
-1249037.88008
-1306325.9122
-1275675.40797
-1294816.32142
-1301735.72588
-1229993.43226
-1302581.13429
-1265960.5752
-1295945.16009
-1302141.68058
-1257453.15163
-1301757.30735
-1261276.11586
-1267195.10688
-1257882.49855
-1288864.09604
-1292208.82131
-1285517.66676
-1273111.56609
-1263216.25866
-1302702.00585
-1272665.15918
-1275098.17338
-1276873.85398
-1295741.02261
-1281896.20954
-1290672.71431
-1275790.89627
-1280753.33952
-1268567.34185
-1303750.33432
-1279124.57814
-1278941.9684
-1284115.4862
-1289454.51758
-1256391.72044
-1289783.86543
-1288958.89773
-1243212.94588
-1247609.68401
-1308037.7188
-1267402.90752
-1306776.5989
-1241753.11216
-1256539.7045
-1299365.97474
-1310093.93324
-1290971.85694
-1276385.14158
-1286830.25813
-1265054.30619
-1317271.92498
-1267423.1097
-1251749.66086
-1311577.94745
-1286347.48643
-1285735.24003
-1229377.88552
-1253247.2492
-1236893.20613
-1246867.19139
-1306048.28304
-1270632.70097
-1258196.00933
-1243205.12565
-1277361.71642
-1278922.31313
-1258934.54586
-1261767.18891
-1304100.65743
-1294285.15301
-1293504.94429
-1274445.5466
-1259210.49469
-1294886.49963
-1284833.98104
-1307705.68088
-1284774.22538
-1275664.51572
-1248080.94549
-1279323.40746
-1276202.91993
-1262696.16097
-1268977.84414
-1269633.01443
-1271050.74813
-1282479.55164
-1273949.85438
-1265061.10935
-1262812.87228
-1300290.0613
-1273364.28096
-1301035.91914
-1308566.91395
-1267998.41642
-1265183.02721
-1284141.41817
-1267455.64315
-1264987.6289
-1240726.69611
-1312741.59761
-1307850.7229
-1299061.4875
-1246965.63098
-1260204.92082
-1296444.37955
-1288528.31751
-1271768.9304
-1270119.68917
-1273949.10449
-1310221.2991
-1304679.08146
-1278046.79814
-1289244.40319
-1327489.06293
-1254254.18068
-1274632.58209
-1308216.6784
-1253705.61738
-1276895.16739
-1306209.68381
-1287989.88748
-1270641.70498
-1299332.12466
-1267408.12364
-1305197.12941
-1265996.69594
-1289935.25171
-1286320.07181
-1292681.04265
-1286998.69259
-1285990.88404
-1273381.27092
-1274677.06564
-1262274.77866
-1271848.22961
-1264050.76253
-1304697.54023
-1291933.77134
-1304092.6587
-1285938.14212
-1267025.57272
-1266050.27596
-1264363.54136
-1268126.00443
-1301458.49364
-1273567.93434
-1261014.873
-1293427.61576
-1292421.32947
-1307076.96508
-1282101.84096
-1288743.54037
-1284323.25598
-1293751.51355
-1322389.91683
-1271445.96476
-1249153.02624
-1267279.71512
-1287388.36387
-1304289.19033
-1282880.76693
-1264597.43992
-1272332.17297
-1250284.14692
-1292026.88733
-1285067.26649
-1280084.75094
-1317594.78158
-1265349.83679
-1283600.4992
-1316108.63268
-1273402.20019
-1224608.45025
-1287875.76548
-1273015.51375
-1280860.8121
-1289872.41621
-1284528.95755
-1260348.14513
-1282258.91636
-1306730.84635
-1280982.86829
-1256817.12226
-1244456.62165
-1288217.75086
-1268453.14769
-1273414.87693
-1244844.29398
-1318326.36534
-1278308.85459
-1309043.68374
-1302629.2433
-1254962.10593
-1280187.87207
-1268075.39542
-1296751.06253
-1295782.25164
-1279005.65224
-1265476.61773
-1285956.96745
-1275702.91918
-1256756.47113
-1267927.28861
-1270935.91967
-1325263.92347
-1281591.104
-1288442.87766
-1286075.95385
-1301416.42865
-1270923.57726
-1287951.61746
-1290575.10583
-1242689.83938
-1258547.50615
-1276145.85957
-1292019.83218
-1285009.87262
-1288117.54671
-1307133.1753
-1259448.22397
-1266409.16388
-1252037.27978
-1276518.676
-1250086.88551
-1255683.43585
-1305902.18584
-1258675.55345
-1268981.69783
-1290148.80144
-1245279.97517
-1253390.24347
-1232762.14522
-1265100.88732
-1308870.51997
-1287802.79242
-1296094.81308
-1280240.3521
-1285967.46414
-1271578.92032
-1291029.12865
-1294672.92555
-1269778.95987
-1249018.24258
-1294051.19203
-1297421.33861
-1299191.8689
-1264069.62758
-1293126.67087
-1257940.29041
-1278584.42183
-1265677.78254
-1254339.34672
-1283802.9522
-1266393.78492
-1294055.53941
-1310183.61923
-1297156.67348
-1293360.11534
-1278760.35397
-1305614.44441
-1322761.93323
-1261366.80414
-1288410.0564
-1273248.82104
-1300710.13532
-1267766.64037
-1293831.17331
-1270815.34395
-1310115.61866
-1306041.16907
-1273862.51267
-1244276.02406
-1278355.10125
-1285463.69777
-1250972.21122
-1306900.6331
-1279141.04074
-1258259.43384
-1276683.44791
-1297628.0381
-1288067.22024
-1255332.49063
-1282584.30212
-1301328.34512
-1300327.59503
-1275394.76209
-1245359.51058
-1267460.99053
-1268385.58467
-1284208.31089
-1278919.70179
-1278447.00839
-1285479.68883
-1255312.81902
-1287681.87461
-1283282.0956
-1283423.04405
-1254841.73757
-1306998.58734
-1262574.35864
-1316227.25311
-1268028.48921
-1245734.00732
-1294996.28088
-1303816.86739
-1272449.47903
-1307829.72364
-1238179.11743
-1231148.5306
-1281040.34397
-1257914.03123
-1239015.15047
-1252169.61558
-1281542.79
-1273134.70277
-1253717.85341
-1262286.2692
-1260862.76848
-1308701.99511
-1279993.48601
-1296910.4824
-1284047.78396
-1247728.88355
-1241790.31194
-1282017.86677
-1260893.15248
-1284679.25671
-1263911.02891
-1283200.27938
-1264290.88658
-1269897.72697
-1306887.93437
-1275283.78656
-1274776.31868
-1269448.5436
-1277247.33432
-1292595.15778
-1303294.00548
-1282422.22734
-1281628.2026
-1287387.90478
-1297063.72769
-1208109.1797
-1279158.10535
-1290516.06077
-1250953.36628
-1283167.09537
-1305255.54137
-1259062.524
-1283550.61404
-1281600.48964
-1281259.88159
-1287716.60959
-1289695.30428
-1276731.49801
-1270183.57442
-1293637.43132
-1288167.50637
-1243239.29246
-1277668.04122
-1249629.18108
-1295893.19297
-1256107.66527
-1294895.88821
-1270166.50937
-1246571.22122
-1272618.74876
-1265462.94074
-1307598.23858
-1285093.21536
-1293123.30519
-1300633.06569
-1257091.80903
-1304290.06521
-1273960.0534
-1273231.93003
-1320881.94421
-1282295.00407
-1289148.69576
-1278594.50689
-1273159.28609
-1291300.85581
-1250783.82816
-1291025.00978
-1282080.72314
-1296511.29886
-1201487.02848
-1292253.5576
-1245818.59429
-1271138.41026
-1294669.39024
-1309413.84667
-1310736.57613
-1305762.83444
-1262276.18413
-1290299.95861
-1280489.40685
-1261661.35701
-1219868.23559
-1280868.90015
-1279760.99584
-1279787.0672
-1260604.61896
-1304672.39658
-1278004.48651
-1260005.74506
-1277336.69942
-1277450.76959
-1278728.37563
-1276755.26514
-1274776.4463
-1293197.05802
-1275163.56269
-1302691.51773
-1290989.45305
-1286440.03919
-1312308.34191
-1271043.70056
-1208712.53491
-1287171.85374
-1263671.75873
-1279233.67376
-1243054.56367
-1302048.99576
-1277420.64458
-1262614.3347
-1268338.24023
-1314183.18021
-1271364.15367
-1287171.90175
-1328687.25085
-1261018.88421
-1289839.50411
-1328008.90396
-1266107.6565
-1326677.95185
-1307371.96305
-1277582.57429
-1274583.05518
-1289280.55049
-1316478.86407
-1276378.9564
-1262861.16584
-1309176.11675
-1281732.38018
-1290547.07922
-1287788.35328
-1293812.71287
-1282929.71756
-1292117.54272
-1312376.01467
-1310804.73113
-1284448.3233
-1252175.14742
-1285760.95452
-1285458.3211
-1282300.54657
-1292294.01388
-1296076.45132
-1310842.95226
-1289442.66469
-1265965.53561
-1290463.82319
-1282425.59164
-1286204.53061
-1300164.86447
-1282896.59815
-1305954.56612
-1272163.3476
-1269487.21253
-1303229.19741
-1299157.55556
-1263419.99194
-1323969.67282
-1267357.55397
-1298647.65866
-1299205.99913
-1259765.61595
-1265740.75109
-1284620.01768
-1306712.78262
-1278564.79234
-1305135.61874
-1277427.11
-1316643.59394
-1243260.60464
-1270834.52052
-1270093.50366
-1269532.61752
-1284448.55525
-1323396.56988
-1259463.67719
-1269858.86018
-1279885.54282
-1280779.39627
-1305646.75017
-1266294.76926
-1264248.16288
-1285387.60584
-1272334.97151
-1262194.71119
-1270586.4708
-1270171.82273
-1297205.49626
-1258982.60104
-1263207.85714
-1254816.3688
-1329824.25506
-1288712.63428
-1268282.45597
-1274722.87951
-1258173.87468
-1280666.38152
-1253805.61283
-1317275.46128
-1299360.67778
-1267137.6738
-1244210.82886
-1285779.49752
-1285989.6144
-1289353.42629
-1263420.36209
-1287654.95428
-1219656.54011
-1325992.02195
-1323939.53094
-1259535.02852
-1310143.87149
-1269657.35439
-1269256.23962
-1285122.15787
-1241263.57243
-1287521.71518
-1255112.0438
-1298166.05519
-1278588.69313
-1258516.97217
-1243472.38453
-1294827.28935
-1283082.75774
-1286710.58606
-1251046.85804
-1270620.18982
-1313506.62145
-1299106.57273
-1311681.1116
-1282647.77625
-1272864.10017
-1270224.15882
-1272447.11613
-1322552.78909
-1273123.66068
-1293350.25258
-1293513.21513
-1291719.25214
-1283698.08779
-1246965.3849
-1267471.33989
-1284581.75376
-1274996.42938
-1273365.18075
-1269194.85581
-1270648.41974
-1249793.34972
-1250926.86276
-1265869.21243
-1261350.5521
-1294501.48405
-1306346.86398
-1310812.11948
-1270570.08335
-1273524.10334
-1318576.48401
-1295385.10788
-1294887.02761
-1263680.69303
-1295325.01514
-1257296.64511
-1266051.12433
-1296438.7702
-1263627.45186
-1242587.5093
-1276616.01787
-1285602.65636
-1309544.59021
-1287115.6234
-1289765.21337
-1281047.38993
-1311027.53826
-1298583.50474
-1250173.79096
-1251065.68801
-1282703.94974
-1317065.5064
-1296204.29241
-1288908.92514
-1304247.6649
-1290337.07651
-1254410.07646
-1261685.68468
-1298024.54666
-1280968.61204
-1328764.95251
-1277273.3129
-1299362.52602
-1277710.30722
-1306465.6448
-1276571.53593
-1271127.12957
-1282979.10833
-1277704.39407
-1275730.90197
-1265678.78679
-1278460.07659
-1285490.73016
-1292889.00582
-1280876.76553
-1296390.14711
-1260916.73601
-1281479.13268
-1301025.3681
-1269702.95582
-1296431.75788
-1283211.6424
-1296618.37927
-1289908.01971
-1299683.50342
-1287659.03636
-1255686.05593
-1287678.49167
-1262502.27406
-1316469.81875
-1277160.49564
-1305646.05446
-1318176.49521
-1260583.21751
-1264875.91063
-1284622.37459
-1277771.38877
-1285338.60375
-1274027.17324
-1282665.60136
-1310222.99255
-1286298.45228
-1293714.02466
-1302128.78691
-1255170.14073
-1274395.42963
-1286266.35012
-1290895.87174
-1273716.12196
-1293629.36169
-1244568.17108
-1264212.70455
-1259637.26573
-1275961.17982
-1267531.94767
-1307801.88516
-1274707.17042
-1277550.32208
-1258578.98613
-1290995.51911
-1271571.26309
-1276457.62102
-1290080.82992
-1274112.74478
-1301499.47284
-1311438.23365
-1302421.74422
-1280171.75153
-1298140.27573
-1257918.42916
-1263654.83355
-1283203.95207
-1306991.57115
-1276615.88474
-1251445.10591
-1269876.4736
-1265212.68132
-1300283.24213
-1244655.1101
-1257185.16438
-1316275.91752
-1261377.09314
-1281072.21302
-1296180.13059
-1264132.09072
-1282968.6154
-1298641.31014
-1235979.45109
-1274665.33078
-1260428.21751
-1301936.99984
-1278789.4092
-1269821.99907
-1292803.95829
-1321247.44208
-1251231.13536
-1270822.532
-1274412.15128
-1293093.56714
-1295087.79856
-1308769.24084
-1282682.83244
-1304815.40673
-1285526.45164
-1248183.12134
-1297330.71811
-1296711.00186
-1287596.8095
-1315182.84397
-1305597.32508
-1262131.08329
-1285928.6789
-1289512.08136
-1270163.98638
-1250166.17854
-1247411.86964
-1234142.69994
-1257601.09906
-1304812.37335
-1277027.86827
-1329837.50238
-1278768.76949
-1259478.80094
-1262559.88606
-1289209.41354
-1312186.75384
-1253590.24449
-1289208.96338
-1282989.66556
-1303554.02698
-1236835.85371
-1278599.32467
-1312650.51112
-1290299.03283
-1300703.2262
-1258031.63738
-1282316.29781
-1302209.40547
-1243950.70215
-1263723.84313
-1300795.05452
-1234065.57736
-1297308.67139
-1303000.49715
-1323389.22237
-1269952.37996
-1267198.75702
-1311270.20244
-1247652.52755
-1297156.98089
-1242182.68209
-1293389.66262
-1283889.53819
-1308506.17966
-1280932.90044
-1237352.12987
-1289252.25203
-1292393.93573
-1219650.40244
-1269476.38362
-1281467.24641
-1296267.01924
-1315749.63661
-1281109.296
-1352725.6643
-1271427.57204
-1274876.53919
-1236637.96616
-1275187.87246
-1274348.77234
-1279666.24056
-1306927.60115
-1261108.53985
-1242614.54108
-1271446.07076
-1276672.69518
-1300316.62062
-1256988.61572
-1251534.87593
-1257928.23008
-1284294.2652
-1268045.86654
-1283085.20145
-1255234.53603
-1278070.24829
-1313943.67697
-1258702.85878
-1285089.02753
-1303428.81964
-1273954.06183
-1301957.77978
-1276519.39253
-1264884.79539
-1259104.32599
-1274823.78809
-1256698.50414
-1319638.21918
-1250400.99888
-1261100.8649
-1281696.0755
-1306725.04191
-1310571.51278
-1321424.75851
-1253537.80306
-1313540.60258
-1299657.68022
-1289080.61142
-1293470.24994
-1276260.53803
-1266344.07058
-1296214.06024
-1262393.41678
-1220539.26953
-1290084.91755
-1288568.50366
-1247719.66638
-1249798.13621
-1268882.90431
-1279887.09345
-1284592.43188
-1317336.49671
-1327823.51799
-1294109.43305
-1252853.02966
-1307633.36674
-1280575.56707
-1283204.20266
-1250763.51115
-1274531.84612
-1278343.47053
-1318370.68482
-1270668.92757
-1254410.7602
-1253569.89836
-1252544.62035
-1250841.4944
-1293130.33454
-1280733.71034
-1276934.90418
-1275270.14704
-1290336.67674
-1274145.4152
-1281779.87768
-1244344.11426
-1275660.23763
-1278530.25517
-1268324.95172
-1253136.73513
-1259454.30312
-1268889.66182
-1298017.61394
-1293715.3453
-1262604.14154
-1286936.81221
-1248307.65182
-1250712.95854
-1296700.73856
-1221185.76935
-1275382.65769
-1256917.58566
-1307047.16293
-1282772.68665
-1295600.21748
-1270542.8565
-1305950.4794
-1290483.90878
-1270280.98959
-1299260.41146
-1260878.65057
-1295149.34794
-1259399.35287
-1261918.97746
-1282007.14025
-1272186.76694
-1284741.61853
-1265074.95785
-1303903.86996
-1297068.35741
-1263821.41066
-1279420.83914
-1277365.09501
-1274059.55503
-1260592.00844
-1258606.51815
-1310100.98875
-1265100.94887
-1244409.86852
-1262906.89408
-1260300.64604
-1254449.44213
-1280543.94122
-1288079.44497
-1186810.39777
-1239194.94232
-1259948.09264
-1255246.75917
-1307166.47614
-1286071.31789
-1292297.27826
-1241535.12537
-1307194.97755
-1283844.41626
-1195460.81046
-1281223.69984
-1307240.83972
-1266010.99619
-1281636.15237
-1279400.96703
-1281614.64328
-1322610.6317
-1295659.12533
-1230958.40804
-1251112.65853
-1282827.79349
-1235051.23784
-1239208.4257
-1300518.83778
-1325739.46599
-1282158.87247
-1274842.74454
-1295582.39891
-1286586.78655
-1286195.82164
-1294686.01917
-1317930.80739
-1283882.71066
-1232875.59179
-1264480.77777
-1267769.27788
-1251891.74866
-1235095.11138
-1269062.24592
-1259670.58802
-1207352.61866
-1236912.49093
-1206556.33406
-1293788.53764
-1260149.92229
-1255955.92569
-1283605.83437
-1312545.71007
-1316342.23834
-1256508.82704
-1275945.66404
-1289893.88042
-1280240.57139
-1268842.16859
-1266115.75249
-1279161.47267
-1282752.04991
-1218699.15261
-1277496.42229
-1253121.35457
-1281425.64101
-1253956.8728
-1274456.17474
-1293884.91338
-1296663.04015
-1269406.3311
-1274792.63653
-1278363.16109
-1312165.27456
-1270538.40369
-1233286.3239
-1287425.22629
-1285948.23984
-1289295.36342
-1278364.75027
-1293313.40123
-1304825.89838
-1292891.51068
-1302994.14658
-1258821.38308
-1247391.70949
-1233385.91723
-1290585.19545
-1272344.28016
-1299153.32553
-1268344.92563
-1244422.70498
-1287871.12446
-1279425.08954
-1293297.2829
-1265307.74675
-1287640.89846
-1300344.55235
-1316258.84705
-1241581.55313
-1306975.32854
-1271907.02221
-1275861.1777
-1298193.51977
-1275117.13323
-1283310.30429
-1232997.23895
-1258823.91242
-1269668.97605
-1261515.99085
-1266880.07189
-1278254.63799
-1280347.98513
-1296691.42391
-1254494.541
-1207827.35904
-1326477.51103
-1288815.3756
-1291271.98607
-1202202.80044
-1310399.8203
-1226771.91797
-1247513.55285
-1254090.23199
-1307144.04669
-1289953.86954
-1211764.50398
-1282151.16455
-1260507.97451
-1280745.8991
-1291669.15356
-1287845.87039
-1265743.14728
-1291360.28448
-1311626.16112
-1296877.91747
-1299121.86261
-1292214.82436
-1232588.19718
-1236173.5084
-1290434.07904
-1278003.84855
-1281860.99071
-1272886.60721
-1304683.75617
-1274057.32227
-1256376.70062
-1283212.98384
-1298156.99615
-1302849.73053
-1246803.50503
-1293742.97844
-1304482.18537
-1295877.76027
-1270702.40287
-1245952.61523
-1275526.90168
-1268298.95321
-1276111.10838
-1270118.08202
-1272764.23902
-1253132.69691
-1322686.9337
-1305446.51372
-1299982.06087
-1231178.43409
-1301854.46257
-1255633.72159
-1293624.75139
-1294424.75641
-1294751.12514
-1310219.44514
-1296405.49594
-1263901.46847
-1209060.10963
-1304671.50918
-1267893.43461
-1290408.3905
-1268563.69189
-1310869.45609
-1306071.49434
-1237884.7413
-1290955.04161
-1234567.43366
-1291448.71382
-1269816.30974
-1229793.16177
-1279052.31414
-1297836.90723
-1284825.02209
-1288853.92301
-1308630.60295
-1299684.90884
-1283920.77354
-1258782.96052
-1264957.02286
-1283226.36369
-1279123.29332
-1292414.23644
-1280927.93834
-1272593.34662
-1285825.24745
-1285380.67167
-1271706.26455
-1262492.07133
-1245625.14441
-1292101.20343
-1271316.68572
-1313217.34275
-1305642.152
-1250989.61965
-1266777.9108
-1265719.26687
-1288994.64806
-1261645.38298
-1225715.65321
-1258386.06505
-1295271.52437
-1278736.01057
-1274722.82089
-1259194.86061
-1301494.36893
-1296815.91728
-1242344.5285
-1237636.28685
-1268964.7994
-1239711.41103
-1281544.82034
-1307996.65914
-1291383.83711
-1248084.89644
-1275364.79902
-1273799.5037
-1276648.58995
-1289979.33459
-1244786.07047
-1315641.25905
-1281341.25645
-1258920.34992
-1297670.13127
-1269138.98766
-1274569.50575
-1287882.83211
-1294169.86969
-1289852.88446
-1279240.72321
-1313863.3018
-1290996.72027
-1310128.22876
-1243145.15563
-1246134.19598
-1275061.78187
-1272728.48012
-1292203.03245
-1298969.24091
-1245226.95031
-1304619.57996
-1293532.3772
-1269683.10458
-1275967.9608
-1304260.16735
-1310318.89947
-1282048.86243
-1259347.84672
-1264858.79581
-1268013.92302
-1284146.21121
-1257768.99917
-1276016.96309
-1269541.64415
-1278249.77898
-1276915.92643
-1305563.28947
-1311408.23424
-1253613.07883
-1305976.37968
-1288098.79073
-1301581.77094
-1254714.40417
-1273784.57509
-1297043.92794
-1254535.42325
-1294357.49684
-1239632.87115
-1270911.49849
-1301878.21058
-1294128.98661
-1280694.56885
-1287647.16213
-1271938.33806
-1255610.34383
-1309418.66855
-1312409.79448
-1334540.89968
-1287771.07017
-1258793.92461
-1276200.2637
-1259530.7736
-1326569.05101
-1291251.09351
-1268629.58801
-1284724.20998
-1254169.91589
-1292147.76303
-1315168.91036
-1315993.69223
-1293522.00371
-1261157.96207
-1326613.96573
-1233313.96598
-1266452.16951
-1296512.49464
-1274510.34709
-1305476.87956
-1299154.72583
-1272491.85787
-1278153.22715
-1282705.55295
-1292777.8068
-1288224.52134
-1270381.68716
-1288246.12568
-1302257.79625
-1273934.48274
-1287433.46618
-1254913.61183
-1288060.75682
-1270046.03105
-1288092.78063
-1264568.40353
-1266021.94355
-1284645.49819
-1303336.22602
-1297756.2387
-1282807.58462
-1284757.46787
-1299786.39675
-1295129.10044
-1270603.69985
-1289236.46625
-1265541.74775
-1262718.75457
-1266556.22282
-1245254.96573
-1258595.37158
-1278857.0786
-1268574.37134
-1264119.79155
-1277319.31686
-1293602.30004
-1239894.48722
-1281437.33239
-1301211.54227
-1277465.17425
-1263098.43246
-1274727.83165
-1284940.66008
-1260930.29551
-1279174.97393
-1278202.0804
-1288913.42924
-1249712.52935
-1280247.98401
-1279609.99543
-1248380.91699
-1250521.88468
-1314699.25134
-1265107.86007
-1247218.5325
-1254288.64983
-1289752.37403
-1312068.73783
-1284851.20532
-1316132.00008
-1318593.91153
-1294990.74363
-1300102.6082
-1269068.02528
-1272160.11286
-1301829.41546
-1222586.82656
-1243858.72804
-1283929.48395
-1268060.37162
-1278823.24833
-1277738.32798
-1267521.37407
-1278722.49547
-1250594.06179
-1232551.25614
-1314856.09082
-1301324.66136
-1290616.81866
-1295424.79596
-1319679.33387
-1233810.52964
-1276546.30347
-1303360.97591
-1289572.8676
-1311589.77284
-1247297.18444
-1275350.32022
-1275876.60738
-1267977.8991
-1272904.96712
-1241274.46304
-1248295.51271
-1269927.37525
-1275145.58743
-1271486.12357
-1257654.00631
-1281387.93047
-1300267.69905
-1284046.36192
-1267412.58728
-1288879.10332
-1328440.31103
-1262531.04313
-1302555.15319
-1308953.52073
-1293460.02121
-1302364.00932
-1289465.1356
-1260039.00134
-1289080.48524
-1306091.35889
-1276214.65676
-1304706.12768
-1265846.77737
-1258254.02032
-1275278.71481
-1273668.33249
-1273927.682
-1276653.42091
-1279314.81119
-1263073.90116
-1278142.76949
-1303635.01531
-1256558.08414
-1250755.47689
-1252638.87906
-1264970.70296
-1301265.4893
-1257869.52969
-1267399.42041
-1241110.81788
-1263067.08747
-1239499.49276
-1295046.44214
-1267649.15182
-1243513.97269
-1248019.13852
-1312552.20822
-1299285.43672
-1289626.19668
-1265113.5374
-1278443.20585
-1277632.63736
-1261066.00794
-1292096.68068
-1262322.39234
-1262653.04908
-1250651.28242
-1260379.31592
-1270566.19031
-1260101.15862
-1267970.09628
-1276669.45968
-1291384.74548
-1251815.74674
-1259045.95089
-1291026.20908
-1268762.09029
-1288909.20462
-1298301.59901
-1251904.91787
-1279939.16057
-1302990.30873
-1299677.72336
-1258428.06766
-1256049.82824
-1280899.59038
-1296138.94295
-1256415.10042
-1289150.51235
-1259474.27164
-1302898.97413
-1310453.16967
-1288822.02539
-1259357.51032
-1297752.45318
-1278381.8395
-1287528.23509
-1266487.99185
-1293563.1152
-1285973.69475
-1283324.83217
-1255579.71131
-1277809.43562
-1286032.56099
-1317253.22983
-1292726.78185
-1282706.8019
-1273692.67572
-1283880.1076
-1219131.75626
-1294067.15387
-1299882.86219
-1305864.84668
-1241976.08733
-1283370.96191
-1318479.05166
-1288420.42843
-1304942.61956
-1305274.4204
-1261655.6364
-1295975.80598
-1271193.25658
-1285933.38746
-1239281.64929
-1237272.52494
-1267650.12248
-1271668.42514
-1282649.35941
-1244578.22515
-1244040.44391
-1283015.02326
-1277931.5355
-1316095.35037
-1266862.88236
-1283779.29543
-1311299.96071
-1297066.89158
-1236087.46929
-1255573.9411
-1273049.28875
-1292585.36414
-1293538.98799
-1310722.27586
-1259984.09106
-1248836.44214
-1298940.72116
-1251203.56945
-1306847.18504
-1259589.77379
-1263462.55384
-1291598.47764
-1277452.22366
-1284514.8712
-1251284.52082
-1268762.31753
-1306219.78328
-1316956.15554
-1299056.86118
-1307722.44162
-1278482.21279
-1282854.48069
-1274608.9873
-1271592.57082
-1253616.19608
-1293614.54947
-1279496.46548
-1266349.49374
-1299275.4795
-1295527.16024
-1282329.60504
-1270210.02408
-1260021.85858
-1296718.1653
-1235770.41046
-1269862.60407
-1288046.31089
-1312096.49519
-1296566.67568
-1280555.92682
-1294567.92082
-1321044.34938
-1333007.81172
-1264281.52658
-1256457.18477
-1235973.18525
-1261680.17005
-1293084.82516
-1303105.60877
-1299653.56937
-1253106.32842
-1254303.17734
-1246615.90528
-1242747.04947
-1296123.46777
-1252931.22581
-1270085.31809
-1325415.47691
-1272697.77933
-1287393.94909
-1294273.13299
-1301336.4401
-1318862.44905
-1249819.14684
-1263251.32907
-1270947.37319
-1287380.19597
-1294238.71302
-1285509.45247
-1282097.61453
-1262507.37272
-1317686.07049
-1267641.65671
-1224161.90282
-1274698.55462
-1264600.14672
-1285679.63392
-1302764.84684
-1257272.10571
-1276334.40258
-1278219.0639
-1267525.43206
-1306137.63607
-1272293.24519
-1245974.89379
-1268540.75819
-1297491.64538
-1315101.75421
-1305208.05609
-1282368.72416
-1250644.68919
-1231317.20341
-1264061.60129
-1309489.31885
-1270660.69764
-1247919.23433
-1326908.82141
-1304013.74396
-1313117.91067
-1243446.66221
-1245045.7659
-1314844.79992
-1282149.94164
-1273005.91796
-1293880.88847
-1246446.23372
-1283156.94896
-1286426.1739
-1305045.98189
-1275760.55455
-1255807.51957
-1273352.04602
-1252777.01145
-1283222.03776
-1276832.85281
-1237722.78798
-1274994.29573
-1242553.2602
-1295107.26995
-1278933.43328
-1261950.29809
-1316685.71702
-1275358.20786
-1275296.22234
-1276083.54269
-1268479.64402
-1270964.72381
-1285165.73289
-1267669.63076
-1286277.04576
-1269532.64009
-1268447.53862
-1315784.93435
-1304008.14342
-1277276.3138
-1278167.31148
-1312382.02844
-1281624.34592
-1245246.22073
-1270324.68754
-1283408.59168
-1288057.72044
-1280303.88799
-1298363.61834
-1264523.67113
-1243311.36991
-1279812.76033
-1311643.91864
-1270148.51764
-1288057.04478
-1294210.68625
-1257152.21501
-1229285.20059
-1281698.74193
-1292538.53778
-1252748.94453
-1270142.55084
-1292148.08394
-1288260.6202
-1254336.08692
-1263777.94657
-1273335.46089
-1267743.84153
-1262681.02465
-1267305.88193
-1255573.08405
-1302381.51261
-1276798.49306
-1239719.30986
-1291139.82153
-1270432.14772
-1305186.03465
-1276671.50372
-1268551.02258
-1302150.31546
-1251055.51881
-1294491.21841
-1280473.34806
-1332698.8964
-1270643.8426
-1261917.04069
-1272147.28049
-1283521.09947
-1325221.65863
-1249154.85411
-1254610.12415
-1273340.76047
-1284895.81268
-1277449.81269
-1238888.83046
-1256489.72101
-1300437.03905
-1312119.94957
-1291298.64296
-1299677.51824
-1226116.66121
-1295760.16473
-1263736.63207
-1302374.96792
-1292297.61687
-1237527.73476
-1276467.34464
-1278692.65518
-1269476.53168
-1265228.31942
-1293468.62716
-1296564.72536
-1282055.17625
-1295205.4352
-1285165.26534
-1296705.28526
-1285407.30666
-1250508.89994
-1270905.06674
-1257739.22108
-1264555.64114
-1299649.18375
-1283422.1047
-1320136.76285
-1262876.11814
-1264820.48387
-1300065.51397
-1306778.62639
-1321182.60519
-1238915.59047
-1269511.64674
-1318888.99808
-1272583.02773
-1315355.82498
-1259550.41815
-1260419.05205
-1267952.42877
-1287480.69355
-1313555.0556
-1267850.25023
-1272427.48693
-1286665.85939
-1298533.73322
-1279407.76181
-1276219.4921
-1243631.71376
-1317311.44996
-1271623.694
-1261781.76794
-1293799.856
-1321824.93882
-1298002.06006
-1281934.01368
-1303011.67333
-1279769.08222
-1279591.73979
-1290066.62221
-1287626.42323
-1304551.87771
-1262590.72413
-1273533.25849
-1287805.50707
-1296433.1065
-1266049.81907
-1305707.81267
-1274588.14163
-1290873.56232
-1266914.33218
-1260530.8579
-1286168.93327
-1311133.91912
-1287701.25619
-1270416.90228
-1275237.31901
-1270889.09185
-1279792.66244
-1219015.92589
-1247885.89837
-1304378.683
-1264454.82271
-1260151.17971
-1290789.03928
-1265124.90473
-1262624.27719
-1292432.75095
-1271249.80724
-1313110.07477
-1254291.60168
-1261445.97201
-1261976.37262
-1309669.26015
-1272960.83069
-1234415.49565
-1276512.54425
-1232644.22596
-1246750.31715
-1239837.32421
-1265796.32322
-1279495.50063
-1265224.71411
-1303716.40912
-1280722.31061
-1277452.16387
-1264973.78876
-1288652.58566
-1293074.98093
-1308936.88436
-1272720.84857
-1244564.7578
-1293088.05776
-1272675.53661
-1251376.7042
-1286135.17424
-1255359.54399
-1279780.8772
-1310151.98013
-1261340.73522
-1262300.59573
-1275135.20501
-1255755.73424
-1238385.85452
-1298007.56909
-1264604.54799
-1283966.06558
-1291553.76694
-1277263.83233
-1295381.71202
-1286826.06542
-1267637.30827
-1245807.8116
-1289249.76406
-1312098.88315
-1267537.32977
-1283548.72252
-1253031.63841
-1287614.75761
-1230120.96927
-1230841.4384
-1303925.05688
-1308305.46778
-1277502.44227
-1289493.1892
-1294049.26635
-1276532.1035
-1268250.08152
-1225218.45468
-1289346.24023
-1281114.24912
-1305426.27809
-1242849.26789
-1285393.6016
-1282818.88091
-1282379.94817
-1307346.77107
-1278221.4594
-1234683.9523
-1293448.9421
-1264696.38323
-1279418.26245
-1258014.53351
-1299216.52388
-1274473.6717
-1319513.19885
-1268794.87381
-1275314.75759
-1274495.31261
-1307610.01245
-1339456.04952
-1311156.90352
-1231709.32369
-1245724.32413
-1301196.76983
-1271434.1938
-1266812.03461
-1228341.71413
-1266587.99584
-1289244.2221
-1285006.34377
-1306341.68739
-1275612.07394
-1282864.55803
-1241833.71577
-1280700.89057
-1304768.37176
-1256965.61318
-1238963.427
-1279216.72311
-1313496.26479
-1279213.49599
-1260070.06188
-1264809.49596
-1264137.2268
-1275319.95148
-1281408.50788
-1322744.83676
-1258370.32206
-1285295.47955
-1275430.82067
-1302779.94999
-1289737.6236
-1261143.22136
-1271468.84243
-1308775.70115
-1240692.05937
-1236996.13222
-1190281.00632
-1311877.37572
-1291504.77007
-1285143.61163
-1251732.97299
-1291700.4561
-1285934.56854
-1287154.82575
-1278195.17341
-1248900.56046
-1278575.77994
-1258794.45924
-1277774.17593
-1308845.58261
-1309244.23219
-1251723.16493
-1299923.95186
-1298832.80872
-1269010.81573
-1286391.87727
-1240815.88637
-1278327.65775
-1264489.98057
-1283214.94342
-1249647.41548
-1297804.04007
-1269651.04762
-1319442.89264
-1290413.86433
-1286360.93402
-1275534.81353
-1271949.98994
-1303523.70657
-1292227.65943
-1283293.54638
-1268444.4067
-1264137.64798
-1278749.42446
-1295464.21938
-1269758.74582
-1210715.3131
-1285056.2826
-1299179.42043
-1244819.20469
-1271963.74953
-1282806.67477
-1271793.44915
-1301209.83497
-1280593.50173
-1304210.02407
-1286063.89156
-1232789.202
-1263694.70549
-1319297.11559
-1267023.25054
-1280820.86074
-1319801.48704
-1304306.05763
-1290305.84702
-1273373.49185
-1268921.04065
-1284141.19298
-1310442.35823
-1269670.97306
-1254516.9392
-1271194.30298
-1261890.32275
-1296287.91164
-1238614.52307
-1309074.80512
-1265131.15223
-1282061.56289
-1256383.53033
-1285854.08158
-1292332.52502
-1283561.76103
-1267444.79109
-1294294.91197
-1282303.17025
-1291172.51196
-1275813.37077
-1313134.72119
-1277005.75822
-1276034.30667
-1266385.81362
-1268051.24444
-1289332.4605
-1323828.078
-1287194.74902
-1274648.67521
-1299077.13996
-1277690.93833
-1287791.40989
-1325363.99522
-1248777.76308
-1273393.58068
-1263787.7925
-1307547.5178
-1255050.09379
-1298455.0466
-1318188.30909
-1306075.66526
-1229088.28248
-1261365.14744
-1297243.15754
-1308144.46167
-1261377.15168
-1305531.74232
-1230145.54202
-1286097.46887
-1285684.51908
-1257873.73563
-1283248.83717
-1297310.42307
-1249569.29932
-1248336.577
-1293518.0541
-1272695.06808
-1288136.72741
-1304242.08484
-1320512.40117
-1297045.91078
-1268179.44106
-1272553.59121
-1269406.87487
-1300289.24415
-1306466.01936
-1305724.74227
-1263844.48926
-1313758.01853
-1306433.49133
-1247834.60359
-1258649.16095
-1262242.14624
-1265806.45857
-1280019.76785
-1287113.78524
-1271344.054
-1260192.07097
-1276430.74896
-1290027.23112
-1326770.00253
-1255302.50852
-1306213.13727
-1251438.4927
-1280123.15617
-1302340.95354
-1316023.9796
-1246855.9927
-1283965.1544
-1295169.82964
-1236408.9762
-1289095.90528
-1268296.18091
-1298720.21992
-1267070.86774
-1260209.17326
-1302760.85249
-1251449.03273
-1245123.11454
-1287127.23454
-1311137.62415
-1306910.79947
-1273872.48396
-1273645.23875
-1266095.97184
-1293229.80079
-1299521.53131
-1286610.91233
-1312674.70157
-1301949.0048
-1254968.94275
-1246420.55621
-1286526.9367
-1305077.01855
-1238615.44534
-1326554.73647
-1260189.85191
-1307985.25889
-1289115.11396
-1257432.09107
-1288093.44066
-1272650.48849
-1294024.80473
-1276532.75218
-1303989.09446
-1286890.77538
-1272295.65639
-1281913.20427
-1292495.62658
-1257514.97035
-1203643.41457
-1274070.369
-1297892.18438
-1314153.8802
-1276969.35773
-1283244.44663
-1298017.5871
-1278977.21507
-1247669.8926
-1209393.60394
-1285112.55048
-1289188.73381
-1303661.04772
-1280484.24207
-1296394.27163
-1274965.20865
-1316314.70719
-1267843.07536
-1272617.938
-1237115.19723
-1249561.99025
-1266666.94177
-1274513.41856
-1261918.86179
-1255976.8786
-1302414.60862
-1267568.18492
-1299294.50529
-1298586.2843
-1278571.05213
-1278168.53491
-1276191.06009
-1290538.47266
-1269676.0061
-1297312.52596
-1275138.84155
-1286073.38812
-1297185.50668
-1305224.30389
-1278769.15611
-1284477.30574
-1231247.36627
-1277037.11164
-1275954.87445
-1272783.86092
-1282090.78719
-1300672.98318
-1276390.27214
-1269946.79316
-1267351.12853
-1302754.61325
-1274655.0
-1301406.92452
-1229756.24118
-1285430.00379
-1303318.07434
-1268898.66485
-1262645.32647
-1307644.74381
-1261044.3021
-1289738.33846
-1258532.08586
-1290080.88068
-1254009.46958
-1252579.19543
-1281802.70212
-1290027.00339
-1290894.61061
-1307397.43288
-1287078.75658
-1301035.49343
-1274087.41003
-1304054.46252
-1231821.66387
-1230296.46405
-1286120.1557
-1319017.55876
-1268286.39821
-1249700.35368
-1293992.42733
-1244921.58746
-1279033.04506
-1308361.77478
-1297299.1832
-1301858.85819
-1275819.65156
-1293578.89305
-1289953.31151
-1280093.83658
-1278713.93018
-1296818.82025
-1280292.38315
-1279137.21575
-1252728.26539
-1283875.92706
-1307099.60211
-1305232.00447
-1234809.6788
-1299612.02201
-1244544.38748
-1283092.90809
-1278516.13086
-1265157.91022
-1333613.17329
-1253768.98317
-1281661.86853
-1293821.87699
-1312829.00534
-1289985.54406
-1290379.93258
-1301415.3511
-1315985.30637
-1255499.94966
-1288441.4306
-1278553.99549
-1265904.63353
-1287415.36572
-1282185.76715
-1293099.9357
-1262806.59793
-1255726.52722
-1294633.38669
-1266902.1237
-1257890.2706
-1226016.85929
-1294827.51404
-1277271.4118
-1282361.36407
-1295352.16843
-1247153.34725
-1297250.31567
-1288710.80573
-1288119.69808
-1278327.24432
-1234515.38413
-1265381.35821
-1299246.25583
-1238994.29412
-1300907.48106
-1266011.50533
-1279911.11513
-1287212.06851
-1278502.47044
-1242433.02832
-1286198.25421
-1295993.55919
-1268819.64427
-1301089.80207
-1282640.77924
-1276991.03952
-1293458.74931
-1284602.15068
-1276632.02352
-1250529.15519
-1279286.95068
-1255701.70092
-1299853.28244
-1274209.84074
-1270238.58005
-1256999.55281
-1291436.27271
-1245054.94843
-1264718.36282
-1293960.45764
-1278932.88917
-1300821.9287
-1299347.6521
-1291988.78001
-1268925.80193
-1244828.4913
-1316141.45648
-1303268.83527
-1259296.72348
-1266073.52142
-1269057.68927
-1262736.56776
-1302380.21119
-1261885.94437
-1290226.46828
-1225362.82096
-1318078.69612
-1261722.22298
-1253582.96669
-1304078.24306
-1269696.46557
-1258471.76587
-1276333.86737
-1307750.20286
-1312468.92128
-1290285.66538
-1298079.81511
-1302097.28515
-1270028.01144
-1268058.28102
-1268144.96425
-1293968.48578
-1295105.23562
-1252998.02742
-1292605.77626
-1248091.25463
-1277124.91814
-1277367.89657
-1276738.02859
-1273188.07542
-1277460.00862
-1293223.17115
-1313733.66394
-1320183.88667
-1266189.53476
-1289484.0564
-1318160.49952
-1295189.81823
-1268555.92077
-1260610.54466
-1258795.25011
-1275365.29153
-1274253.08998
-1236023.02896
-1325425.10882
-1250958.0799
-1307519.62212
-1292984.81928
-1304792.89994
-1288516.18004
-1269696.10022
-1304531.7631
-1281853.8462
-1276283.79085
-1245291.8538
-1303889.66699
-1276950.02527
-1293072.85956
-1283936.98402
-1283297.25523
-1242940.07949
-1305993.68257
-1303245.09379
-1278957.77014
-1284212.7499
-1258750.85347
-1288078.41105
-1258632.75559
-1247957.88863
-1257887.01139
-1294561.63074
-1327180.6506
-1281409.27826
-1276333.31273
-1249290.68989
-1245008.14101
-1261323.73675
-1258812.9684
-1288277.06333
-1234943.87521
-1289257.29417
-1294072.32073
-1264687.38135
-1262160.36091
-1296042.8786
-1286178.97269
-1279994.04119
-1271725.47689
-1282159.20271
-1307804.03739
-1250548.68678
-1300211.62791
-1283636.22229
-1259055.72498
-1318924.47412
-1268008.74178
-1289193.01309
-1289583.66894
-1295883.52517
-1292393.38209
-1285389.4334
-1295227.46111
-1282491.96915
-1237448.45282
-1246835.24307
-1284391.91915
-1282893.72339
-1301971.05985
-1305494.36399
-1222406.40669
-1249329.86697
-1278002.39452
-1325716.10148
-1272355.40811
-1270585.48495
-1235620.56363
-1289107.34593
-1291741.51706
-1268296.26755
-1278456.06162
-1277565.10959
-1285178.73412
-1313087.0563
-1330271.38963
-1278220.80929
-1266289.51678
-1266484.57176
-1241171.23097
-1332031.98548
-1272915.05437
-1289645.19599
-1259618.88451
-1296077.83471
-1303435.78332
-1293954.54891
-1279899.35438
-1296009.99366
-1247718.83028
-1283945.75123
-1245999.36491
-1232003.8658
-1283652.73237
-1300141.35193
-1290405.76145
-1300525.20933
-1254264.98575
-1294241.87721
-1271175.18418
-1302384.51874
-1268662.63734
-1277869.99809
-1289434.27734
-1297420.76548
-1284428.59761
-1286914.09747
-1261873.73812
-1311859.96275
-1308044.27033
-1255852.58073
-1224389.98061
-1283443.7448
-1306614.836
-1296947.92383
-1298838.98534
-1312456.78342
-1295630.58613
-1269225.44954
-1266195.11911
-1275425.86817
-1262792.93957
-1231599.68589
-1320548.92525
-1312304.44619
-1277743.15789
-1293719.65385
-1289009.30961
-1281856.16706
-1272289.06952
-1295383.52582
-1257519.25665
-1282647.40992
-1302350.43816
-1289384.29873
-1308100.64667
-1301785.05859
-1273849.89237
-1234995.05218
-1246017.50733
-1243752.26715
-1251824.52952
-1293646.85341
-1257722.52408
-1278617.88837
-1288796.36759
-1292981.41776
-1246288.97025
-1306124.54939
-1295946.54946
-1287968.02347
-1282952.63949
-1281761.52743
-1284562.70371
-1287594.80441
-1271316.47179
-1291555.01003
-1246816.57591
-1262997.32202
-1239393.97807
-1287882.20504
-1258667.39709
-1291120.86241
-1255817.85293
-1290449.81793
-1296579.98186
-1305103.00541
-1280051.06149
-1293758.29758
-1310962.40066
-1279669.81097
-1288971.35239
-1269484.7738
-1284944.82756
-1306833.57646
-1314122.87908
-1322167.46992
-1237318.46722
-1282560.6179
-1315318.77574
-1276635.83323
-1239603.10755
-1258119.94348
-1276404.22217
-1286858.76324
-1267425.05819
-1283293.27563
-1239342.60331
-1266889.37621
-1316948.604
-1292130.59706
-1268353.25091
-1280017.18275
-1305031.65228
-1289025.63621
-1330765.28653
-1312594.41541
-1288825.99145
-1277320.41543
-1247110.41415
-1273904.2816
-1294379.7339
-1258683.17408
-1280896.84008
-1265696.38909
-1272592.64821
-1277222.28951
-1267970.06479
-1301503.1379
-1286584.45776
-1279811.95428
-1280419.00309
-1261824.17735
-1268392.8092
-1304235.59177
-1301242.49855
-1292015.69131
-1265693.52783
-1308949.74962
-1266728.22608
-1295722.61772
-1283457.65226
-1298233.80215
-1272747.56163
-1255411.34593
-1259937.36933
-1257054.11806
-1242290.88179
-1296477.48942
-1292096.58612
-1265190.65649
-1305208.6269
-1288789.6316
-1293686.45448
-1288495.46914
-1280423.4099
-1276189.06974
-1264392.31608
-1237222.89315
-1262229.38287
-1285932.91579
-1264217.88018
-1263603.53849
-1273839.74009
-1289102.55163
-1307283.68068
-1287784.28572
-1282833.9247
-1253477.9774
-1293779.56718
-1284212.77817
-1275090.77738
-1292130.37573
-1321979.37161
-1307649.49036
-1257604.93867
-1236332.54466
-1295263.47211
-1257514.61428
-1248204.51301
-1265717.05912
-1292505.21745
-1292988.85301
-1297911.52712
-1297394.14195
-1282770.06884
-1278568.25607
-1233043.71299
-1310945.99737
-1246766.89083
-1287984.33341
-1306177.4814
-1273759.39302
-1272540.75066
-1302725.95199
-1286284.54613
-1265700.80005
-1286796.21329
-1278638.13623
-1252158.83648
-1300073.67639
-1216509.53874
-1249960.1625
-1308621.9778
-1279116.15947
-1300149.50518
-1271151.5501
-1274361.60147
-1282655.73337
-1295562.16269
-1260689.89581
-1298027.71398
-1289203.45032
-1274110.91274
-1321137.8689
-1286126.65114
-1283701.86523
-1285062.34399
-1261934.98172
-1267753.148
-1269974.73196
-1263617.67733
-1308622.59505
-1286862.05432
-1290443.99692
-1272208.0947
-1274006.09248
-1260214.27697
-1285610.8456
-1283714.42739
-1263212.60007
-1297306.22622
-1283669.23149
-1282191.31864
-1315812.08897
-1311105.48085
-1276027.57484
-1290172.65925
-1239536.58854
-1306658.90562
-1283416.53236
-1237508.13004
-1257125.11723
-1293224.22811
-1311858.5032
-1286978.33996
-1270301.6286
-1236844.08886
-1303364.41065
-1282310.4827
-1265057.04657
-1230948.48466
-1272962.88681
-1321972.80834
-1309351.07208
-1291580.91614
-1325187.83808
-1270929.71648
-1256627.52565
-1291799.05555
-1275796.72354
-1226414.80761
-1269869.61428
-1276722.9725
-1289322.46863
-1305941.44669
-1301439.91169
-1286883.32222
-1295858.10347
-1265618.73922
-1262394.78916
-1256499.40914
-1224284.96728
-1274375.21907
-1285565.96864
-1298753.39585
-1298230.07305
-1283625.98787
-1263286.63825
-1254315.87097
-1240727.1602
-1269720.71836
-1227045.84193
-1288824.72603
-1258452.95863
-1273407.43618
-1252093.8954
-1285216.63348
-1316120.71582
-1287651.82679
-1250231.17965
-1276838.4938
-1251631.93019
-1326473.71869
-1292812.69686
-1314621.98476
-1337036.13322
-1288253.48803
-1236439.16399
-1285138.44876
-1275613.81892
-1284013.43674
-1294209.93213
-1277524.67154
-1302161.55372
-1276127.65794
-1252928.43774
-1284170.81726
-1332132.24131
-1310871.41812
-1260294.1459
-1265689.76611
-1272324.41496
-1292988.06749
-1302254.62571
-1260145.67131
-1278844.33906
-1241309.01861
-1272420.63534
-1331604.26804
-1297297.5737
-1297957.66425
-1243347.59339
-1264254.30655
-1308776.49851
-1306256.20899
-1264410.06589
-1267932.71819
-1283001.18535
-1291588.31712
-1280565.93055
-1255117.91825
-1261354.99152
-1282175.25953
-1291305.78205
-1269768.44931
-1308340.2085
-1249836.89685
-1295828.02862
-1225572.84976
-1268854.30162
-1282356.30185
-1251763.92876
-1322335.57894
-1302031.23735
-1263917.55909
-1305382.95204
-1267066.08582
-1292893.87319
-1313718.18953
-1294439.68263
-1287534.38715
-1269853.36518
-1286819.21819
-1266408.80515
-1264637.54938
-1311375.74164
-1277392.50656
-1291980.61108
-1213361.87626
-1271042.6631
-1232743.8484
-1225587.70661
-1305517.09783
-1275573.93015
-1269187.98794
-1273038.36931
-1247847.22589
-1304458.78289
-1271230.10604
-1247915.29008
-1297409.22824
-1297997.37245
-1295909.76937
-1270341.38405
-1298177.18477
-1289761.04731
-1266600.22605
-1294608.55305
-1269489.67687
-1298548.63414
-1287128.43455
-1222647.66111
-1270024.52413
-1283149.53517
-1281496.11079
-1238077.52138
-1270878.15827
-1264288.00926
-1296512.16733
-1300146.12536
-1283067.86169
-1262688.42121
-1282927.65733
-1269773.30867
-1300538.26127
-1300314.57356
-1268050.9517
-1253821.96332
-1267230.59089
-1294668.91761
-1285549.06007
-1265629.35046
-1280610.87976
-1276680.47797
-1298922.25894
-1257251.24562
-1241223.20686
-1305696.44588
-1305530.54722
-1287934.51099
-1244624.62745
-1285837.71371
-1263328.63509
-1303536.90185
-1304527.99824
-1313077.45369
-1279246.04182
-1241919.59649
-1263588.87527
-1242669.55297
-1282058.59053
-1260554.94748
-1240846.91299
-1305837.47242
-1302732.68521
-1256052.71034
-1253505.87959
-1295665.21714
-1275047.7139
-1312256.80799
-1261420.58828
-1249442.61224
-1274326.2919
-1294188.7031
-1280476.11847
-1285079.72949
-1243095.00536
-1286105.83478
-1297952.192
-1279669.42018
-1290355.16145
-1293965.50351
-1291154.70273
-1295094.93122
-1305096.56633
-1223831.23864
-1240087.20906
-1289106.25295
-1278291.95269
-1257120.52736
-1273958.72145
-1274707.09888
-1307522.64259
-1296620.5469
-1282437.53518
-1308417.47699
-1263243.29347
-1266353.47709
-1275102.86779
-1307829.79519
-1280928.433
-1304579.83723
-1269710.70419
-1293877.53339
-1303397.64759
-1285379.36743
-1274409.91093
-1286872.89831
-1299522.61696
-1265119.97046
-1242306.35195
-1261650.31555
-1306478.07448
-1285110.85467
-1283177.36898
-1292734.5639
-1221773.32373
-1308368.56923
-1269632.26766
-1256404.31926
-1213733.87813
-1280706.29208
-1298452.95353
-1314425.78752
-1301142.1102
-1282390.41951
-1304664.12497
-1319495.35878
-1302019.59708
-1333986.35346
-1271087.84207
-1281871.47433
-1312714.35044
-1274949.80889
-1279938.80928
-1303295.31049
-1278966.22215
-1268059.78862
-1252571.22054
-1295455.40894
-1247377.20894
-1283727.71084
-1271197.0544
-1253321.4684
-1261211.73066
-1293719.68131
-1263273.19053
-1326760.56422
-1304786.23807
-1297413.04826
-1277122.55426
-1275240.71307
-1296568.43358
-1300312.45282
-1284951.13205
-1306935.50289
-1280872.0376
-1292872.64918
-1243539.42439
-1287887.5982
-1303090.90428
-1263748.37674
-1284202.78749
-1292012.65588
-1245145.76824
-1274123.43962
-1265149.02042
-1292192.72127
-1314329.29703
-1256841.33511
-1250929.84344
-1266927.37231
-1277106.64787
-1302207.903
-1305418.91368
-1323707.07869
-1235205.85594
-1301457.68277
-1264258.35082
-1276410.63615
-1263888.79323
-1290589.51419
-1291614.00559
-1295185.30934
-1276068.40825
-1270827.30549
-1256030.98803
-1274766.27752
-1310998.06147
-1281226.54123
-1307583.07647
-1243045.1582
-1334097.25056
-1314772.07841
-1268030.44805
-1304939.73727
-1231543.77414
-1269758.50737
-1327924.61252
-1300893.77071
-1242099.16955
-1302121.00058
-1300029.63182
-1299923.26637
-1323994.8996
-1261059.05841
-1248593.21327
-1261714.69668
-1284052.39518
-1287823.77316
-1277284.98813
-1256313.79455
-1302594.34588
-1256454.78737
-1315581.33195
-1288076.97261
-1262338.47377
-1274771.19909
-1260525.87366
-1272211.38213
-1243385.22484
-1263456.71493
-1304661.86927
-1273442.32405
-1263155.91702
-1312999.40434
-1215566.45323
-1281914.66068
-1294983.65309
-1288114.8023
-1263310.59502
-1289409.07918
-1270006.68004
-1262793.91268
-1319002.37808
-1298126.05333
-1220376.52569
-1278906.65192
-1304535.18339
-1278702.75922
-1317626.21087
-1259399.51802
-1313200.35283
-1266809.70467
-1290739.43904
-1261174.96923
-1265975.79372
-1313689.3387
-1289082.5062
-1316316.56648
-1311337.90374
-1309954.30972
-1260558.48377
-1276090.47826
-1294273.96449
-1296727.54858
-1280805.81769
-1284976.44568
-1244194.76837
-1273985.78232
-1251728.38039
-1264170.18085
-1289359.44419
-1284958.29513
-1276908.83384
-1300629.36099
-1270206.33065
-1279690.71953
-1273337.09757
-1246928.37425
-1307022.99923
-1270065.99777
-1286787.15436
-1287815.61861
-1291821.65363
-1288086.4792
-1269068.62841
-1275780.32102
-1231595.75206
-1300647.69172
-1254310.49776
-1249637.31443
-1279028.91226
-1319275.10707
-1285645.93454
-1215663.42543
-1269956.33244
-1293048.77964
-1292066.52052
-1271065.95557
-1279503.48177
-1305113.16313
-1303694.17594
-1274700.98044
-1294852.53109
-1251913.47935
-1280157.50486
-1237289.0634
-1221967.41789
-1314239.20385
-1249846.58769
-1244175.01862
-1269973.94333
-1307375.21145
-1288758.23731
-1269809.74162
-1261016.76889
-1322391.14273
-1322488.04008
-1273298.38504
-1265536.64061
-1269871.40828
-1263473.04329
-1281334.46616
-1311698.56655
-1287624.0096
-1279356.5725
-1246127.78237
-1284806.79093
-1274983.80478
-1271902.11931
-1237071.17777
-1243788.58727
-1291682.00852
-1290019.35926
-1285752.2412
-1241103.04343
-1298459.07296
-1278961.54113
-1284258.63925
-1294508.48547
-1238819.18816
-1285724.06312
-1313787.33903
-1326003.61666
-1279895.33093
-1298490.35086
-1292738.58339
-1276678.32213
-1285980.4504
-1274499.40102
-1287269.42713
-1286320.69184
-1287438.00728
-1305106.76496
-1253689.58932
-1229679.90312
-1293690.4872
-1295291.94756
-1266942.86429
-1278389.77779
-1255666.93982
-1293128.62801
-1286510.01575
-1301463.92167
-1318609.30584
-1258471.35919
-1278806.08178
-1304597.89376
-1318209.60883
-1261412.50856
-1275913.55907
-1308676.82187
-1287142.76246
-1318443.67497
-1249650.83906
-1304339.37846
-1261141.74723
-1279698.31681
-1298609.74833
-1269047.88366
-1234406.87642
-1296345.22251
-1282106.17657
-1300758.50846
-1301778.23841
-1294001.32189
-1248010.38794
-1287737.07536
-1284945.21225
-1281820.37178
-1225409.13462
-1329985.69009
-1291416.97709
-1264299.90761
-1275157.55941
-1261436.62307
-1289965.95512
-1253886.29492
-1285846.44505
-1301129.88314
-1243738.3045
-1290315.61747
-1283211.89441
-1313161.24764
-1296118.00502
-1280600.87657
-1246183.58048
-1265349.20561
-1271871.65922
-1266163.87796
-1312227.16792
-1306260.30149
-1327049.04296
-1294845.62485
-1294841.86837
-1278902.71983
-1287516.17365
-1266063.2521
-1290949.24177
-1267457.50631
-1231604.22381
-1254960.37953
-1320413.6832
-1294981.35113
-1342113.23282
-1249211.26031
-1237047.46793
-1254725.04457
-1308575.65074
-1265903.21979
-1272738.1063
-1283103.27082
-1318577.89229
-1286928.98114
-1263711.95068
-1264433.38021
-1277867.53703
-1258922.72753
-1295122.63833
-1235341.80952
-1274892.12861
-1296762.39598
-1307134.37092
-1279694.32309
-1273805.56509
-1244636.79547
-1281610.1683
-1275404.11623
-1293122.7288
-1299054.13819
-1220216.31508
-1302363.62999
-1282991.0421
-1261549.92871
-1322754.70382
-1299225.65528
-1314399.23212
-1300484.91918
-1279346.28832
-1304186.34661
-1267251.95033
-1284796.30441
-1301488.8256
-1274576.81107
-1292401.72483
-1271391.25687
-1240019.0914
-1258661.21209
-1302991.9001
-1278237.57709
-1291579.92966
-1297524.47023
-1299665.88122
-1225935.87704
-1294203.92439
-1224164.36549
-1254224.50714
-1305241.30444
-1267423.7094
-1271634.92071
-1281810.21269
-1306576.62807
-1302258.13224
-1245419.1454
-1283254.88051
-1256148.6148
-1271006.11374
-1304537.35433
-1268248.19435
-1268538.04664
-1297413.92649
-1287830.02668
-1297062.52663
-1283896.69435
-1268698.43529
-1247969.24013
-1304270.84866
-1262769.59839
-1285125.25094
-1226808.74378
-1285663.99589
-1278179.25165
-1276346.17192
-1279107.9852
-1281915.47004
-1303489.78704
-1256021.90853
-1257231.19714
-1284881.33998
-1250995.78817
-1301909.18877
-1293116.80572
-1281531.4665
-1306915.29166
-1270793.74141
-1249323.27063
-1292523.13186
-1277102.22691
-1284822.72115
-1284535.74728
-1241863.32862
-1307899.3383
-1283134.35046
-1302142.95339
-1292626.56868
-1264181.27482
-1289303.61253
-1268850.23552
-1282034.2361
-1256438.93428
-1288075.8283
-1283921.05482
-1273938.30198
-1304601.09045
-1269907.12697
-1271764.85082
-1286805.77414
-1277171.78477
-1293213.49444
-1304423.67134
-1266214.40833
-1272288.16543
-1290349.39396
-1296445.34149
-1291260.16126
-1289676.8084
-1292220.20843
-1283658.3947
-1287863.31355
-1236626.91003
-1330473.19279
-1324191.89843
-1312711.6276
-1304411.85278
-1293497.19372
-1224698.70522
-1264715.90458
-1279463.96455
-1281176.39254
-1277078.12647
-1271915.41518
-1257690.20391
-1274492.13372
-1309961.23804
-1319505.07809
-1245668.68687
-1234826.49387
-1270174.21685
-1288203.22095
-1279053.55317
-1257968.69642
-1305304.79459
-1293141.54692
-1250555.88651
-1293286.80435
-1219685.43804
-1303127.55583
-1270290.15769
-1269272.31647
-1263496.20949
-1277780.06716
-1306778.06171
-1265187.51122
-1312217.75702
-1297992.82232
-1238204.70381
-1223642.4353
-1250857.34801
-1329983.02264
-1275688.70987
-1192838.68425
-1301891.9179
-1299868.11724
-1264540.11273
-1291103.81833
-1238139.43049
-1298337.3867
-1265415.99744
-1254451.70464
-1304883.57881
-1282016.11011
-1290968.48903
-1283764.19586
-1263036.89585
-1271328.23667
-1259343.60673
-1248161.22354
-1269341.72716
-1300031.40293
-1287013.90275
-1246566.05945
-1292737.46404
-1275040.43133
-1286812.77027
-1305839.78056
-1227605.43388
-1270970.71542
-1254671.65919
-1285359.8815
-1255828.27152
-1257664.1757
-1280222.72553
-1297979.35116
-1247857.25581
-1282803.22705
-1274939.18061
-1288467.64807
-1275181.18759
-1309826.48114
-1248227.99767
-1237324.86798
-1296571.09389
-1300873.39135
-1302952.04261
-1298153.24827
-1259298.39751
-1274160.12658
-1281402.49963
-1250402.59593
-1277081.63527
-1300024.47995
-1298320.0047
-1310273.29578
-1251130.57881
-1278815.22159
-1271609.58272
-1235916.03053
-1298319.24441
-1269978.52732
-1289433.51555
-1279330.71262
-1287577.16405
-1318900.4029
-1261179.85723
-1298981.40092
-1263152.49878
-1312274.57586
-1293543.62746
-1293553.94783
-1218350.78665
-1286848.92517
-1290182.9773
-1323460.24394
-1295003.25676
-1320422.35699
-1256371.95614
-1238844.5944
-1269132.99242
-1280855.2076
-1289427.6308
-1266286.98761
-1294033.44729
-1256648.03288
-1280925.41413
-1293001.22292
-1269834.90336
-1312773.6573
-1298136.04081
-1274997.64426
-1249004.59188
-1301756.34176
-1302766.71974
-1299621.08073
-1264385.77547
-1278010.84232
-1258690.90261
-1293263.84453
-1267383.61144
-1291516.68452
-1265010.02898
-1214817.41211
-1295576.6138
-1316515.0599
-1300344.02437
-1289059.58108
-1210458.55377
-1298329.86568
-1286682.31903
-1247626.69726
-1294083.16631
-1297938.64927
-1287149.58976
-1315044.13812
-1290997.43296
-1282949.35388
-1286120.48503
-1270087.17111
-1239163.8506
-1286691.51344
-1334045.0333
-1270530.39694
-1298156.46017
-1282742.18061
-1263470.79163
-1285178.09271
-1300424.19212
-1286847.69548
-1263129.90974
-1236683.87274
-1274160.65105
-1228129.45631
-1298527.97969
-1291896.00663
-1308966.19077
-1317521.447
-1277872.5783
-1280053.07617
-1315087.08608
-1303379.41144
-1306037.62287
-1268433.87179
-1274870.70374
-1323779.32761
-1283478.63998
-1278183.12547
-1266166.0528
-1285582.70989
-1319637.32129
-1266706.82907
-1266679.25614
-1296970.12661
-1291296.82982
-1259267.06135
-1276658.74325
-1301671.09632
-1280124.72525
-1276024.48054
-1267696.28017
-1288124.26633
-1313647.41951
-1280054.34532
-1257435.26953
-1315098.12153
-1299094.51063
-1274149.0176
-1302666.688
-1294936.97952
-1310317.36248
-1254830.20828
-1279232.49984
-1270635.03806
-1287476.229
-1282020.06405
-1295082.46196
-1299338.65708
-1286064.07032
-1325385.25287
-1249044.89209
-1303776.29702
-1270300.27568
-1258831.18055
-1283085.82334
-1316702.97053
-1308401.00657
-1303277.77457
-1319379.75314
-1287639.16688
-1296233.87313
-1256890.2549
-1278706.69232
-1266263.7683
-1303706.13959
-1273753.78508
-1274618.29179
-1308101.91675
-1287055.01553
-1306198.51571
-1243246.05041
-1275220.02507
-1309315.84174
-1289989.25506
-1279242.4648
-1283996.32646
-1328722.40587
-1277695.85285
-1274508.16071
-1337082.79722
-1298209.91707
-1302490.32905
-1269949.81888
-1273410.24969
-1244483.72449
-1303514.13175
-1292114.4427
-1300121.99332
-1310213.99698
-1308007.24345
-1263070.67737
-1262919.41137
-1328149.10457
-1272904.39517
-1282040.16889
-1306144.51935
-1260897.63054
-1258707.89925
-1281518.31024
-1281086.81512
-1263469.36183
-1330239.95989
-1250583.7477
-1288455.2827
-1316349.18183
-1271090.42708
-1266245.79781
-1287884.41602
-1253606.33317
-1282532.18045
-1243591.28668
-1312269.22407
-1267005.95204
-1245548.57852
-1266856.06381
-1319031.35067
-1297292.79882
-1305173.98745
-1289979.27957
-1285988.49921
-1322892.49978
-1248279.36714
-1294305.84333
-1261310.07973
-1297166.9668
-1273763.73433
-1303049.79078
-1278077.59748
-1258327.94357
-1296326.31179
-1271171.55842
-1295964.26626
-1288035.10046
-1305716.81507
-1259173.61827
-1321295.26065
-1254461.49647
-1295541.40571
-1299129.33288
-1276902.56307
-1288122.29266
-1271220.72005
-1263843.26623
-1292995.97074
-1302530.55464
-1293490.68899
-1291206.33252
-1316809.14904
-1322354.2487
-1322362.65987
-1242020.86701
-1261481.47129
-1284868.01325
-1256967.85693
-1300600.27411
-1286379.61819
-1313618.56119
-1310653.18619
-1288010.05319
-1276456.55284
-1291958.50341
-1276149.50483
-1215811.73316
-1293032.33194
-1258263.81119
-1287598.3278
-1270029.75828
-1294922.66888
-1285429.18363
-1304577.66558
-1246770.14496
-1268576.51864
-1297223.77358
-1263909.84163
-1295527.4592
-1299621.05145
-1287222.80021
-1296954.52465
-1256659.7251
-1322699.6614
-1271465.21104
-1285987.63986
-1280704.60515
-1229649.31874
-1265930.02678
-1302200.901
-1292604.87984
