-254848.370349
-275334.231567
-297444.930689
-278342.155896
-288424.951573
-333878.617004
-275228.182711
-266462.723492
-283341.046686
-302276.573175
-315885.57709
-297976.842683
-322393.40419
-259822.435729
-311474.28589
-285038.796284
-314360.954731
-254413.647992
-270047.759369
-289871.262577
-344975.845103
-332892.177138
-320707.626881
-341704.206757
-344415.615101
-338999.036713
-343591.779019
-337533.131543
-327246.967103
-359693.052105
-304763.065331
-326837.733622
-327486.54873
-322494.0942
-345277.675748
-328955.257982
-307699.922131
-330126.683966
-331561.399012
-336113.326367
-355700.131833
-350533.274198
-365712.508936
-358170.540729
-366021.793441
-342013.09602
-340929.342856
-350686.844043
-349929.89909
-362185.213805
-357090.489281
-332499.553441
-324305.460319
-365416.13869
-357847.450718
-355447.790485
-357379.986027
-356251.615596
-329052.721051
-358513.263581
-361892.12768
-357630.158189
-355236.28826
-349801.438074
-342211.7854
-347584.087888
-346824.456026
-357532.663894
-358996.985375
-359363.404357
-364173.457128
-353402.260728
-347526.551734
-346950.429112
-337378.715839
-363724.379974
-368072.29519
-371383.1493
-340158.849597
-374256.79225
-354144.280732
-354468.310357
-362586.711463
-351415.405322
-361669.188949
-360841.38893
-362176.767452
-341033.994662
-366558.867029
-347714.04682
-358437.690438
-369546.267055
-350861.381826
-362238.72731
-341196.787468
-352120.167092
-364414.809793
-340314.501184
-360348.731897
-356257.419572
-345519.197626
-354619.071904
-354160.495477
-354387.296313
-357805.903824
-335986.869732
-367197.471387
-357610.211075
-359960.958831
-343319.937831
-359829.174037
-355491.576074
-365327.272981
-354733.202999
-350173.752464
-351596.084341
-348580.174191
-366302.388815
-362141.455415
-367457.981595
-348113.752106
-355582.753325
-345563.743044
-361265.068771
-363372.266465
-353789.156087
-347782.520088
-355456.133287
-362730.199684
-352088.22205
-351178.08231
-351728.508838
-355057.422804
-341504.801928
-349401.863332
-343459.439448
-338308.197318
-361031.617088
-368864.574512
-348097.429956
-349714.75304
-346911.020368
-361958.34871
-347690.659877
-351611.39259
-354537.728604
-355638.03705
-350713.242847
-342889.128218
-364662.090942
-366089.956161
-349099.968521
-357367.419178
-343210.943328
-349812.91048
-347501.61553
-366057.947788
-350687.451199
-359558.683369
-357343.811599
-362964.04135
-348880.792621
-358581.806249
-359027.157129
-360584.594649
-348857.980496
-336312.439954
-345520.683809
-349045.762193
-353627.255618
-366088.756531
-356066.214348
-345442.050831
-344356.781515
-335726.336775
-356666.110203
-338571.325395
-358674.273963
-363081.744825
-353039.705711
-366392.975939
-346358.097783
-358088.522654
-360497.478715
-359944.04794
-365108.686671
-358510.198204
-358014.306141
-344079.635451
-354553.647159
-347836.275243
-354822.673258
-370474.841902
-338138.904453
-362412.008567
-333933.478439
-345227.41636
-366854.700062
-367797.689665
-354919.812687
-351760.427739
-370705.009003
-358110.965582
-358072.88711
-363203.08312
-357079.029114
-362472.610492
-354510.888969
-362347.998537
-342520.334023
-368517.166907
-342726.044907
-359259.170984
-340633.929825
-350425.862599
-349685.407607
-361987.907532
-360506.289056
-357957.795839
-353618.614968
-361981.3872
-358688.25444
-348076.822198
-363725.290964
-352071.95986
-358435.503347
-363567.012095
-356660.376191
-352475.277738
-357327.109011
-359118.907425
-358740.951968
-362040.989808
-341963.631979
-356903.131472
-348794.697856
-340832.218938
-352246.619952
-352835.029809
-363431.606051
-362445.308127
-357302.02961
-338870.553291
-367334.164051
-361805.082906
-367984.108512
-369544.80776
-339606.088431
-360729.722244
-360764.082967
-364406.195939
-369894.630583
-365263.208231
-353435.722033
-352072.942896
-337799.674971
-353216.786823
-362987.090342
-350808.533723
-350655.167725
-361673.458565
-359044.567819
-361754.648225
-366988.597438
-355170.793302
-369249.075641
-357055.561942
-351929.555833
-340914.05799
-348977.657283
-363691.818812
-361864.998095
-347419.720908
-368297.59384
-352973.267006
-362763.893858
-357381.505793
-362680.274172
-344527.889083
-355746.800484
-356994.690539
-358127.332937
-365125.501887
-363346.032397
-353931.874923
-340568.908698
-357828.157586
-350553.358117
-369173.670992
-358032.587622
-352907.539148
-339040.02768
-366244.584012
-359463.490495
-362681.350853
-362244.53796
-338948.992022
-350905.966797
-364842.850642
-366606.520069
-353813.505677
-360584.44943
-357246.181912
-361103.86789
-360714.768983
-350358.651806
-350787.663645
-341910.406085
-359821.011136
-357088.074308
-356621.231763
-351110.822678
-369354.782456
-358478.085513
-353518.350834
-340673.461238
-365380.182448
-361802.904948
-361630.677207
-369807.946048
-340434.696072
-343537.960471
-362134.566365
-354124.940681
-349440.411418
-370302.149101
-355963.002045
-358883.387226
-340430.898
-361879.306301
-353380.441822
-360155.804777
-357209.570669
-356309.403868
-358943.145629
-353499.198206
-367151.556507
-360075.363518
-351562.926158
-353754.551579
-356280.129482
-365466.210044
-353827.074875
-355047.739155
-365472.169529
-348657.862218
-353865.646532
-366915.953758
-348462.625872
-351586.829092
-368705.295501
-357828.529261
-365106.876726
-355041.860498
-362702.102341
-364331.428291
-364375.037564
-334207.890424
-352712.594384
-362121.495312
-361717.772941
-361499.726315
-340399.815008
-360574.762277
-357310.454968
-350007.729665
-364056.338961
-371598.716848
-354843.792947
-354588.728566
-372653.711381
-363753.539811
-350989.581593
-369430.864666
-366028.651659
-359290.35296
-356075.874813
-360606.563524
-357369.002223
-357564.661111
-358175.907445
-357764.911967
-350385.264848
-363627.920235
-348458.774509
-359620.070443
-352269.983319
-362994.291802
-340311.860411
-358334.573324
-379781.248512
-341657.080369
-364451.983801
-361542.878394
-359208.892899
-363814.153178
-344447.84485
-364787.483122
-364665.178733
-348918.85908
-352199.150689
-347512.367483
-350899.723665
-356625.347837
-363766.188233
-357060.363353
-363170.532673
-358923.543299
-349616.856571
-349262.339414
-366355.590314
-356285.584175
-361564.343903
-323960.969053
-342748.591697
-347336.128253
-350770.947546
-363551.410921
-354496.394446
-365445.530553
-353853.790015
-347866.526615
-344518.357837
-355655.71819
-375962.856946
-359857.526491
-361870.776242
-354788.103344
-358159.321102
-347618.323112
-367650.069665
-342986.639093
-360119.297832
-347797.921683
-361924.892541
-353824.579323
-338906.747071
-364593.543635
-361872.749576
-353352.398939
-346744.415902
-367053.095892
-359008.050613
-338342.471261
-347344.086475
-337569.178133
-366331.979965
-356675.384308
-370263.236851
-358708.049932
-354905.53862
-354591.165267
-364897.757717
-356984.515125
-351342.900338
-364112.344212
-355109.153783
-357248.979614
-358788.073773
-367654.496546
-356561.587483
-340931.257486
-372660.654182
-359107.39818
-357748.285183
-342837.026635
-361121.058854
-333379.603242
-353942.000665
-366140.755318
-357721.241169
-360141.704139
-356018.421653
-375874.162924
-358785.464545
-354859.014889
-353329.780294
-365221.726068
-352950.554464
-359680.849136
-370286.358642
-360351.870081
-365737.023496
-362914.529568
-341758.164625
-352097.013043
-375093.730086
-327471.621174
-348329.976283
-358758.722539
-377370.761223
-370267.174615
-359078.310052
-349972.98179
-352873.575259
-355866.291337
-353589.301063
-339431.844328
-360114.379578
-361091.279111
-351567.787431
-364595.520291
-374803.279477
-361937.455418
-362995.159977
-366105.015718
-366971.454999
-356452.181037
-358059.301947
-353660.84295
-359121.011987
-346963.093608
-353960.321988
-363435.591701
-351089.685195
-363819.496246
-367622.976606
-363704.889563
-370526.748298
-350436.312334
-363755.253305
-346092.068133
-351864.326013
-341680.891231
-357242.427251
-357261.638278
-362314.789779
-355088.107421
-358245.571882
-364662.674728
-369799.119536
-351353.332584
-362912.027519
-356070.805637
-363151.679427
-359984.059375
-362810.850934
-360007.607095
-353069.125807
-374310.953252
-360665.648486
-340115.340817
-354681.697005
-346734.365005
-360403.173633
-364921.45958
-355365.973414
-364444.025406
-362423.753225
-362721.12859
-372603.646248
-354255.340329
-370185.106754
-356265.34196
-356432.025116
-364763.354823
-369830.700232
-366477.77098
-359769.607328
-370462.40271
-357075.263301
-352144.764816
-366308.112421
-350199.598632
-364370.533783
-349668.124603
-359954.455424
-363053.737767
-345111.436517
-368064.233808
-369452.815252
-353253.745499
-371475.983842
-361234.420866
-347416.315984
-360122.206691
-361924.198329
-352934.838566
-360665.874267
-354031.333137
-365121.704062
-354655.473025
-342756.029658
-349265.969263
-348433.523655
-346882.125961
-357667.321915
-348099.064961
-361494.939949
-353454.115266
-340012.251807
-371887.884807
-364274.920512
-357156.104111
-350391.588049
-360814.583973
-362003.95224
-352382.037483
-367120.982612
-364340.293043
-341486.81578
-349107.233885
-353500.347287
-359621.725665
-354287.221057
-355163.258067
-364632.229188
-352757.097595
-344537.871704
-360392.98085
-368640.172876
-355759.911697
-364423.5437
-360708.271065
-360022.907467
-367894.690413
-356701.478814
-352050.484227
-353652.309386
-351669.361582
-359755.653363
-335576.572021
-361179.231307
-359791.089193
-363780.202048
-365933.809657
-365530.92951
-364629.153013
-346535.001054
-334753.301311
-375763.059111
-358797.674081
-356132.218499
-360896.318587
-364301.578732
-365113.917353
-362853.952362
-359245.602958
-364768.940478
-369102.583249
-338934.909305
-366645.134674
-353440.095034
-348135.702971
-329963.911805
-367360.929407
-357384.049978
-347748.731071
-363788.523446
-361652.106975
-357108.276297
-371602.566821
-350227.860477
-369827.680989
-366399.946971
-368954.217576
-368188.787232
-363759.542773
-356539.106829
-363364.745878
-356965.595446
-351031.689487
-352501.757888
-369192.172557
-358277.253159
-362331.325459
-356837.29603
-354863.333395
-359648.533454
-371119.088898
-363431.655677
-355583.940197
-363320.670873
-364335.903381
-366714.778801
-344263.976311
-354569.359411
-361758.478455
-351190.554765
-345388.24507
-353526.274779
-350731.227816
-351738.793787
-351338.912579
-350924.925576
-347514.698309
-364590.523596
-361487.312805
-363049.495631
-345441.874961
-348207.02469
-361680.803048
-354261.211224
-366808.350347
-342609.939984
-361778.186671
-362653.848699
-345756.954075
-372402.676008
-354221.902075
-376281.689629
-359650.444942
-361194.540064
-365687.325035
-354462.430538
-359829.826249
-357893.983657
-352835.27517
-347200.480711
-371893.442047
-365623.96431
-354097.776877
-357939.535341
-344338.406097
-360029.677819
-357880.229016
-352664.336451
-345727.712801
-359832.713899
-348162.600027
-373457.528155
-350713.043442
-343270.354746
-373206.881241
-351059.013186
-351156.607906
-351997.162323
-361814.472714
-355582.537357
-363741.28201
-353171.358694
-363578.080207
-365603.076865
-374834.993182
-364602.582924
-356167.749733
-341811.364305
-353376.706582
-364406.140496
-372036.66617
-356434.711498
-356250.408436
-352203.523167
-353237.104003
-366505.702859
-370220.909372
-362227.023625
-348021.457302
-358696.814474
-371688.983734
-346121.837917
-361104.079502
-360781.122872
-354994.464913
-361554.502107
-353612.303579
-359297.7352
-347017.688409
-354205.525151
-337848.98261
-357681.324617
-359713.667565
-345372.442281
-345634.25451
-349594.070064
-361771.609065
-369776.718263
-348613.901251
-341883.958413
-363180.367686
-356777.995078
-370786.114217
-360504.878238
-341277.526239
-355921.711482
-369104.985775
-365890.699292
-361989.731814
-360801.895786
-363556.010828
-366233.481077
-372808.576693
-352486.985651
-362273.384192
-345690.957248
-345910.586755
-362477.478294
-364664.329087
-363658.134166
-354749.124852
-359665.838003
-347612.706144
-363030.988058
-366077.09634
-366839.918292
-368355.304435
-360477.906387
-353405.017776
-342445.847554
-357554.596438
-367900.995323
-361553.008395
-361066.698941
-362580.628578
-354603.726614
-322932.852096
-357469.940863
-370010.414362
-358646.515337
-354226.490987
-360361.929367
-355232.216701
-362291.211041
-367061.899413
-362827.533002
-359738.404611
-362995.164385
-349823.480242
-368782.339499
-360995.469489
-363704.233077
-368089.401789
-363662.663954
-354549.394368
-359644.734028
-352921.213929
-373903.476749
-359525.953979
-380202.692555
-352851.012867
-367759.423089
-356842.709948
-367932.877029
-353542.081124
-374275.591682
-358843.640533
-363187.781565
-355319.655998
-361351.175013
-362642.31395
-349843.416582
-357765.593144
-350842.404552
-355865.20848
-350874.681907
-355503.008134
-351374.244537
-363055.214891
-338423.141118
-367229.871656
-365527.157925
-344146.53009
-371597.420551
-365715.463058
-352228.007131
-356201.782931
-347884.608091
-362954.12796
-354291.74214
-369193.720084
-358507.892885
-353573.609197
-320359.92965
-347578.943355
-354103.23763
-357325.620855
-366812.711481
-374057.172837
-353703.474708
-359992.968207
-361053.051098
-352144.178425
-356505.338418
-375546.66543
-353831.552885
-373949.413975
-360239.724704
-364448.427524
-341067.841399
-368743.097734
-366191.468214
-347891.21304
-345912.579428
-358105.378224
-355682.483504
-358175.422204
-345842.378416
-365892.499115
-347104.955901
-335282.922333
-366934.63612
-346227.609348
-351179.498793
-353243.860222
-340417.128302
-360105.766104
-364358.259179
-365684.768824
-355143.001182
-347456.100312
-354162.851287
-348979.479385
-353612.913695
-332979.498098
-361997.209009
-356120.902817
-353925.266243
-376299.586329
-375496.837605
-358818.487685
-360777.441656
-356169.745165
-368783.95998
-354737.712279
-346746.484352
-359441.875295
-346814.266048
-348600.810469
-364779.346185
-350929.305031
-360022.031295
-375732.773139
-344876.110699
-346870.159202
-353105.282266
-369997.511638
-359717.458561
-343686.469365
-355730.940682
-356704.170704
-356046.931939
-350927.083459
-367439.291426
-360489.790867
-348704.816995
-338679.167485
-344240.621783
-343471.718521
-339456.013217
-364594.853039
-358229.660876
-344767.868299
-350173.417952
-358714.505623
-379143.821052
-356542.905819
-359462.372892
-352854.52647
-365770.325907
-366673.410622
-356849.478055
-352530.641177
-366012.723558
-361436.736181
-344148.823078
-350508.965241
-342264.598275
-344113.191
-352457.947884
-352631.549077
-345943.224889
-360978.353941
-349169.855412
-346618.1285
-359801.300228
-351422.809565
-362659.532299
-336264.65914
-366438.761076
-361679.592381
-361515.213827
-356072.332532
-337582.089941
-349221.92672
-356359.17831
-338755.886163
-356167.496488
-348780.268746
-347803.70253
-363485.101236
-368108.431502
-335478.356134
-356813.215316
-365857.215017
-350464.307296
-349869.964181
-351226.060646
-358312.175147
-368905.713414
-342576.146726
-346389.552973
-358660.622341
-358312.754516
-364084.243271
-329928.5075
-361873.670738
-348541.017073
-353232.647229
-348417.213305
-355804.326251
-358927.148791
-356446.694355
-363529.703878
-349232.180007
-360625.73906
-358627.252175
-362374.798316
-351702.269634
-350326.477713
-345708.35337
-360048.580464
-345462.893453
-362043.063228
-340245.890475
-365324.743447
-359141.252676
-361998.034783
-359600.73003
-361533.975566
-367732.113191
-346971.515851
-362108.338921
-366861.636364
-338705.819186
-347945.501194
-366386.45071
-348678.152387
-354657.209214
-346665.400029
-358084.796734
-368403.526679
-365761.508482
-352469.400823
-362219.311901
-351375.268414
-356303.890325
-353339.691798
-351397.771837
-357316.095768
-353404.490315
-353874.736254
-356370.675154
-364778.03515
-339224.452784
-371279.317739
-342674.106135
-365277.241367
-368405.753197
-366304.638017
-361690.941729
-355954.917562
-347789.620682
-369719.350153
-356467.970561
-363241.930344
-357448.642057
-360257.00784
-363147.94299
-355861.891889
-360500.164228
-345394.139063
-364796.226364
-355255.946279
-351927.293835
-358129.876231
-345107.190835
-365104.222165
-352642.738932
-355982.550623
-352133.976582
-342965.108459
-334168.716605
-354251.134691
-338908.328105
-331107.948233
-347905.79599
-345037.88187
-343171.434427
-348587.913834
-342623.860625
-358901.413307
-340656.414079
-363324.817255
-355166.33818
-362790.945226
-361390.459153
-354726.014997
-357765.757463
-366974.586572
-351804.150037
-346940.176048
-363411.115735
-358883.303662
-358253.555737
-354565.19666
-344395.789519
-357470.35054
-357424.664652
-343574.061882
-347880.145901
-362033.36248
-360546.006971
-364042.961979
-359570.614597
-354555.356614
-340703.093494
-364937.798394
-359097.791906
-354553.813776
-363484.582722
-342090.180582
-343183.928636
-357926.757508
-351921.573482
-361119.632643
-370354.56768
-340971.158311
-351041.661723
-337727.522823
-361640.878289
-365267.527778
-351227.395802
-344331.829196
-347245.351956
-359999.704016
-349418.119428
-368950.012337
-337615.461439
-362664.4659
-334840.331965
-349794.201652
-344495.630309
-345785.601559
-366591.568996
-364971.814119
-355681.77033
-350243.914714
-352819.444711
-359511.679336
-370997.432711
-370200.327703
-354654.778065
-338015.550929
-356207.044351
-341200.398721
-345671.338311
-346677.085944
-367670.198184
-333842.985908
-361523.972816
-339229.8397
-359495.588441
-350155.70745
-362467.333139
-365896.232769
-358129.043666
-356803.016163
-352648.432718
-348318.79501
-365803.585358
-353240.683963
-372480.271691
-351882.482402
-357163.589837
-360506.790785
-342963.373428
-373493.948931
-359885.373194
-363543.037028
-357886.501009
-343449.519801
-352805.04946
-352724.532169
-350402.401468
-361972.597347
-337433.840398
-365249.871824
-368454.93174
-370724.893345
-363459.745027
-363977.514259
-364033.54653
-367185.163197
-352657.37519
-359431.38007
-347309.74863
-357630.063212
-357976.233731
-372398.184574
-366430.049314
-367218.690518
-372439.459065
-343156.252446
-362804.529605
-345185.385734
-367012.217187
-350610.58026
-347365.069799
-358440.544413
-336831.468147
-338447.080319
-358264.561089
-349297.738263
-350840.563631
-356745.792401
-346180.653184
-358507.985975
-359207.285946
-356963.617948
-362398.307042
-352845.438222
-342667.583954
-353644.895123
-352805.324592
-349182.766504
-370122.954925
-346343.452619
-352769.920034
-368439.775821
-356409.964103
-349090.168676
-368999.792437
-351652.460112
-347314.816781
-367707.913279
-356019.563598
-344959.13774
-362482.891526
-363187.542709
-353396.744428
-359219.613377
-355410.851924
-351211.833827
-357533.632295
-353149.70145
-351610.609651
-352962.439512
-360421.288404
-344634.506191
-373518.858607
-351384.178306
-357323.4519
-346613.507743
-368506.916873
-349909.605809
-359094.658166
-358494.682818
-358506.517957
-350485.921864
-364857.308034
-354233.591844
-360484.371841
-356205.994624
-338820.856418
-378928.359251
-363502.378543
-334404.989216
-366465.792313
-356626.821194
-337153.007336
-357357.864103
-351062.10761
-352179.167022
-356223.511069
-370384.133257
-338276.627171
-365460.386361
-358949.500068
-326932.562081
-349119.765508
-352708.927916
-345971.225525
-344785.171025
-366714.969987
-355962.892524
-344322.430251
-363309.162058
-351626.015631
-366754.123687
-351216.668896
-357016.403912
-373025.692023
-359880.936611
-369966.275015
-356300.64727
-345240.687786
-366800.53397
-359398.694351
-353226.324385
-352507.480899
-346518.877549
-342828.020763
-360517.775003
-369217.606874
-347991.943478
-365507.39709
-347349.002441
-346520.747425
-352448.151091
-362839.058426
-340422.945346
-355086.413041
-357860.207558
-356436.368903
-352842.685116
-335381.667348
-351526.266541
-357704.563942
-363339.201566
-343354.740102
-365735.382906
-331037.780103
-349673.320805
-371557.515882
-339493.872227
-361182.433175
-354589.696649
-349185.180964
-350827.134952
-349264.108691
-359051.074204
-355130.171869
-358386.04717
-354596.860918
-357573.535007
-363819.649074
-365019.275805
-365084.676928
-366515.40735
-331855.505304
-359837.145305
-354619.145539
-341681.982383
-351953.096556
-360032.074619
-356070.495595
-370316.613175
-366049.501121
-361657.090104
-359443.207275
-356293.715267
-362366.743858
-356990.276643
-341781.518139
-366188.633867
-364624.667674
-348936.753321
-353818.751762
-362318.792524
-346911.868389
-344056.241199
-366440.151782
-358178.947142
-355545.079096
-356683.932665
-350975.80568
-339648.460999
-352136.503049
-334085.146444
-354653.995062
-357589.30698
-353646.627891
-360326.979035
-339785.950858
-349289.666091
-359078.625936
-356415.383288
-365374.631161
-369978.253672
-350217.06295
-355676.833073
-365349.688871
-351140.311098
-355842.074269
-364038.284953
-348641.634767
-345948.566278
-338538.717329
-357348.733626
-350745.143712
-366024.973556
-345052.453933
-363078.203042
-357013.328466
-360042.154521
-353865.714009
-343370.491689
-354305.562339
-347667.995236
-359136.136848
-350330.636773
-353228.379624
-361487.459459
-349587.385954
-354461.963097
-377527.746903
-353885.410189
-334928.632567
-355840.614109
-348978.737005
-357873.263635
-358951.34348
-360821.69538
-367086.394577
-348686.512835
-357063.839512
-347023.77257
-348938.888522
-355391.011537
-356821.907123
-361988.895038
-340546.082511
-358622.471425
-356746.666196
-363651.976165
-359602.717583
-355985.37646
-341007.486102
-356871.654655
-372898.592331
-357517.351008
-342798.409971
-335565.74463
-351588.19715
-361030.134178
-376171.944353
-370239.999478
-361300.997059
-358362.56534
-343493.576014
-365531.98743
-348369.483083
-357688.314574
-352092.422566
-345733.529722
-356872.736009
-368816.419682
-365350.35501
-357281.45
-357580.122572
-337970.710467
-368589.54458
-366839.032475
-353014.189627
-365522.340936
-362819.828426
-367706.845509
-347491.410449
-358035.908949
-356431.149532
-357655.758485
-367085.741651
-353942.403718
-343412.978894
-359922.760228
-355174.416292
-347790.963343
-353399.923244
-355081.32037
-359041.380173
-350783.193804
-362630.815225
-360382.359867
-351603.151328
-368512.032368
-358684.560707
-332206.729395
-332080.082207
-356231.274886
-357395.876834
-354088.067577
-364788.372646
-351780.539856
-344830.563874
-357624.64809
-361969.369357
-377965.841182
-330870.022959
-359285.237158
-350349.667114
-358459.163496
-357839.057339
-363505.748484
-354668.182976
-360386.437528
-350560.113393
-361280.324398
-348751.582197
-362407.568245
-354017.579018
-347416.700683
-360387.695788
-362223.218334
-348057.796337
-358554.809908
-368886.309209
-352051.984104
-342974.302472
-354455.832253
-348846.474648
-365793.567245
-347643.660679
-340259.96312
-361046.757341
-352606.404992
-355600.678066
-352810.689824
-365400.211523
-369296.978172
-358460.440493
-346961.837971
-359931.751267
-362155.43341
-355183.584814
-343123.325339
-364770.014573
-363597.237519
-348936.766018
-365691.63404
-351087.500106
-355879.881315
-362144.28943
-366854.65353
-344412.827414
-344327.593535
-356389.764589
-357464.77691
-354344.793272
-360908.199828
-355321.620982
-359460.28183
-347098.486937
-350701.475173
-346387.606995
-335953.599715
-361256.422646
-358201.71053
-355809.757407
-366001.242249
-365195.056056
-362621.523291
-352846.685742
-352199.275715
-360642.984498
-355333.912482
-354130.983166
-355879.768667
-352701.151762
-343273.63997
-347715.588029
-357753.769929
-340886.528911
-358964.704643
-339790.56906
-318098.526197
-357480.927905
-355977.405949
-340638.626986
-355036.0075
-362088.460185
-346059.803049
-355859.888056
-350203.609718
-360760.411316
-361009.818688
-358077.472478
-357136.093062
-361831.147914
-350426.625945
-356398.837867
-345673.68528
-360856.353313
-353586.33106
-357358.606198
-356192.132436
-353827.79913
-348679.341674
-359368.031519
-357092.305347
-352379.274399
-364639.293663
-359477.06231
-348332.228466
-351595.945452
-336665.399517
-353792.508551
-346162.152337
-343171.568702
-361930.704644
-349487.827053
-352650.272653
-356767.39021
-359596.27228
-352819.035501
-365507.875477
-342691.200661
-346415.537271
-361135.462683
-369996.72481
-342244.909115
-359272.929076
-355752.862074
-360416.737376
-354936.410016
-344125.303229
-360840.479792
-349886.551651
-368447.992706
-352237.261085
-356981.234759
-345633.912326
-351934.872087
-357876.899099
-359026.925668
-359248.75638
-353973.507881
-375188.813507
-350464.671853
-357176.445582
-355129.324309
-354101.89491
-338770.520879
-350118.56398
-338401.366382
-353667.73739
-360013.490149
-355650.956514
-342248.064772
-354446.98005
-357491.268921
-360879.008006
-352036.356078
-335403.01305
-352565.753139
-341379.325665
-369993.72283
-330089.162249
-357053.800237
-347276.326611
-354832.397586
-364747.588787
-359635.982044
-349283.608522
-354559.180697
-347544.600234
-351189.570489
-357978.094744
-350237.978032
-341365.899108
-353693.649442
-351253.407509
-355523.367552
-358205.163629
-368557.794976
-347434.61362
-337970.070244
-363136.527433
-357188.015616
-348046.732981
-354112.899241
-366126.632265
-348853.273314
-354500.580016
-357824.365032
-348643.718897
-355369.749071
-342112.09259
-368131.029169
-365575.557211
-345339.637485
-358227.020459
-340579.128897
-358900.111398
-353141.16898
-337430.27177
-333993.757887
-365228.870072
-352201.508615
-356494.234351
-361249.576782
-361666.659551
-361710.585994
-356942.261326
-354485.949202
-355973.392997
-358372.95165
-371774.088842
-363871.981701
-374461.79843
-353246.102143
-348258.208829
-347643.866455
-357253.075401
-351803.574482
-342263.144673
-344937.64891
-351158.485844
-356417.198748
-352730.186332
-353169.112796
-345050.13715
-368213.043912
-342151.013741
-369161.110741
-360065.2635
-363628.104234
-354074.016042
-352556.258241
-352370.738424
-369725.238087
-365372.197421
-348033.751965
-361928.923717
-368263.309466
-348693.012551
-375218.641348
-354306.414105
-355843.758965
-365616.783257
-349115.588082
-352986.077414
-345837.367183
-344661.267211
-364432.764816
-360185.525323
-363429.851235
-361402.096149
-351732.375142
-360667.887179
-359077.560693
-351646.336488
-354428.187276
-357018.441476
-341495.188981
-346662.985037
-350726.236272
-355611.301418
-360767.221021
-346802.749331
-358234.969412
-353703.178944
-375103.965021
-354659.696087
-357241.087806
-370648.032419
-366245.983967
-358913.517248
-345147.560391
-360881.454856
-361460.687708
-363239.883114
-345040.003085
-354373.847325
-359992.26096
-362097.936083
-372104.125165
-347515.51536
-358841.26354
-364476.221677
-369956.39412
-347442.213254
-351554.304946
-351632.21915
-356360.874529
-366498.1334
-352905.864463
-367007.981496
-351149.969085
-352637.357165
-351743.613454
-347498.168453
-354230.881237
-354746.454796
-359254.170576
-358994.027675
-350663.344817
-356365.685866
-352499.099535
-342282.917746
-364334.882312
-349537.444153
-368585.676736
-348217.029238
-361287.69328
-354394.359325
-353581.448535
-351565.577294
-363620.307291
-356725.451449
-354700.479025
-339574.993345
-363864.415797
-356599.102251
-354873.272823
-353767.190161
-360996.201112
-362547.3802
-359465.149778
-347770.40174
-347277.41015
-343874.499797
-349463.554941
-369468.76591
-359061.145154
-366655.569102
-361167.491778
-358950.048742
-362643.765707
-360423.495756
-357845.234928
-355430.823774
-367272.704625
-365787.755385
-354392.182563
-352316.659266
-350422.404708
-362318.870097
-354629.648582
-353959.478876
-352265.641772
-368751.552952
-363589.230074
-354488.204644
-346524.571552
-356990.202172
-355863.689173
-357134.93918
-362263.213035
-364936.066565
-354376.536971
-354145.144188
-354517.81853
-343551.174051
-360025.698895
-357787.653818
-342333.766004
-363707.994482
-372117.862761
-348798.168042
-354613.143023
-364665.995405
-341569.983135
-355902.037114
-344580.162303
-354931.748317
-368136.209616
-344923.860255
-344918.427564
-343670.71673
-334182.143349
-365991.185401
-349312.943263
-362221.453495
-351802.005929
-353446.676883
-356415.775274
-327326.760416
-347029.807564
-349906.034715
-361485.556399
-351094.970477
-354437.908233
-346335.891894
-364928.113553
-357707.552279
-357461.71383
-345350.83109
-358018.008842
-360337.878575
-355681.331201
-372302.905489
-343315.488001
-349848.618851
-343485.066291
-361481.833029
-348444.367357
-350981.535558
-359679.51043
-354230.09959
-359146.792003
-358746.657691
-360330.262921
-362802.610516
-362227.699315
-363313.471484
-369564.130316
-366828.637367
-367483.863598
-360123.879905
-342669.154216
-354175.417309
-357904.590081
-348281.845821
-340849.621925
-348012.922232
-355916.305723
-359822.929548
-368992.732184
-355288.173377
-357575.814924
-361948.873635
-363248.139912
-341421.416067
-360720.283954
-353424.268941
-363549.225743
-341658.720234
-376883.337287
-346366.3757
-347654.11363
-354970.385616
-347443.425992
-349955.675414
-362537.231857
-357693.048609
-340338.17899
-349361.392927
-355145.476382
-343765.28555
-344414.962606
-360809.512635
-352734.085127
-344899.535035
-335502.798851
-349953.366661
-342353.408339
-354069.135579
-359856.524266
-371112.770802
-335915.833489
-350897.363623
-360995.024223
-361041.89282
-343388.087072
-350505.435025
-358484.955431
-363770.476664
-352774.539981
-339485.215275
-350831.522052
-346040.410179
-344382.821751
-367615.022047
-343055.270963
-362386.055494
-360475.366906
-346166.468319
-366305.722208
-377208.849242
-360776.556837
-345001.299563
-358245.932416
-361946.116372
-359183.629065
-352305.752629
-358339.970978
-361413.290971
-366336.253807
-355041.101294
-365260.873184
-338076.537211
-343954.537373
-354706.515621
-352418.054953
-359864.052372
-349276.028158
-369002.265356
-351001.81617
-375090.086843
-348544.430829
-359608.297002
-363005.851107
-355414.335978
-356436.596635
-339057.273151
-367528.92672
-342737.48958
-344136.872164
-359851.995662
-360095.414517
-346651.407467
-353273.826743
-349043.545692
-357365.914512
-363461.21642
-351546.573668
-357059.513871
-348232.177165
-366959.955942
-367116.314527
-346572.409064
-340446.474045
-349932.478957
-350895.691821
-360413.719751
-356608.870963
-343027.554235
-351371.483365
-352973.240056
-353748.649423
-371447.407383
-360602.986745
-350050.853056
-363674.745723
-349646.529585
-354694.977469
-359514.375641
-360957.565913
-341023.501993
-357001.886591
-374696.845889
-357953.40554
-349549.64184
-353528.022803
-356872.914082
-344025.723215
-363187.758352
-357192.433427
-366099.789687
-367645.813072
-374909.368494
-366417.643801
-360786.027988
-356219.05058
-356382.09529
-355379.691657
-358122.48593
-353784.494944
-353835.548226
-344828.369767
-354274.160274
-361591.803757
-355712.328563
-351056.133287
-365360.720909
-360243.764434
-342567.325855
-368578.37155
-361341.830919
-354267.337185
-361485.092258
-356193.153161
-348541.900012
-351234.289775
-350961.862732
-343969.500949
-350531.343345
-372011.180927
-352802.213774
-373065.306347
-353720.749534
-342188.961901
-376945.555778
-346890.928306
-362204.625354
-352714.404698
-358676.920707
-348564.001803
-354324.738754
-356745.988464
-335789.28121
-368662.025073
-355528.752851
-361341.786449
-366598.423533
-355135.657286
-346063.359777
-362998.269689
-360679.937058
-349468.033597
-340081.910681
-344566.856116
-357354.552318
-351806.396841
-362083.011103
-358829.175283
-352360.231603
-346116.992817
-365482.750209
-350564.244458
-339508.483506
-362809.169351
-356995.737276
-351329.047721
-376431.463284
-354003.078429
-368769.82192
-369663.227097
-356273.765789
-364129.182374
-353747.784483
-354250.376161
-363011.413066
-347814.579312
-355395.906585
-363713.081624
-355886.192935
-370583.72889
-329301.613598
-356955.263666
-358794.28147
-366635.671332
-375602.614586
-348830.043521
-351047.265885
-344079.453493
-364021.48079
-355315.13685
-362588.556226
-355025.502372
-365797.270933
-357054.227839
-362983.307285
-358869.456291
-358070.774525
-359179.25399
-351905.341823
-369726.803132
-365510.985477
-359273.771885
-338321.801758
-362658.09818
-365570.465667
-342971.5877
-353911.207466
-355202.808799
-355105.91525
-359271.757575
-372449.09877
-358669.404184
-341801.481111
-358564.58065
-352080.071852
-349032.013574
-360178.233212
-361504.61175
-354632.067824
-363560.15938
-358468.363165
-352691.284553
-339859.391551
-359232.925799
-355256.802285
-354677.396562
-359070.724735
-351108.568289
-375176.282544
-340461.563763
-370155.506165
-368910.835483
-350889.465237
-363047.841346
-362502.318713
-349214.977128
-351999.009761
-355813.360672
-362410.633547
-358585.090508
-361499.798372
-341713.066998
-355588.70912
-363730.274344
-368024.747262
-354184.162986
-361704.715859
-358297.156085
-361088.349312
-340763.734071
-347930.790392
-355876.07061
-339146.160129
-348524.788789
-366751.911522
-351817.947154
-342376.953972
-356736.570608
-363678.88512
-340250.510907
-342382.07876
-351482.67642
-351730.054247
-359970.406583
-363222.487856
-352237.090625
-357634.384465
-345871.686393
-345939.901344
-366281.69033
-355852.391789
-372012.280956
-347280.497361
-368580.134857
-360321.079998
-355904.318785
-332124.567312
-360252.961991
-360150.227639
-356787.811809
-347701.914897
-355021.97396
-350919.569215
-351122.100483
-356971.460436
-345966.276726
-356634.705467
-346157.58788
-353678.255894
-342332.882626
-366394.285377
-360204.055506
-354299.484282
-361040.525607
-354671.611515
-350863.121271
-355921.652886
-330880.011128
-358017.82427
-337644.477698
-351775.297438
-363099.009653
-352765.238582
-350563.593451
-358696.512608
-356886.154441
-363652.421642
-348851.891825
-353365.569875
-341549.582156
-354124.022099
-345019.623915
-326238.095073
-375230.933703
-326000.058566
-370841.775061
-341318.413328
-348135.413914
-358033.10847
-359766.555899
-364072.172122
-349168.154997
-348071.0256
-364807.230064
-344596.514523
-347758.491311
-357366.011726
-355026.569822
-355234.486121
-364327.749584
-370053.373487
-356260.122286
-353778.914464
-358186.780491
-370488.923095
-362721.169279
-355718.757737
-363146.297572
-368727.705474
-362780.558237
-373251.092699
-357615.122278
-348957.168787
-360450.080067
-365048.683389
-338447.158419
-352013.845123
-348373.721197
-334140.871812
-364242.242641
-364056.489906
-359510.890655
-357070.645047
-356971.520197
-346379.908276
-355733.106798
-362850.966239
-356377.340961
-345756.577628
-348712.718154
-366888.657296
-348676.827308
-362986.533132
-346890.766588
-363623.859283
-346219.815446
-356804.613908
-356074.083823
-361851.849871
-346618.450785
-356124.024252
-341531.692641
-354803.506117
-349630.045538
-354573.396556
-357707.641662
-354537.395366
-373302.26332
-343455.043369
-360145.697844
-359360.671783
-357658.966112
-364461.676351
-334558.249938
-358712.322731
-353575.509306
-363212.782807
-356175.782517
-361879.909747
-358721.986462
-334907.825193
-353171.728146
-362413.178285
-345108.597441
-361354.546498
-361567.34178
-349768.598265
-362980.829712
-355883.34527
-348117.810459
-358071.229598
-360800.296483
-345491.38095
-355689.422063
-350375.98407
-352705.839211
-359526.134117
-362265.134401
-352160.099714
-355903.664974
-356682.555357
-344194.912662
-359342.003906
-329811.18969
-348278.602065
-347502.632284
-356368.810229
-364166.025535
-354318.386796
-350298.985901
-348878.221898
-364638.192362
-337901.624544
-361325.716864
-360223.161615
-356326.401889
-365717.545868
-357413.695151
-337374.533914
-350863.431552
-358606.995939
-346926.535695
-359258.605469
-370483.221868
-351802.083379
-336800.428285
-347765.534604
-360207.186941
-355317.845754
-362247.505285
-357078.839951
-359518.305922
-347274.27734
-345670.478649
-357717.311123
-359142.366511
-356086.259565
-347621.403897
-335752.691959
-350045.610043
-368048.447189
-352284.171981
-351889.838724
-358362.650663
-367920.469076
-338992.751827
-352752.890502
-360570.06686
-363769.033548
-351067.229632
-349108.665839
-366045.41503
-363494.698787
-353804.635455
-352734.360474
-364476.967196
-353302.122305
-359599.051233
-357499.150228
-359687.645875
-374362.189978
-357264.916147
-365903.434924
-365538.676275
-343844.936902
-354169.528911
-364635.872278
-338845.194905
-358464.165095
-361225.569556
-362152.331059
-367970.903358
-359736.824342
-363258.69574
-357653.065419
-353956.188859
-359477.638565
-360025.822419
-349909.257514
-358592.635947
-353432.20461
-359075.800998
-350207.138966
-358455.062068
-348754.013149
-349594.826075
-366878.336393
-340294.026261
-344034.598996
-365154.702904
-356540.424691
-375434.13659
-362141.204518
-372469.637673
-355132.726228
-347376.777024
-346720.788231
-359280.925325
-357077.113583
-352386.989223
-351662.127853
-361682.810693
-355803.962934
-362109.786756
-359948.983907
-355938.564719
-344406.520737
-342579.820588
-350930.500056
-362784.155614
-366321.786299
-360212.805453
-355307.199155
-359828.991593
-361966.873809
-364385.181668
-365743.903366
-362303.768766
-358015.449594
-364782.690365
-364813.440965
-346836.304199
-358312.671607
-356008.012977
-357919.879465
-353863.516095
-359801.82374
-352933.545716
-347726.290725
-356479.597857
-358252.402788
-359780.222678
-373277.386882
-367266.419112
-350231.737364
-354274.305816
-343813.079288
-364020.118895
-357854.025518
-356149.115226
-343169.913441
-334041.528673
-366555.747032
-365560.788915
-363596.168612
-346112.906219
-365167.779462
-343124.186178
-352072.832293
-358206.168297
-343715.89385
-367071.530766
-358423.574054
-345535.315029
-361765.675479
-368811.875224
-356784.40719
-347351.024867
-349624.143416
-355826.724132
-365485.727434
-356354.685724
-346253.873073
-333235.930392
-358085.71032
-352703.37181
-353740.498171
-349148.671198
-365086.83762
-349577.03512
-341235.070507
-358598.630651
-356253.893759
-359076.54724
-360188.475965
-343221.795791
-359315.744106
-352022.130587
-352983.819972
-351212.855784
-346672.068556
-365593.661265
-357792.107305
-357890.651081
-359177.041332
-342054.885712
-347963.838179
-353468.326974
-361817.056145
-349604.40872
-347614.82316
-334640.558815
-360795.866464
-356053.256658
-349314.389496
-359160.028723
-345706.43499
-361483.056254
-375128.774302
-368618.834016
-345694.16169
-344808.049348
-342901.34649
-354966.070542
-352310.185078
-352722.723396
-343731.880982
-360169.621044
-342401.902721
-357463.724496
-353853.199642
-353617.894489
-357955.886852
-352922.578542
-375758.881719
-357869.746834
-339554.609525
-355666.844213
-355186.01184
-347968.69592
-358963.182858
-365580.233708
-369804.08138
-353330.467913
-348686.580766
-358237.839427
-356052.717986
-340640.436871
-361001.458621
-344619.006646
-353406.580362
-331981.222198
-352539.332968
-356883.814533
-359898.087057
-371884.326502
-364942.977355
-350985.022563
-363338.089759
-357532.405114
-357375.629264
-360694.58894
-362684.32089
-359693.577658
-370350.723369
-350187.538899
-375822.303092
-346315.822985
-345546.270241
-349088.298472
-338930.72003
-349863.459755
-355337.738802
-361258.062541
-360284.542998
-348854.512373
-353261.918053
-355020.890996
-356060.92432
-358233.532736
-358943.549691
-355915.482564
-357628.255946
-364204.832799
-347514.919835
-365699.966401
-370703.269591
-346816.25739
-364382.448359
-356996.357749
-345855.749414
-353465.198739
-350265.775985
-364531.591968
-368705.686022
-364635.82077
-344757.513007
-367226.06578
-360410.621318
-369640.597123
-367273.187714
-343963.30419
-373644.049313
-364195.318271
-349507.405493
-340416.095601
-364089.825992
-364746.974717
-368493.809791
-359050.475539
-337175.673641
-360626.802646
-357052.794646
-363910.681135
-354683.340758
-352105.163953
-362072.837187
-358700.717913
-350802.036079
-359332.131169
-355173.464942
-343555.202361
-361880.84244
-360393.830574
-366083.113241
-352367.551057
-371370.735452
-362968.880835
-353733.150836
-355571.317183
-342526.304891
-357004.442797
-359544.207754
-358974.225196
-355492.205375
-341927.56624
-357309.828332
-354792.399717
-357210.309703
-359774.609219
-363614.538956
-339377.777661
-349845.277478
-348970.600356
-351312.905006
-349637.690676
-350369.278379
-352541.746151
-365696.224304
-347134.455564
-360134.926532
-351261.275337
-347749.851308
-353926.595739
-356812.167546
-349455.810089
-347583.339949
-367197.65708
-339494.468756
-356357.420332
-320608.660451
-352753.857887
-359965.909649
-360631.231907
-371842.613372
-345834.868591
-340779.89129
-342994.670936
-363671.100667
-344506.521789
-351029.643572
-357001.031974
-367507.4537
-360316.890875
-367802.589293
-364301.229498
-350948.160727
-353558.649645
-370287.729385
-357206.885946
-364199.880585
-358512.999452
-358706.04374
-358390.801111
-367676.845805
-347551.252124
-340978.532814
-356296.319632
-360688.290933
-351776.148723
-352887.023966
-347742.866674
-354958.982968
-361925.506839
-352094.500727
-356502.861748
-327209.01423
-360191.615811
-351730.311961
-345479.94575
-348951.443352
-351851.030695
-347896.39573
-344975.258461
-353256.502444
-353381.270477
-347303.532366
-354994.458757
-336546.086295
-347741.499434
-354700.132233
-354453.290531
-344813.010266
-366378.600737
-348235.93171
-358707.630661
-376125.781667
-352567.049092
-351191.528182
-339677.081549
-360315.925975
-354588.146881
-352862.690594
-351915.987353
-344752.142023
-356052.598536
-347784.522417
-343468.468452
-354860.993495
-370506.461444
-360629.937839
-363294.45865
-368395.89287
-350034.800157
-358231.804452
-362888.120509
-357536.089769
-354276.440321
-346296.248907
-353557.965637
-361324.313086
-351479.713685
-341832.14386
-365832.677913
-347661.610963
-359512.777072
-356886.407042
-359870.246075
-359982.806524
-365727.309019
-357099.539626
-370472.734172
-367765.978779
-366981.598591
-349842.219124
-354391.974561
-363705.736094
-356442.069005
-355673.133498
-358131.365062
-370675.464967
-352867.989929
-357042.418399
-352068.422109
-369381.694428
-362465.534674
-355903.362969
-343567.038614
-369184.389491
-358109.448082
-364536.218861
-362596.177695
-362656.990776
-364871.341702
-373233.339876
-370327.575141
-350852.659678
-358893.663579
-340647.730562
-370532.849123
-354629.712846
-339654.069898
-349610.005597
-360358.066803
-359499.892798
-336783.663863
-361577.676019
-350056.889278
-368160.248602
-354989.768498
-338872.223549
-343258.416313
-352413.235837
-339135.095418
-362856.595763
-359806.660442
-349090.968079
-358517.63759
-372092.776068
-347718.209747
-362977.460057
-357596.758634
-345931.145521
-354520.52856
-351282.733357
-353586.409882
-350095.058869
-345595.326675
-364221.108108
-356960.889133
-354941.679741
-351648.707984
-351911.515407
-347074.627137
-380458.798492
-361452.182968
-356806.156979
-352254.029293
-348986.506499
-364716.444374
-357668.646473
-352318.704153
-353766.18936
-364353.007913
-349069.590889
-338493.565682
-354468.538081
-350053.231608
-371910.655381
-357940.746193
-359145.495169
-357388.538345
-347655.997586
-359947.449605
-348406.632237
-364059.205993
-355963.136725
-361722.202632
-364727.514939
-356784.253099
-344328.291355
-360614.373907
-364224.630766
-352741.535356
-373973.232963
-348101.754077
-347011.069811
-345679.625106
-358314.376394
-338080.573019
-357650.8212
-366707.342046
-354718.762861
-356645.690279
-371924.401718
-356497.007919
-372764.908445
-343064.000717
-348180.740932
-359769.946161
-360038.700775
-347321.563174
-357661.108884
-359943.68164
-350599.111421
-348997.313469
-361816.658314
-345819.634901
-365207.166597
-352444.392845
-363068.533389
-361007.408219
-358335.001002
-341443.067994
-359840.55166
-354698.865414
-359773.832865
-337233.678124
-344904.383447
-368543.251175
-332596.74749
-358971.354456
-354009.77984
-363442.527526
-359144.498627
-339096.399843
-351065.303323
-361776.949656
-342629.643879
-358443.622955
-350795.74046
-356198.260463
-362342.386949
-357276.767661
-350842.288873
-367836.455873
-355065.096179
-353371.976914
-341281.523874
-337464.50902
-359542.129676
-375472.92087
-366042.732796
-370393.886445
-369009.938141
-333518.079299
-351950.593117
-373787.450944
-363206.838527
-353797.688247
-353524.467486
-357518.323817
-351719.406482
-367980.20262
-364444.154318
-353090.355673
-355923.418312
-345994.77148
-353221.522784
-355817.253397
-351696.163487
-366974.982575
-351054.387173
-340405.402839
-372816.896678
-363210.707137
-357612.990686
-342604.150152
-365168.242071
-366692.048755
-361845.970753
-346489.820713
-354144.83951
-358589.148242
-355354.294113
-353616.685624
-351323.935294
-355951.080199
-351823.169531
-358616.987846
-360815.907403
-362411.200829
-353803.30533
-365369.719525
-361603.57324
-353704.840213
-358944.444979
-357845.833537
-354844.550029
-357455.297591
-347270.635248
-347666.729694
-330424.999626
-343311.687112
-361445.880431
-368539.733483
-365038.246714
-350471.206247
-359814.338339
-361237.293857
-367927.537286
-351889.638689
-365411.648316
-344322.438988
-345227.620857
-362175.300766
-352020.777579
-352838.641781
-328640.993855
-355240.139589
-353366.14048
-350419.107803
-360117.88212
-361873.550317
-354549.233885
-348455.67176
-363874.504587
-348467.431266
-350537.260998
-356475.239436
-366398.871127
-361621.895828
-358647.392645
-363486.642527
-358493.387309
-350019.961355
-348113.99521
-355449.159931
-354376.045917
-344528.44636
-350227.800958
-361156.217955
-357339.805533
-360990.317526
-356855.402203
-354779.468968
-361516.030448
-363239.290122
-365165.634286
-354840.290899
-367820.2141
-360680.690677
-359699.517669
-373615.022875
-351505.627291
-352034.271785
-356783.47208
-350232.676518
-358476.805626
-362969.350122
-356919.113576
-343242.605896
-367406.933156
-330532.254583
-361491.324712
-347558.463572
-362090.90115
-354103.661376
-354707.719637
-360452.837742
-361838.761586
-358825.823646
-353133.360061
-353632.258242
-358318.175077
-344946.554302
-352027.940888
-352051.751819
-349485.76413
-336629.804538
-350948.946613
-349318.523743
-363031.098732
-361356.105128
-363240.706975
-363441.519191
-350617.654647
-360715.257443
-346082.112316
-355826.28832
-364761.139567
-366248.592074
-363135.76752
-349297.049252
-350637.769897
-353553.880705
-364485.066472
-368885.586148
-358479.62074
-349746.575521
-355223.931328
-348428.829248
-363506.053067
-354957.904014
-357258.160191
-353889.948116
-349152.748109
-354655.745084
-351397.208751
-341826.558709
-362310.863344
-363729.340276
-364719.563699
-336756.17158
-367189.443794
-370253.218433
-344940.924474
-351890.637657
-353518.29678
-348910.971298
-345893.974598
-351575.053987
-347117.577929
-341344.149865
-361632.507718
-348924.668504
-350548.378793
-340137.795578
-355417.763574
-347478.040049
-351735.446893
-369907.127996
-357784.067329
-369825.339738
-366361.463185
-364954.913521
-345577.398101
-352392.421674
-358483.658127
-352606.796824
-376952.173232
-360457.439998
-355712.133291
-362833.771109
-370799.344663
-346079.645648
-349950.039727
-345548.689312
-351304.504496
-355447.607003
-353782.398957
-357407.239812
-345104.810179
-350584.823661
-355178.794292
-347894.941672
-358140.932514
-362477.408223
-357817.200837
-358411.321711
-358872.093638
-366641.74833
-345977.638058
-340108.637497
-361303.191232
-342350.398668
-347515.061175
-346548.732632
-363040.126855
-346222.67459
-354650.062418
-340992.300742
-372589.984992
-367533.954709
-356894.018673
-365081.798738
-366605.882943
-337709.32802
-348887.779932
-348036.319263
-370428.057617
-351153.469475
-356132.423996
-350457.437691
-361518.54973
-363218.813706
-346018.844584
-359277.4822
-345141.140489
-358961.423962
-340205.803715
-366725.714596
-365818.808656
-352095.790216
-343552.328931
-356753.737535
-353379.073191
-367938.708692
-348468.899608
-360689.43686
-362550.737017
-353561.316653
-356567.477673
-359084.942613
-374564.911215
-371529.325701
-357374.10253
-338020.629801
-349579.139521
-355426.931435
-364227.163247
-358517.839436
-364401.239403
-341269.741612
-361141.039851
-354350.06558
-353452.527148
-355743.459608
-354485.332347
-354403.957462
-353578.936278
-354321.999578
-345855.608443
-351502.829243
-369209.494302
-367767.215609
-357571.798534
-345789.853587
-352093.895262
-354747.146013
-360364.386303
-361277.958617
-370535.5496
-371402.957976
-355381.559097
-363943.553069
-360674.143024
-354402.068029
-360335.161828
-345809.092946
-364381.796864
-358398.971006
-366417.957048
-375589.724889
-354110.950914
-354130.369232
-366323.53877
-340315.894099
-369481.232344
-356278.412497
-349711.900377
-338339.48108
-355960.813913
-355154.704576
-357242.029415
-352018.288285
-354284.411273
-357338.30595
-349878.406271
-353839.81544
-355787.839135
-350804.380789
-342997.234377
-361239.131758
-363088.916232
-381739.525128
-351176.005097
-349307.8185
-359614.76354
-365525.482258
-339016.890416
-358027.854436
-361837.155101
-359168.70892
-361492.972989
-358711.966436
-341138.656033
-348900.34087
-361852.364538
-352718.568416
-348175.714946
-352709.52289
-363028.541002
-341696.000437
-358494.454766
-350598.875883
-355066.662564
-359143.62918
-358678.646588
-339205.266209
-355306.353896
-366993.005481
-346183.992279
-353909.948073
-356538.418745
-357815.505341
-353575.22853
-369685.397353
-341530.177759
-361142.906243
-341963.708642
-356451.063653
-364048.952774
-328869.061983
-354161.229693
-349738.252917
-353824.454157
-348437.645241
-363403.107953
-330596.055218
-363755.860298
-348403.417678
-353025.373815
-361723.444974
-359802.496296
-346855.498753
-350456.905751
-350124.635089
-358827.541678
-342991.253896
-344739.051821
-361593.778135
-370377.776993
-356493.038057
-355513.072052
-362104.489937
-365874.801202
-344922.517987
-335951.712091
-338514.362134
-341364.819574
-364746.765479
-353335.513066
-350281.286894
-326568.59871
-340015.58198
-355739.197932
-338309.093127
-352412.689876
-371187.433836
-365138.385195
-363000.392056
-346248.99481
-350725.427532
-368776.184381
-346882.240482
-362131.736061
-322261.920951
-338932.844919
-341395.991818
-351335.118833
-350363.846886
-332870.348764
-364603.803497
-349274.193026
-351025.581373
-349209.609726
-357122.741619
-338144.332592
-359862.602702
-357846.591039
-352003.080584
-357547.440769
-351270.313251
-366297.006681
-362653.489537
-349547.430346
-342519.138576
-352845.395029
-342465.530124
-355892.989242
-367497.749234
-345424.471819
-346639.763439
-341569.665165
-338069.553188
-335559.350567
-349841.188526
-346027.653514
-344983.545866
-351958.127486
-365528.862169
-372701.953534
-349323.231912
-354490.504811
-380484.610251
-349955.540261
-359596.459514
-355246.479003
-355581.059533
-370723.775744
-352840.610897
-352488.901072
-362786.661047
-374580.993263
-367069.133208
-346001.269544
-366810.048832
-349456.022841
-358508.31973
-357063.421374
-346298.655361
-350648.818848
-342811.472711
-358207.809566
-360306.329274
-340575.844918
-357624.295665
-362374.555304
-339424.595049
-355029.641003
-361015.348585
-362790.872975
-360183.622445
-353945.163861
-355708.068972
-353252.401913
-355466.023567
-358288.669716
-347437.454608
-348624.401009
-353691.4202
-341354.56956
-366783.506982
-367516.937025
-364787.404716
-362126.745186
-343857.800298
-350804.981355
-353116.370458
-354440.240757
-364653.395316
-358615.801359
-372232.017402
-364838.866684
-347996.908231
-359555.081935
-356336.850759
-354727.948962
-363415.140758
-352524.4806
-357589.201487
-358882.669883
-349032.95233
-349930.260472
-368370.342588
-344662.735661
-359941.70998
-362063.118137
-342953.957494
-366302.593411
-357197.440317
-355019.640533
-350540.900213
-343032.065833
-356123.929723
-356648.287346
-357728.118242
-343160.782351
-365243.074075
-351776.090241
-358144.991622
-351620.598263
-339592.075201
-361767.426368
-355371.847178
-340072.254061
-350788.088885
-351456.997676
-359283.455399
-374469.444456
-364144.414598
-361406.604565
-343353.720419
-336677.042385
-338909.432271
-348518.493366
-360773.932531
-351105.093647
-332234.88898
-349108.518182
-361407.017974
-353718.220107
-356094.529874
-358276.983261
-366109.608594
-348458.327648
-350625.798934
-353369.09073
-351352.199529
-323465.48472
-348126.829378
-344988.89458
-361981.075948
-346728.026903
-350304.882382
-355965.276713
-351691.346662
-343689.928688
-343736.973333
-366045.839113
-357097.754517
-355752.2581
-342702.755591
-366589.28734
-370164.832145
-342687.141015
-353298.747804
-360633.973859
-353159.719541
-353967.488805
-357629.947668
-352403.186972
-356064.713319
-334029.304204
-361562.105636
-363437.723707
-368841.018965
-362710.644999
-320306.280264
-356833.008192
-349138.119694
-364414.282612
-357193.13839
-351605.28448
-340391.667846
-359688.170926
-354054.456118
-358812.278946
-350625.146027
-340918.981195
-349427.752976
-349374.947735
-341927.412591
-351542.940163
-370260.617142
-351965.198329
-351810.804859
-341923.393167
-343694.25077
-341308.052903
-353973.949684
-366662.073123
-357441.08473
-352288.263016
-347663.859105
-346780.246629
-352837.836085
-360779.977448
-356458.662546
-355842.394187
-359187.65983
-349161.730014
-353458.959243
-352588.973831
-357404.793797
-354295.660539
-352851.193314
-361428.65135
-352572.49541
-352270.635217
-366007.528896
-371248.867048
-343336.066333
-359647.033589
-360179.836636
-360486.590872
-359714.670849
-360573.695277
-343111.55381
-353048.482639
-355413.420757
-357314.145336
-366519.937748
-348901.816837
-358793.374444
-352419.24156
-358652.203436
-374093.707071
-336097.717808
-349551.665101
-357174.721089
-353003.658629
-348237.506255
-357298.513045
-364975.125635
-363559.891013
-362019.131458
-346960.395262
-354608.969275
-345294.062758
-364899.458386
-365382.462021
-361199.586816
-360194.307031
-374014.069408
-361907.974165
-340263.241081
-351970.319707
-356358.396642
-357056.513894
-368928.637472
-340108.384533
-358222.5218
-345519.025769
-352885.481224
-355506.107579
-359618.240062
-374303.308584
-363886.781481
-351430.230095
-362686.022832
-344492.749646
-351946.870943
-361498.552921
-354810.825844
-342712.683357
-345674.823548
-346204.047221
-359889.67668
-354206.96567
-357298.170454
-357928.093252
-340719.489222
-359975.411163
-373645.673764
-366458.809956
-367228.673258
-366747.792477
-348642.094216
-362608.401123
-367672.088087
-359916.987398
-365174.438078
-358457.364119
-356009.970526
-364457.834824
-350885.072255
-355461.251666
-366551.292959
-336378.837329
-355009.256862
-354589.149337
-343962.070606
-368374.799935
-355624.140192
-356096.190033
-363713.051674
-350020.641201
-354531.071676
-334117.083242
-358487.110532
-355875.018107
-369679.899067
-349273.519041
-349807.040488
-348842.008355
-364159.628531
-355664.607815
-346922.416329
-364110.446891
-361010.544817
-359022.50549
-350007.332874
-345785.889205
-359395.338146
-362006.306443
-347923.853821
-351811.250268
-346573.563263
-350107.996355
-356199.830988
-351697.902888
-348828.669524
-351035.384946
-353212.116042
-339035.648286
-347834.114152
-346911.271203
-357271.010915
-353275.873327
-356337.509226
-354581.406717
-355029.35763
-367803.068662
-362886.718553
-360480.433889
-348310.741518
-349478.955739
-332571.957145
-344073.41238
-348636.845985
-344422.697127
-346707.207626
-370042.123624
-361069.527141
-338684.723083
-351249.221579
-335065.575701
-359419.499701
-366529.046782
-355014.832874
-362566.281397
-358843.720108
-360246.07071
-365997.770094
-358779.454174
-354216.526486
-352682.996704
-366281.396074
-355763.489206
-365028.180788
-359778.920916
-348416.418194
-364424.301531
-360552.074587
-356291.873711
-367491.205485
-333415.092559
-349138.132735
-366489.64545
-359887.55051
-338227.796726
-370177.278965
-361693.073919
-360443.300237
-339817.03333
-365743.509451
-352611.517888
-363831.820198
-349612.599012
-347056.571457
-354022.185301
-354663.275191
-345787.362772
-364932.502911
-350024.568467
-362946.868504
-365152.842209
-358808.95799
-350889.387904
-355433.884065
-354062.71132
-347634.924193
-351150.841284
-371433.309464
-349013.788711
-353675.397012
-355715.982067
-361053.367786
-358336.371517
-363085.866438
-348455.861091
-345739.831158
-358268.175076
-358725.483398
-353874.665013
-350166.924923
-344424.738507
-327994.087004
-360335.127892
-370167.05353
-353612.840303
-345467.533784
-356454.85086
-361777.817252
-356091.560824
-353999.756373
-373564.884537
-370874.199745
-358571.068937
-357954.093355
-360858.070951
-363403.537798
-359151.517519
-356218.236617
-340351.96502
-362881.467889
-351985.855312
-355429.684397
-368701.727608
-366936.816087
-353089.180344
-357713.199819
-358377.090834
-358476.187935
-360528.595507
-348914.175335
-356790.714896
-373376.174013
-354946.574373
-360052.546572
-348608.538457
-355053.88156
-354134.53099
-356863.432923
-332699.915978
-363379.008325
-349322.728095
-356255.371006
-366869.165781
-344054.504951
-363995.087767
-356594.853442
-359061.360804
-348396.736601
-353304.467751
-334827.563164
-354780.305847
-352526.553601
-353930.697275
-354724.860982
-357385.881982
-358697.3573
-355248.29528
-342070.408708
-346159.247018
-368856.650226
-348237.988924
-348059.743343
-351240.676962
-356063.011469
-333043.36427
-362200.0158
-360420.877032
-338470.28093
-355087.125298
-348103.774998
-345896.141919
-361288.701216
-349153.758876
-364697.874443
-363799.597306
-369112.282899
-355969.01275
-365511.206764
-356034.222226
-369566.263048
-340381.858938
-358032.620759
-355760.812021
-350275.386859
-369200.886223
-367986.412672
-356097.187853
-363591.445451
-361198.380249
-354794.269418
-355203.615546
-349111.520611
-356977.126228
-362456.973489
-360540.111802
-357593.03426
-359263.744496
-360114.039411
-332309.105068
-352522.698993
-352301.946848
-349589.698533
-347351.548985
-337957.39538
-343666.758338
-368309.766404
-358195.32788
-355838.619386
-347779.517828
-347054.743136
-346439.959279
-364783.868965
-356330.822724
-353702.70584
-352591.416541
-358735.849855
-353356.036277
-375494.991646
-336595.855165
-357241.186587
-366709.688239
-348755.888527
-347814.220289
-360351.698443
-348834.311645
-356850.113599
-349612.31663
-358440.402711
-349884.338164
-351318.957173
-346646.914437
-346038.840916
-366975.546107
-364608.817612
-364722.889715
-350995.532533
-350530.865543
-366925.167356
-353883.069656
-362741.885785
-365401.226852
-342584.040427
-350105.36996
-355332.72192
-350710.047315
-362333.65094
-356212.710121
-367815.85454
-336272.545827
-360983.228993
-356740.35814
-349835.294962
-355005.27427
-343886.536897
-365991.673741
-347919.713037
-363092.187137
-358147.052457
-367185.745229
-347542.300531
-360033.887197
-345724.187884
-357742.519393
-341543.212078
-356885.709609
-360283.095372
-362746.963284
-357951.869065
-356445.8268
-350017.625296
-346959.730252
-345687.143758
-343561.094844
-366298.6666
-367766.321863
-347637.52506
-357936.367457
-348936.566687
-364159.735561
-350777.879391
-348752.110428
-351507.972424
-364643.096235
-336579.805312
-349060.402716
-361278.08963
-362885.553994
-354526.161284
-358465.651595
-341086.31168
-350653.986622
-352250.229158
-351226.460938
-344640.626397
-366086.689037
-339441.290608
-357412.009313
-361798.39636
-359108.161627
-349216.143083
-332904.466031
-357550.428509
-360330.898898
-343040.87041
-341789.667128
-371721.300882
-355818.514378
-351173.839204
-345899.793815
-351928.381481
-353738.920538
-366182.754711
-351475.687412
-351480.697781
-360102.393084
-344016.097352
-354074.412927
-366790.224577
-355875.190378
-361355.541024
-364579.279401
-346359.809247
-352367.133355
-351857.60334
-370205.059497
-351329.533418
-356723.888788
-352543.951085
-355643.529635
-346571.440526
-363843.096126
-355627.681139
-354625.230091
-362913.977946
-359749.963299
-349260.379511
-350304.606265
-361811.539066
-352596.652813
-350106.494392
-345343.295066
-362079.653463
-341831.706971
-349240.215193
-341167.276696
-357199.990894
-375480.549278
-365303.171162
-353070.993778
-338754.135844
-351912.259308
-355037.957641
-347880.306715
-369792.041158
-369384.642909
-350317.517171
-352569.341369
-363388.025574
-348727.355007
-357394.196298
-360370.96889
-342346.318336
-369412.825619
-358701.429522
-350254.331962
-355984.951309
-351908.656417
-344222.901299
-371425.942926
-357019.416185
-358043.402393
-367326.480749
-357830.414356
-353642.401771
-361604.071324
-350020.522066
-356150.702554
-359234.717011
-350136.813841
-351355.36216
-355085.028784
-352922.230378
-361105.747648
-349725.845149
