-588627.795698
-610305.417979
-565385.289525
-530673.949969
-625705.953474
-496975.648434
-620756.696695
-605744.161698
-547539.861409
-509015.797405
-615625.228237
-532409.176573
-522707.175183
-577641.100843
-541544.443529
-559601.650185
-607859.00188
-600796.726311
-584701.540388
-568335.497309
-703858.231621
-674268.302765
-624066.618034
-687386.532482
-705153.949401
-677211.125909
-696871.246536
-681273.875019
-726696.729074
-677928.362973
-659588.898623
-700996.597022
-670106.955953
-646209.442547
-664655.009136
-684293.402186
-676042.82851
-695530.269297
-719775.132251
-682596.248748
-696696.59043
-662902.345286
-689158.216065
-688538.722086
-707281.062144
-718832.482816
-740561.419134
-738523.041219
-721370.099228
-727918.144713
-660572.305855
-732639.851401
-723109.897525
-747286.18269
-691346.255847
-685617.563433
-668518.553593
-706171.826692
-732058.278662
-708256.537108
-715410.662907
-737830.527831
-706373.176413
-747516.08751
-726679.31292
-755963.063137
-726360.850637
-725676.127713
-733842.533296
-725612.239617
-705415.147968
-706780.457525
-733108.366257
-716952.578262
-716437.74433
-711729.521035
-688294.34126
-738724.90905
-746299.680108
-742398.905529
-726700.280188
-707644.455622
-735490.137869
-724776.78345
-706873.854435
-750262.805637
-730436.566844
-721773.946899
-735892.527553
-720970.923724
-725630.762405
-723153.913699
-726958.980388
-724970.05515
-741025.464072
-747161.32797
-734238.65743
-734869.49448
-732555.27715
-736886.578003
-702256.824602
-719673.848288
-750208.189083
-738109.765256
-708328.744821
-744652.745023
-726172.347753
-729742.534189
-729243.855027
-755080.345261
-725979.598031
-709790.339994
-743807.127768
-728267.5497
-715235.293114
-741886.205626
-698684.499272
-737709.588871
-729047.630124
-710135.413624
-721991.403244
-745732.643455
-724310.255416
-702363.384695
-716005.370106
-742416.393332
-735732.252388
-740176.360755
-760777.492477
-749502.829629
-740422.46567
-728496.606259
-738793.834906
-731989.182167
-736357.497848
-715779.102319
-725212.358522
-731889.277762
-715198.085034
-720806.673635
-721475.680757
-753291.418879
-727800.819899
-735202.218462
-714568.939065
-731824.982846
-743919.525691
-745268.570058
-736719.326606
-736483.720792
-724476.139966
-705897.701395
-738461.240755
-711729.227955
-740289.036695
-713648.991914
-721579.840337
-729844.208677
-736482.514825
-735600.633041
-712123.901381
-726201.663464
-741569.200634
-725110.314886
-686702.622281
-730518.949904
-727506.090945
-749699.240031
-740318.057093
-722330.428852
-737595.869927
-750299.783448
-709374.812657
-726332.347263
-733951.699363
-722981.737256
-747139.889133
-739844.867669
-706579.202582
-753376.299983
-718246.934575
-724882.415472
-723988.205879
-712259.512087
-712722.974979
-755261.124808
-738935.591237
-722587.538294
-728358.364606
-724195.826209
-734200.80787
-699438.431709
-729916.270434
-715803.085249
-698338.438583
-732693.860638
-749644.580236
-745337.360454
-735251.988445
-735119.490091
-711471.375473
-730730.767272
-718951.391208
-732961.052299
-727426.251718
-749186.376624
-723854.00198
-738524.637717
-738630.641183
-751891.904114
-727314.988918
-728024.177319
-727938.02703
-729289.063366
-742697.329423
-698923.545433
-739796.545693
-731226.565526
-737849.808073
-729214.498334
-739462.112434
-730730.965377
-752146.899041
-722441.906989
-731270.046933
-748198.283399
-723153.960016
-737063.400905
-733763.825428
-699634.287597
-719363.796525
-688875.236816
-734744.210248
-719674.08349
-743958.81807
-720433.565812
-728385.199391
-736054.668901
-743815.847068
-755982.60541
-735747.43764
-748270.999938
-729603.179027
-737787.535795
-735347.680938
-726209.495334
-700368.518386
-720789.946218
-734720.79574
-732565.337047
-739781.049748
-720313.78766
-735922.186066
-740952.259661
-767650.033491
-706773.581976
-740125.713989
-729942.668696
-734336.630955
-738107.181668
-723396.737693
-733137.242621
-733699.47979
-714586.327082
-730575.941401
-744834.391406
-741451.835155
-736587.546929
-737293.78268
-731328.859902
-745389.798988
-728460.516249
-713004.738361
-737164.299814
-716448.388423
-720820.21867
-713289.272382
-719161.967073
-696513.406505
-723036.506488
-731972.956861
-709687.555993
-737653.389878
-722577.684726
-706676.840807
-710264.247873
-725229.247
-728510.483522
-734319.069326
-718844.175035
-724613.996979
-734767.258918
-722686.553202
-738182.547395
-743639.148891
-704743.209608
-716306.866395
-737245.114529
-736090.67659
-739565.485064
-718257.429226
-711972.993226
-726631.320323
-736308.986552
-704175.53143
-729021.007445
-737214.846381
-742404.203574
-744183.116889
-740905.046633
-729655.66824
-718281.175231
-728084.089265
-692571.34468
-728845.963854
-690410.893554
-730970.332634
-705219.223783
-728454.086267
-727295.705826
-735089.850716
-744511.897632
-727145.288315
-713967.288069
-710043.212566
-714850.143842
-711391.227983
-721105.58963
-732940.424439
-735474.983795
-734080.711529
-730091.292504
-723872.563134
-736522.807583
-720903.538797
-710608.857743
-740983.001226
-730640.940737
-733739.567868
-738077.313809
-735297.859758
-744761.82104
-732378.101266
-715818.280936
-722206.348567
-737061.442497
-750468.103327
-731711.774689
-724603.710386
-727103.333983
-719368.003961
-709146.246852
-743491.947519
-742577.444622
-739636.437313
-706507.546158
-728339.919478
-710603.152294
-700332.401781
-761622.209994
-737515.017059
-703416.087787
-752949.668252
-739685.384353
-744581.049282
-718534.983888
-737388.95091
-722983.985098
-742887.797816
-722862.09646
-726406.025524
-728785.544537
-718052.954741
-738151.284481
-747927.440503
-727860.873372
-701841.140835
-732038.15896
-730396.693659
-740577.086203
-739195.378531
-701501.58199
-730642.671318
-718383.295717
-712043.686444
-720868.243967
-739260.549997
-722191.081116
-754045.828289
-716975.428241
-733264.31247
-717538.891333
-721823.83158
-703050.679809
-737931.24366
-721317.959865
-731349.764829
-696696.440049
-717542.804066
-740997.912824
-724126.800244
-750643.606049
-758772.441291
-708304.081252
-724476.046862
-738935.381549
-716660.774286
-725967.74803
-727174.059901
-700794.330076
-731615.519055
-750966.946191
-713406.140303
-697622.50292
-715505.736774
-725586.818224
-713297.938539
-734812.680035
-708062.415438
-726742.472026
-711994.787238
-710363.918027
-740809.92096
-710947.462256
-734186.454217
-749715.98149
-738850.16178
-706730.283296
-726484.0807
-736205.601846
-710644.358136
-719088.36427
-723667.716158
-732119.28392
-722699.501259
-742432.927021
-701376.456271
-731442.309799
-707783.231365
-747085.168152
-723734.961263
-760112.462057
-725843.216551
-733724.102641
-722281.429675
-715513.875364
-734507.471912
-735148.97627
-727943.268995
-718648.695132
-727535.96549
-750151.774671
-708011.704205
-705668.401862
-737536.072028
-675234.985522
-719191.800562
-721729.953612
-740205.547572
-723290.31452
-692281.49893
-721109.520969
-730391.408862
-739052.372121
-705708.911699
-715683.721053
-742091.655116
-725228.673799
-706112.857886
-710220.115358
-735305.099262
-748763.367658
-739561.922067
-724556.654842
-741136.680908
-713381.243167
-702584.127497
-726186.639306
-703501.875011
-727560.383392
-734092.277461
-700093.295912
-699581.60118
-724099.10496
-724534.629174
-749142.618171
-744771.976541
-724721.05408
-729375.269142
-718638.080641
-717610.224544
-708565.870853
-751794.94988
-745267.998068
-715865.317916
-731712.673164
-739898.622289
-728238.847016
-686417.565545
-753639.662231
-742553.915403
-734825.211256
-726307.276524
-742639.005711
-715354.100165
-731827.655799
-706349.818359
-700033.888743
-733197.009775
-710298.659906
-731574.569446
-733456.163341
-746891.519239
-724332.397426
-744852.205323
-696118.995724
-743853.602404
-717765.950943
-729559.072439
-713118.529867
-746721.550913
-749026.165395
-701189.430864
-733667.258147
-704656.210744
-733859.872004
-721771.822511
-731957.615249
-727382.004911
-711552.73181
-729669.174924
-724498.536458
-700263.495686
-721275.722088
-731723.785035
-737354.391637
-729314.071568
-716450.255082
-745331.776509
-718143.153408
-729549.986294
-727423.96935
-716283.494207
-714772.370907
-740906.603185
-749959.782802
-752770.851141
-697929.230522
-733080.182445
-742360.39596
-729773.459065
-739440.812275
-729691.613151
-727565.341402
-749166.019714
-715707.753059
-720147.54302
-713129.189994
-724383.779596
-717185.676621
-715743.07342
-733487.365924
-740740.898555
-734797.849333
-690445.871672
-747172.846413
-733846.781289
-738603.185651
-710896.904246
-742909.896879
-731052.367514
-727525.534758
-713593.057825
-729838.134074
-739998.755094
-734799.599195
-722938.152245
-729630.547496
-700304.301587
-729141.051988
-729360.626794
-735628.294083
-730404.767436
-722634.104145
-714653.051852
-734394.307598
-720044.835661
-754911.980505
-688822.75092
-729387.465518
-721339.73629
-739091.978817
-743411.069291
-734759.723942
-727382.610215
-734632.815824
-720165.354111
-732896.910125
-734908.889958
-719939.621198
-749877.314768
-735287.935352
-726354.457767
-713077.250853
-731122.046906
-718155.206191
-698344.415786
-733701.961677
-743920.099119
-720957.698881
-720409.579135
-728669.377177
-719782.008899
-705441.465294
-741902.640211
-738608.412256
-731329.837382
-732750.656064
-734765.662213
-745941.385953
-741942.007506
-723410.233376
-738730.186976
-722101.062811
-717113.031673
-731105.356633
-744547.590104
-739685.718934
-730687.992678
-726284.59087
-710782.937528
-741692.17022
-737074.359942
-748165.496346
-737577.356648
-692596.87732
-725930.118163
-722238.715781
-706587.011822
-718928.268156
-725801.57394
-744062.629972
-742124.034264
-706137.330687
-708136.711809
-754770.479654
-712133.948831
-719847.551708
-717806.812436
-718859.552307
-746215.098915
-687649.302444
-705838.670517
-722908.577121
-730251.238298
-725085.740625
-738191.688255
-734698.440238
-735005.744454
-733072.906255
-751886.496711
-727869.160583
-754458.577685
-742756.815282
-718569.566488
-753231.013576
-706331.478268
-731868.349358
-740517.287889
-724606.909361
-726218.311306
-727017.934813
-726496.662035
-726848.740375
-746053.540668
-706947.934539
-739720.871289
-722246.425505
-732104.51768
-728505.741135
-725305.836662
-719884.21082
-722042.733398
-735152.172168
-754668.174184
-729827.987784
-738718.473988
-751111.620761
-743899.972283
-722238.729418
-740808.479681
-726027.625531
-738766.162074
-743703.691742
-721831.187533
-717178.634049
-749835.270447
-750077.363714
-740998.100958
-729037.12718
-734057.908638
-734535.471462
-731988.667247
-754307.604956
-740329.181387
-741660.423895
-739700.815627
-727901.404237
-732452.820861
-720425.12272
-729657.991542
-718750.351018
-710347.677539
-737833.949775
-749723.068508
-700689.060706
-733110.220419
-719875.857627
-758405.533957
-733488.234816
-743289.217654
-699884.243961
-731674.784401
-713904.579066
-732205.664431
-739160.057237
-749155.955612
-732484.212652
-732415.961601
-718008.367561
-724006.730516
-709282.722025
-732981.194164
-701992.933239
-732755.385688
-716070.462436
-747084.690539
-695018.993498
-726988.305714
-732319.239872
-731561.906416
-725766.311495
-739028.227288
-696928.817088
-732444.119158
-724237.586098
-722848.03081
-743874.900103
-735813.898115
-686363.207829
-747608.810742
-752838.388829
-733478.503566
-718094.716374
-728871.911421
-728046.303546
-751250.185227
-737159.855975
-745485.404181
-721349.782545
-715720.949822
-738777.241703
-726035.857821
-702492.950155
-707579.789478
-731067.662578
-718510.094633
-730520.1626
-756360.703815
-708119.406871
-722866.858266
-736446.065631
-738779.323336
-737688.89148
-723777.807207
-738245.003357
-737728.939521
-732609.413275
-715101.462836
-728460.188654
-759230.042965
-725018.8658
-735964.631432
-722397.523834
-714993.02386
-730052.301307
-742358.886637
-740363.829214
-748832.94009
-700514.579921
-717915.383486
-732456.374078
-744204.294881
-733674.966466
-726149.533621
-713504.932921
-730554.129954
-737504.707941
-717107.569273
-728816.611433
-735948.59817
-716163.748188
-741939.066923
-757697.49913
-731216.60517
-733778.315137
-719869.529261
-714845.002626
-729416.360579
-717141.158759
-732921.09948
-723304.828765
-742523.275797
-730932.059216
-761464.358471
-700440.015845
-731592.904704
-730675.14868
-702674.751659
-722361.801099
-739564.050058
-735064.190272
-718212.078067
-731167.317258
-750456.014504
-718503.525664
-730070.495103
-727490.887425
-744566.112703
-712985.262706
-735297.077505
-725524.220324
-727566.575465
-729717.898995
-702997.430625
-723591.081145
-735019.76696
-744693.310062
-720102.349611
-734267.081632
-724269.909906
-716064.828711
-736291.528048
-712148.96129
-738904.752972
-707559.204374
-701059.258927
-741058.541583
-748911.247273
-750558.175949
-714872.078382
-713154.216359
-758004.16141
-747456.182722
-746006.183531
-714484.150987
-750731.932042
-729265.835973
-735483.474801
-719964.545178
-731916.777799
-754318.61259
-747525.737152
-712668.588461
-715159.748086
-732970.477475
-754899.710378
-738256.294567
-739954.649876
-718661.448201
-733056.890125
-719041.469932
-720931.865514
-735807.967874
-733313.760728
-716634.0229
-727291.485105
-732466.069072
-730310.682706
-727355.525067
-714438.426585
-735200.275859
-755557.358812
-740091.780054
-724542.563437
-746224.26943
-736828.641296
-723315.020064
-719042.508975
-741264.279805
-718369.209552
-730305.644412
-719142.26241
-743937.047919
-754898.186988
-725087.134229
-755386.053864
-731590.676548
-731044.67741
-743924.297097
-690984.023094
-748022.193999
-735694.739081
-723530.865737
-738239.177887
-737887.15493
-748269.131503
-731338.53117
-737905.458304
-740210.197746
-729870.362331
-731246.853235
-728781.332486
-732554.578403
-736834.840913
-725154.495552
-743109.226549
-717102.427589
-718957.162687
-707205.857197
-722850.686453
-747543.450295
-751941.99993
-743686.803895
-726821.905562
-714426.432596
-732472.616134
-718168.547611
-728641.718048
-710096.728921
-702855.008575
-736316.552375
-727244.955158
-730992.462328
-721175.001476
-724697.504017
-721245.985749
-737207.136451
-710470.340061
-697235.301749
-710203.880049
-744801.797219
-746901.252551
-716915.612265
-723055.862888
-736281.687605
-721426.007139
-731043.089703
-746024.008711
-731810.813961
-712996.019431
-723916.750273
-723051.858207
-738310.626919
-742643.302208
-699772.289278
-705814.453756
-726638.35154
-715627.462016
-738253.867015
-705104.905568
-735393.919782
-741549.580607
-701902.153201
-735337.526261
-762879.773024
-723802.718235
-714240.82403
-745518.401674
-734145.419736
-705269.347442
-729467.940387
-723023.35461
-746941.56663
-745160.186518
-749514.223652
-743549.106113
-721465.90677
-716812.235994
-727515.274143
-724050.49019
-744395.714849
-733108.192548
-735818.745208
-715028.573373
-741947.776269
-724038.524288
-720448.882784
-720634.640193
-753402.611968
-743020.010703
-748661.356731
-739394.999505
-747367.899964
-724566.507092
-745493.514745
-737935.15572
-750837.09877
-744776.624014
-733700.204849
-734183.452106
-724198.283493
-749071.174323
-716587.521827
-729427.135682
-706419.631085
-733000.262104
-738597.315033
-735766.812217
-732515.256214
-727867.716471
-733490.967728
-726340.938992
-742126.093661
-720365.526973
-689409.966915
-731923.368313
-748593.928716
-746642.64705
-734799.493172
-715277.132599
-723889.533597
-739170.079325
-705857.382216
-725442.141199
-731782.833331
-743611.883187
-724461.228927
-744678.58216
-750232.584159
-732437.281773
-722118.940754
-726962.274757
-730784.464429
-714723.15024
-745401.137135
-725774.402922
-748014.707227
-740637.285904
-729506.568885
-734813.518043
-723104.78386
-748853.254716
-718325.24314
-741693.088648
-721985.48132
-725405.299614
-738765.508973
-715412.410042
-736985.034511
-729612.265753
-728221.719788
-760570.657416
-730677.751908
-727041.099049
-692699.239737
-730759.141638
-730844.318968
-705854.736146
-745079.515238
-725240.512974
-736270.375445
-731918.204441
-724386.95338
-741793.521187
-725751.72943
-735024.116893
-731464.172576
-720163.426965
-701529.721811
-731536.595617
-725334.225281
-676996.267054
-704390.290817
-754789.764324
-721795.257983
-734891.537378
-711714.084626
-727270.613454
-736161.710569
-726779.162499
-738754.386744
-736882.365379
-696098.127686
-692126.052901
-729380.28646
-722185.458707
-720803.972455
-729267.989092
-745758.648599
-722510.232714
-745098.868841
-741113.097866
-721775.846977
-734183.339446
-706652.065231
-724253.654595
-721821.104225
-727872.083259
-734563.93217
-744201.48568
-719863.590856
-747644.105076
-706119.131619
-749521.216361
-743860.68364
-726026.446364
-745141.95486
-736817.648696
-729825.898551
-724888.975778
-709735.800349
-744722.50045
-742242.227591
-740348.534519
-735970.031052
-756657.707404
-737352.637166
-725795.850401
-727015.201308
-736100.593215
-722758.549917
-745043.363134
-751715.77937
-740560.397591
-747516.887855
-743913.313204
-737059.053038
-732122.831526
-726846.746407
-723887.710277
-726495.088069
-744241.643238
-725239.610483
-731014.382009
-736683.387626
-732738.61272
-735927.528135
-719405.491276
-724475.736028
-710816.418542
-725242.5454
-754246.562896
-741434.481262
-712150.11619
-697481.695278
-732026.312969
-721842.171688
-700974.486018
-707400.854484
-715813.291464
-726158.338207
-731562.705006
-715606.155182
-723176.353704
-733703.762325
-733169.866644
-740310.650153
-752554.348417
-729636.285382
-730859.340399
-731211.225165
-744052.531201
-727248.168541
-749819.599265
-728491.833845
-722603.746594
-726167.029736
-724554.007099
-713864.493048
-731530.049028
-732033.015054
-712275.117743
-741172.158267
-750594.401756
-706962.321134
-737694.92378
-715744.117301
-705167.503843
-732931.562902
-696634.572962
-722012.744441
-762131.772147
-738805.058189
-734753.365073
-750931.177131
-726594.789457
-742946.865479
-711717.285099
-702057.241114
-742372.416308
-710512.306139
-724195.930486
-723654.720239
-735384.291528
-734262.470797
-756679.832625
-732263.783594
-718962.278094
-723080.138892
-728400.554684
-700624.910557
-758964.427191
-696150.6693
-730307.483675
-715425.642219
-734803.247993
-749653.653424
-757057.238208
-732778.510061
-726244.230321
-715660.829599
-704826.371667
-731943.778204
-752090.359086
-709245.642514
-747682.851008
-730204.825669
-741900.041959
-730744.527735
-734529.17776
-718642.336403
-719439.183934
-709998.616419
-736148.448199
-736448.238701
-749123.82426
-727197.06196
-731110.228244
-724664.712671
-726277.220957
-707530.955931
-735153.199851
-714651.139964
-756687.420139
-696281.29185
-725708.752343
-730356.152911
-722770.581467
-732606.505994
-719624.689498
-723851.495073
-727549.628967
-746066.79284
-731921.1081
-760312.540585
-727254.988737
-750795.520529
-758675.790332
-717731.739345
-749091.61316
-694208.908941
-751410.129981
-703246.768035
-692153.442649
-706510.891432
-729223.72879
-742577.454765
-735889.688725
-743391.625028
-724615.940955
-735657.456175
-725940.142521
-740144.565902
-741985.722975
-744707.025703
-717602.795744
-710362.982566
-742861.491223
-712963.490486
-729225.06638
-757106.506196
-736719.950352
-741062.483312
-753263.288582
-742286.713223
-722319.882349
-733862.688998
-722704.33454
-719741.476646
-735348.364753
-748507.968153
-717704.273201
-727644.048838
-734825.582581
-727152.263968
-748773.221248
-729554.456655
-725547.949451
-713704.412311
-723794.09967
-736919.304736
-738319.518957
-697159.14799
-741371.726574
-724690.240674
-719249.858958
-737790.896656
-717148.245654
-717997.271687
-733712.89001
-736069.773959
-716236.120301
-720231.219117
-751208.540644
-724539.181228
-713370.985953
-719300.75296
-734991.37571
-745187.650862
-750114.572298
-734788.397614
-712502.79911
-716444.747313
-726524.539094
-705110.424827
-758056.141796
-729881.215905
-716794.164885
-725516.862886
-706743.426294
-716754.281012
-737190.312836
-708503.658535
-737276.177914
-746484.190507
-714475.993753
-731456.037419
-712105.188261
-706100.620608
-734448.915473
-739742.396137
-725613.091772
-731054.577667
-722183.723074
-737494.117709
-739196.503938
-704588.618288
-710926.520068
-732017.537275
-706142.589006
-718605.655766
-733307.874396
-702166.14909
-739339.994803
-719051.049781
-736946.998205
-722357.78627
-717803.203354
-727770.057579
-737993.038424
-722909.885377
-750183.584407
-692378.241649
-717417.457765
-733988.920611
-723785.483023
-736122.639087
-699730.596745
-729262.091348
-719788.486913
-743079.239798
-708845.38273
-739108.293927
-730020.739687
-730830.976965
-737015.937036
-731626.394311
-747687.317097
-732802.828417
-735369.262816
-732083.213338
-727125.940384
-727461.482889
-729046.606081
-729783.219461
-734861.459302
-755795.203905
-722873.96944
-738017.538965
-747287.377791
-746546.187055
-735029.402119
-735958.759928
-727161.020724
-738226.556266
-731645.330212
-735989.179339
-739671.920566
-720680.623295
-735775.086967
-761405.15631
-708247.092884
-733518.35874
-728790.746821
-705854.902048
-721819.421432
-730251.839909
-715069.943567
-709033.279895
-728582.96048
-721966.260078
-739860.232386
-726815.077368
-744471.509394
-772236.130843
-710571.911952
-755677.767406
-723774.621234
-741383.960922
-731414.071171
-700400.654463
-729808.193732
-721258.322975
-709898.595208
-713045.197455
-754902.023996
-724349.036671
-716152.779035
-709005.919017
-717757.640162
-735868.598372
-735019.267932
-744679.935959
-744774.938649
-753305.17694
-713896.26793
-707555.184329
-723931.819509
-719247.82958
-724956.538492
-744188.107674
-731249.542016
-743083.931748
-722510.771019
-733631.609592
-726881.830682
-718840.585828
-700584.168097
-721098.536797
-717400.915285
-732336.49885
-742649.1639
-723969.80204
-734769.65763
-722035.663101
-695738.861547
-702593.098811
-727708.749701
-745766.705698
-708411.222596
-708676.267743
-736898.28956
-718678.284415
-699262.427335
-740681.795685
-740399.705182
-745644.6779
-719670.582817
-715836.746858
-727410.209641
-762264.832944
-744092.059737
-689736.101876
-736651.368819
-749937.919686
-733731.603855
-696887.009676
-770977.480956
-733643.318183
-749777.250841
-738774.338261
-741734.383777
-733477.459008
-727202.959458
-724001.854748
-723798.15712
-753044.00763
-749472.5829
-727213.812121
-748956.368427
-727866.668389
-716264.102222
-741910.071813
-736074.880797
-748311.723643
-683041.408838
-730925.764959
-721594.073825
-736159.485789
-724339.86145
-712733.25961
-728772.19448
-712839.183455
-729557.742235
-730108.52053
-750124.73626
-717029.990055
-708665.93599
-743617.112506
-719673.679633
-718094.126106
-746499.105081
-698346.78972
-732710.385915
-722829.27846
-723020.243691
-727353.180566
-749837.706745
-732487.202872
-733380.547009
-709212.64514
-726742.686182
-742084.435073
-721979.099576
-749379.296195
-728710.883122
-742585.565234
-708509.127808
-733132.089548
-710479.774747
-754160.505503
-718907.057697
-723055.00461
-728623.960508
-724013.170239
-750742.816611
-724615.622171
-722171.633123
-724773.507991
-744989.446974
-734360.63541
-718871.983225
-711977.21045
-744864.137933
-729654.456156
-727735.186984
-714761.670969
-701573.441542
-737783.441938
-712337.491502
-738475.719159
-735106.828677
-707960.134534
-742537.512766
-728917.722009
-726631.867192
-721682.672998
-725326.836205
-741170.856071
-749770.384517
-718568.5393
-725169.449785
-731862.497976
-703223.061565
-754196.022461
-745541.099183
-739621.252198
-698070.095858
-718717.469416
-705137.248848
-744657.546218
-726531.836479
-731969.360328
-727295.923308
-735985.866539
-705877.86343
-730297.832913
-709709.02937
-729390.594914
-721659.617371
-721831.551313
-731629.161176
-739023.222635
-739229.362015
-717841.427708
-732726.287096
-723490.228078
-710825.15395
-742775.756002
-706461.593301
-714035.384563
-716990.70938
-724579.185533
-727508.512375
-744313.974636
-708746.596718
-738323.027434
-739868.198478
-732274.280734
-720790.922482
-747980.67399
-734092.208402
-731189.120397
-744691.676355
-697515.514099
-740267.969226
-747400.797173
-717427.127614
-733755.008978
-710206.11434
-716774.380184
-720269.093625
-722275.011239
-728397.853083
-734211.346862
-723496.805377
-734435.906085
-740907.13153
-734932.727242
-714976.765202
-712257.839224
-728849.081314
-729006.008848
-729797.015832
-735066.747369
-734213.550547
-738870.995169
-715052.661511
-730771.324763
-726209.807916
-721520.941977
-742510.084239
-747409.067889
-738725.746992
-727440.57976
-723102.506004
-725339.628243
-717499.867227
-719964.411404
-759759.17217
-723530.439434
-737728.276418
-702592.325503
-737462.222708
-724629.886436
-694492.550936
-740477.603986
-731242.074247
-725934.506937
-730112.463302
-721305.363405
-722287.912606
-742160.14984
-705392.133594
-724585.998056
-734069.563686
-721241.617037
-721034.01734
-737971.896159
-717650.117851
-729644.909719
-733955.662989
-726802.473308
-734599.124523
-729662.040311
-717723.828299
-739763.339545
-699944.244202
-728097.253454
-726566.133974
-711431.100755
-719596.254474
-735145.63998
-747308.478504
-726048.256479
-720491.222852
-718565.358496
-709484.308765
-742839.86589
-746317.86895
-737821.193361
-711472.059511
-739455.897663
-727308.549894
-729863.534642
-743557.666653
-700054.601333
-688875.343314
-756502.232767
-735507.924578
-715252.422855
-698755.973438
-730195.886659
-728137.137882
-740812.543862
-725125.526148
-719813.889479
-749963.407483
-745602.908469
-722267.592692
-744111.980021
-727855.897632
-754062.498572
-728782.813798
-720391.588942
-704907.063522
-758191.609732
-718675.861913
-724544.761586
-723183.43184
-704205.181248
-731839.520718
-719264.198948
-728125.690116
-732849.6335
-714838.170656
-731510.963556
-754525.532437
-721581.442764
-734256.67663
-743175.162423
-732737.382234
-732691.569255
-731863.145888
-746773.819866
-728800.214482
-736146.002992
-722196.341704
-726521.384804
-698371.211039
-732168.93397
-709283.803859
-702779.90283
-717635.513414
-725565.590214
-704589.863384
-729320.122464
-743037.655332
-713357.23455
-740214.473023
-752141.839648
-711993.306829
-726270.674928
-723713.068591
-720187.41992
-747679.902961
-739136.117435
-706532.993954
-729902.018564
-703669.408716
-713826.147451
-729695.672105
-735686.296852
-724216.739977
-723324.455565
-709580.75818
-716906.016723
-710677.559699
-737846.63392
-744562.129935
-731186.013977
-722699.109882
-732921.560297
-724121.773868
-739818.83143
-733228.280153
-723747.418095
-726633.881388
-740732.819149
-708534.980398
-732035.325263
-725230.376956
-718842.835073
-737068.924757
-721058.61936
-731889.703564
-742651.910231
-732097.756146
-735195.761522
-734219.560141
-720928.914342
-748714.311448
-752898.487064
-722640.390784
-740608.079692
-710375.227734
-718561.58701
-708400.649184
-741874.981756
-751237.20572
-738699.122446
-719376.022717
-702745.455028
-730252.737273
-735724.977046
-735848.636742
-746229.088364
-728667.704093
-727560.681978
-735415.435995
-723485.414726
-724105.346433
-741193.022736
-706542.116637
-729352.66479
-730250.97997
-733456.031678
-718856.507041
-722125.162922
-755478.815493
-738280.313286
-727918.041295
-745191.116376
-727898.507853
-755593.583761
-710138.909839
-747583.786956
-741734.514052
-741684.536774
-728490.884815
-724140.392918
-738005.662473
-751872.538413
-740670.281604
-733234.772973
-729786.201273
-745894.089419
-737536.982928
-735951.337046
-761903.570743
-722596.188988
-715475.79647
-724421.092889
-738764.766594
-761785.23818
-738333.293435
-739145.898061
-752512.421071
-743521.06081
-711756.784747
-709060.68286
-755230.355866
-711188.49631
-730339.877003
-741902.395209
-719181.691997
-723998.508755
-722407.153622
-732843.120042
-730026.88801
-712164.736331
-738716.984056
-722295.990829
-729780.853426
-746961.829907
-720480.339224
-720461.611554
-725767.552971
-745670.560616
-745223.447191
-729487.908352
-709859.656796
-707401.089313
-736621.052823
-740087.395233
-731155.860027
-712049.827153
-732358.952979
-739530.951331
-738011.766235
-730128.337759
-735289.712319
-726979.58326
-721703.7982
-681332.88493
-711439.93782
-725543.338747
-719899.713475
-739048.94169
-708708.765788
-732531.166629
-717712.856467
-715056.173199
-736994.690565
-705992.362169
-708962.785716
-748684.994615
-713569.931896
-728942.896974
-722684.3495
-713044.289482
-735719.651738
-719866.637461
-727178.482462
-749324.589607
-726361.300147
-739189.274863
-750420.001275
-727507.50515
-727959.987683
-737594.975563
-735195.873297
-723242.668486
-740025.177688
-724739.732678
-747050.762508
-757677.22073
-714708.310861
-720688.187861
-734812.165419
-703622.437059
-731530.547331
-726352.573847
-720501.478413
-746052.59982
-731263.339141
-751826.914622
-734401.328229
-720145.365578
-739853.246171
-746160.436206
-744772.820496
-725291.572421
-748877.265005
-729890.942633
-710304.798409
-713183.879699
-715471.253222
-714585.782162
-719579.136346
-708115.86755
-712863.059272
-726664.124
-708898.830305
-721079.933445
-724262.930674
-683289.672945
-706259.327755
-718173.799722
-746398.550672
-723465.967634
-729144.579044
-745208.379988
-721434.724738
-723320.246455
-728100.387263
-691044.751116
-748042.296888
-743953.311804
-739656.507786
-719620.617553
-725043.000852
-714696.764392
-741375.269523
-718522.435891
-736796.801953
-705681.283577
-723290.908297
-705284.227077
-730386.149151
-725333.800885
-726197.500115
-733860.352098
-742890.58265
-699774.006668
-732620.676158
-735865.494299
-735300.87963
-734708.951382
-718419.938958
-701317.983222
-727105.504628
-726231.379502
-722936.458038
-726163.429979
-744405.396705
-724998.82352
-731069.068086
-716487.686779
-720711.763255
-724135.212554
-744451.783801
-733094.024129
-739531.671761
-742789.658097
-732607.282371
-733182.084706
-724376.3984
-722553.065657
-747646.481835
-737888.364936
-725810.389266
-723482.633337
-722784.296685
-737095.83834
-718170.840341
-732353.943198
-717670.35872
-731943.351402
-739032.737455
-719292.814124
-727951.744333
-737010.686613
-728743.232676
-708983.138751
-700681.022779
-743816.074809
-728250.405647
-740265.948019
-740755.762342
-755044.32437
-731146.928922
-709630.479443
-726545.192822
-726092.935392
-703481.120535
-727534.483388
-741449.911364
-717426.546427
-726916.019006
-714834.147124
-742146.186091
-727433.988771
-747441.780493
-718217.658371
-729890.655871
-738563.557138
-722561.544284
-729108.946309
-729623.202603
-740681.49303
-749153.938097
-740184.076941
-714689.122576
-749594.973349
-715782.388974
-688684.381674
-728025.764925
-709061.680814
-717119.448557
-712373.260469
-738882.055947
-735523.295331
-746881.484066
-742588.724699
-727973.49142
-723842.299396
-715411.025149
-749500.045327
-721744.454109
-725686.091884
-729952.69103
-722494.971312
-730843.184521
-735865.602317
-707458.816864
-724707.448244
-729981.129908
-725808.547108
-756387.147539
-718663.536333
-723807.060872
-733984.689648
-736425.760845
-759653.661244
-761450.85784
-747210.630126
-716560.858559
-743523.625822
-748310.674604
-725672.113258
-722128.549838
-711155.565304
-757511.141479
-718101.178295
-699035.308014
-718530.774959
-754105.822253
-731414.040633
-723534.893146
-733391.998923
-751209.86135
-727225.199015
-729142.485187
-725918.233357
-738595.646074
-750807.862126
-713136.669298
-729940.906816
-708437.138338
-741698.96786
-721652.869288
-719440.192253
-695923.11405
-734068.892213
-745210.443989
-734135.375271
-719449.603589
-728588.431943
-742318.153398
-723414.912643
-723373.558697
-734533.395787
-735292.437564
-740096.402216
-745577.492881
-733690.678932
-709781.474837
-726535.248992
-738731.676088
-724152.913369
-721648.040477
-731652.494733
-738880.317463
-743697.653646
-723518.910915
-735960.805332
-736164.470951
-738758.717451
-744580.465025
-741039.276028
-720426.54145
-740086.646697
-729765.774745
-755189.495366
-729617.901565
-736798.592083
-702906.193623
-723881.531802
-736664.737605
-727613.506888
-725088.648766
-722571.647695
-741514.653874
-731027.924407
-734698.603872
-730477.725073
-719559.358765
-713944.947284
-705757.68403
-711479.398389
-737098.189234
-744127.907433
-710922.692308
-725371.886655
-725060.147569
-756186.184872
-740203.704457
-709535.635706
-744168.739984
-712041.656247
-755906.579648
-715280.111482
-735192.846228
-737160.420044
-727572.932092
-732630.325209
-745667.038653
-727049.584811
-716167.735267
-715035.699017
-720979.566171
-746009.220423
-717833.322287
-748261.203259
-718785.973185
-727675.077785
-722035.691826
-740099.396512
-738211.754977
-716483.083929
-721652.003842
-702870.384
-740101.164203
-736171.358064
-722722.936441
-740663.505341
-722324.845684
-711494.311465
-725311.549999
-733107.38022
-717362.95761
-692909.560624
-735539.716292
-735323.849783
-740241.017924
-724634.924013
-742593.914768
-742194.271416
-743903.434834
-728036.083436
-730796.936029
-703877.204935
-729805.59738
-718448.207924
-724873.406957
-702781.451483
-735849.166739
-712562.732651
-721471.135418
-760312.991853
-761073.248399
-727003.780103
-748464.536188
-730773.997962
-733170.839172
-720018.264091
-735284.84162
-706052.70608
-737097.777527
-720293.139113
-720499.208369
-737788.74441
-730675.38761
-717675.313219
-714268.822436
-715510.528681
-755798.759983
-743642.775477
-731451.014471
-742833.841508
-738655.293862
-715913.272263
-745443.137694
-734626.641157
-701948.007231
-749684.338656
-721308.845844
-737454.588186
-753322.734314
-719839.414485
-740344.835521
-726704.678996
-715937.525471
-754155.056948
-739509.975816
-728745.573416
-732302.004089
-711335.777505
-737587.933801
-738344.274153
-724547.654114
-708126.868642
-726976.846492
-722579.574937
-732558.546361
-711897.142416
-724262.143773
-731881.954898
-746436.224721
-724690.735108
-722208.617238
-699418.17706
-731550.821927
-748505.150226
-724944.280975
-725500.790371
-727479.283409
-711540.225163
-743125.711798
-735765.537676
-709724.633481
-745621.923152
-735026.04309
-741290.508939
-727702.080736
-751083.055236
-738186.130539
-719427.090762
-736278.545309
-718891.748932
-751567.854251
-734054.600634
-719142.965635
-720332.696374
-725103.122967
-695156.722689
-701585.99295
-726042.624924
-735140.65832
-750677.498598
-728612.484033
-712965.777467
-711036.04998
-724292.023646
-741579.718509
-729078.014141
-729058.945305
-729752.833065
-745759.443604
-691913.571109
-725561.65353
-696229.039546
-746295.705502
-751316.141566
-728391.45377
-699590.699475
-733221.324307
-704233.575968
-693598.301419
-737070.475693
-713258.783096
-732404.312194
-732720.08353
-741281.398304
-751501.898082
-737169.681632
-707504.993972
-720456.517375
-737939.661542
-716323.185549
-715881.736764
-717990.175636
-746339.68966
-725428.790348
-722831.806745
-714289.654129
-720688.924961
-714453.27682
-724222.096504
-741313.257134
-714951.22012
-723468.066517
-739379.740948
-749058.948085
-745067.195061
-730416.586014
-742835.314069
-724683.173265
-716870.007731
-714698.403416
-740697.174463
-733387.042363
-748227.312714
-721160.527486
-737345.72366
-709924.338712
-724341.55717
-731388.042176
-727023.776412
-723485.71806
-750832.293597
-740362.400099
-733657.576135
-751688.687819
-731459.598133
-724590.678965
-730795.109946
-733450.552071
-740687.695356
-751609.094076
-741900.444914
-729758.378081
-715016.848174
-718001.235718
-735751.999164
-727371.54673
-731349.437723
-738123.638389
-734694.79116
-729289.076293
-738055.170863
-714419.846886
-715831.736923
-713892.597246
-734771.254525
-719156.330094
-733765.216739
-731820.399206
-712306.538543
-718763.568181
-717213.682867
-722024.908871
-744557.606684
-733979.194176
-698102.18897
-700180.807941
-758563.338929
-713797.51823
-722299.932684
-732815.652078
-725743.095318
-725294.06179
-728866.446203
-731749.636186
-726674.168355
-726111.646481
-722691.519668
-734577.673181
-740750.240891
-711355.381642
-742044.746239
-722847.103115
-740229.072138
-752194.781421
-691913.344602
-708014.379757
-740197.383827
-742556.44279
-732771.061191
-719003.156471
-719636.886325
-740129.269395
-749882.156459
-717935.22613
-744795.943257
-730403.272843
-742553.303032
-731387.184723
-733391.897689
-711338.882589
-743763.309518
-711621.069518
-728468.956844
-735324.036036
-733084.111109
-735683.675169
-726260.117717
-729877.193168
-717090.713588
-742738.545092
-750219.739782
-734047.60942
-738233.894414
-731453.916086
-743105.537139
-737950.49117
-746766.842807
-744179.204729
-699772.00204
-725113.03233
-728304.335527
-713015.958734
-699118.982819
-741043.001423
-745642.89511
-725590.743865
-729428.765844
-716255.740183
-749905.49214
-732779.902853
-722046.44538
-748533.32878
-733615.515385
-723587.984735
-729119.499247
-718853.192436
-752685.748161
-713217.350713
-728829.775008
-715063.423199
-731529.80381
-738091.740037
-727533.074071
-735426.498817
-728247.128407
-732269.088698
-731640.293807
-722010.432642
-722642.0767
-719984.217569
-733149.614706
-745953.222639
-776000.142463
-724177.2165
-737123.464742
-719434.476873
-752295.395186
-720244.806098
-731662.755895
-720294.418095
-702753.046675
-710199.793309
-714971.792655
-738525.945843
-758838.911282
-743715.051843
-717643.787676
-727301.89352
-730962.911494
-715830.956115
-732397.274935
-739629.474409
-731321.609502
-722876.067922
-741247.173732
-726128.65415
-721221.141006
-703324.060865
-710963.161704
-708496.679669
-720607.293578
-731411.310377
-707722.355159
-712666.290988
-724541.725767
-713003.416837
-754702.179274
-731022.778345
-704703.098026
-725051.759449
-752637.085553
-726554.903178
-713249.327193
-736764.103796
-732550.647467
-732140.880613
-754936.750744
-724577.38768
-732731.506132
-727291.306221
-749677.919015
-741837.919098
-724213.884629
-739535.324375
-709337.908353
-722611.330814
-731571.303901
-727163.674804
-740147.11988
-732587.830266
-726122.612266
-733100.735861
-755853.26422
-734373.211216
-757178.841313
-742668.303
-728814.625977
-705872.667306
-719127.596747
-717327.325974
-729066.856774
-725335.443169
-728810.568221
-718247.99361
-725391.903861
-730020.471515
-743584.731989
-719272.352969
-709740.509885
-714014.789505
-721826.122806
-737194.628173
-734912.677229
-741706.770604
-746647.836647
-717236.384193
-722014.700621
-741501.211401
-741470.274146
-736141.349457
-716188.232644
-716230.520432
-732618.172936
-713617.247029
-729766.762029
-717536.370506
-749398.390831
-709623.659898
-723150.179796
-693040.807432
-735721.457696
-744914.405566
-742519.245401
-732647.017146
-738011.084207
-756849.231783
-738302.056599
-730212.218358
-743344.067625
-721547.413911
-740464.93384
-701731.393074
-713805.546392
-720842.100185
-717119.326523
-731216.518628
-750809.213863
-730344.264573
-736300.456043
-703357.022416
-728569.959312
-697541.712956
-720075.487431
-713155.501194
-750126.542131
-711464.784762
-714813.189526
-727892.900045
-712535.331658
-746795.179503
-735575.926884
-716142.570773
-723645.661892
-746387.518417
-716089.355235
-725249.185685
-745596.233532
-727844.83635
-738068.414632
-730196.149451
-735317.023482
-729414.073154
-758486.91779
-742974.554789
-756775.434903
-732226.887734
-732818.620029
-732905.213077
-725824.170296
-733475.814821
-728328.71305
-721866.318661
-745198.882615
-739347.517692
-737489.936846
-737934.115861
-739357.62537
-744185.46604
-743245.664194
-733189.272365
-720164.080103
-736676.827613
-740661.777134
-721738.616467
-736697.81488
-714826.627279
-725731.515544
-722087.31935
-750486.066727
-722332.148179
-736126.471677
-727493.759567
-729541.525924
-743258.577938
-730398.506734
-712872.740422
-738794.166058
-724350.297704
-738944.622936
-726341.973215
-714073.344116
-746412.88247
-739571.971656
-738443.767804
-741852.365608
-740037.321372
-728519.150458
-726671.581974
-744808.906712
-723931.621844
-699251.324407
-731060.798476
-710087.351347
-723874.804638
-727817.046297
-684974.191266
-750951.086888
-738093.057572
-718375.548627
-746827.379621
-769564.097823
-734621.378053
-769073.638162
-742602.131012
-736235.18501
-740193.990047
-708615.432315
-740219.574503
-730170.679619
-724188.582351
-735227.106756
-732283.196884
-742050.198229
-740256.004227
-710595.491588
-748651.243306
-749270.510377
-736503.000612
-727535.407215
-733696.188726
-719947.745783
-747367.497591
-738291.436302
-728447.716073
-744159.854311
-732875.026652
-719841.464513
-736590.173668
-745595.216946
-726767.31841
-710846.262136
-717129.378772
-735417.245429
-724077.953156
-711218.538363
-712565.63139
-744578.149925
-716646.848928
-724038.175845
-719296.877122
-729100.737536
-723757.694475
-763892.16959
-715156.491428
-726591.026531
-727432.671489
-683064.069234
-736820.568771
-718087.619531
-729892.839805
-682527.203435
-706296.69172
-742604.212341
-726713.615009
-750518.513894
-741716.262873
-736720.892887
-748948.551281
-717995.08492
-748401.303509
-707072.361695
-740339.112172
-719956.480203
-736786.302333
-704781.617381
-744077.188315
-691501.793165
-746478.682901
-736260.110923
-746877.987231
-701546.540823
-721753.52362
-741423.236945
-737715.524555
-726010.567773
-731511.461409
-748276.921685
-739020.40499
-743811.538415
-736976.171845
-729342.077063
-754608.406106
-749313.525837
-722340.515529
-713919.191224
-734951.71594
-690238.153757
-728084.774647
-729303.802266
-713331.269418
-741329.155156
-743989.436008
-755174.93876
-739746.318458
-727900.766475
-724776.377289
-717402.983917
-706270.039974
-716101.032473
-727498.712502
-675017.053148
-720646.890193
-734053.274217
-723951.819537
-716457.084855
-741994.862512
-724854.980693
-731256.217932
-726213.573245
-743962.033013
-743649.716551
-732419.424477
-744301.115888
-743595.863119
-738575.2603
-719749.380961
-716039.404854
-715360.677232
-726860.937984
-723540.492904
-732122.564881
-751069.65132
-732445.599754
-741290.710704
-749341.573178
-714848.932783
-712949.317969
-725946.48191
-723743.298361
-728552.675983
-748584.647104
-748364.616613
-749625.629769
-724112.243179
-720256.394807
-725655.654355
-737903.789813
-709779.960544
-741309.30977
-714454.950387
-745950.691688
-733087.541023
-747118.833284
-734990.970185
-739437.689191
-735225.503896
-718364.894985
-721862.23422
-732373.13284
-751989.611821
-719798.879608
-723601.94816
-760220.377241
-732399.711721
-760952.695982
-731029.271362
-744733.239519
-719010.000321
-723139.763577
-731755.77521
-723102.373879
-728209.161177
-753484.532985
-712189.481202
-723624.186425
-733050.613741
-725443.65254
-740215.073229
-724748.463563
-716985.911197
-719797.955196
-738910.84135
-748468.340276
-742440.961245
-721419.844282
-714854.615507
-763667.583604
-721300.364184
-745322.174092
-718709.292485
-731356.36981
-730600.877156
-750354.143469
-747866.712557
-712616.671564
-743248.089614
-739088.99847
-720540.239437
-727839.195424
-730780.320966
-726172.680479
-703965.438753
-733483.353274
-712773.550907
-754946.281723
-733392.84785
-749412.595987
-729601.57923
-734334.887513
-723169.506363
-713981.528343
-740090.32827
-726810.790151
-746148.189519
-733848.824519
-713640.800927
-735104.347902
-733636.116103
-733259.965583
-707091.500174
-743183.656458
-718729.156341
-730396.260653
-725310.727442
-737428.813068
-726507.48235
-742464.341599
-713949.864139
-733507.798369
-740076.964545
-737455.492088
-744281.017115
-726873.805614
-723566.822322
-719139.574496
-723632.654058
-689849.31577
-708064.446345
-730155.037234
-723692.752389
-744721.602355
-724419.493942
-729896.998682
-750158.655601
-704947.4205
-709993.110249
-727627.025219
-726337.764397
-730763.046163
-738148.094048
-723433.961007
-734584.873911
-729695.809251
-726924.34628
-730863.448801
-741455.374453
-704953.459917
-732493.460926
-754045.098441
-728771.197218
-758523.949704
-739598.883923
-722483.68257
-725068.265823
-713483.596763
-732940.178127
-728826.794521
-724752.683829
-725715.253153
-720765.560112
-729026.33247
-744484.690676
-732045.963644
-731020.487096
-732187.134463
-744837.072078
-723316.866509
-752010.420655
-743585.999047
-710365.524114
-732057.264983
-704086.924791
-746804.291054
-742571.253409
-724487.209617
-751966.209106
-717667.608888
-712586.515445
-736949.924775
-714395.640553
-723188.47134
-732668.707049
-713701.703253
-711099.378254
-734775.107422
-738266.707325
-683450.851449
-739162.611211
-714390.446717
-746726.027092
-741413.512821
-739002.936804
-741626.294005
-734798.060405
-734139.053041
-739190.909232
-728603.547841
-724852.897404
-717490.969097
-736929.547291
-756401.109181
-712065.106736
-738250.475914
-713523.19784
-731390.498866
-708447.911654
-715833.997196
-728364.393312
-731813.968583
-719503.762045
-727550.446283
-732345.70108
-727783.415901
-723728.248615
-730016.844358
-729945.2266
-734410.09061
-700730.332901
-727983.280686
-722024.295199
-731480.294059
-745981.841816
-755305.648241
-735649.376193
-729127.844103
-733955.475429
-700246.68354
-731726.502073
-732997.623329
-706238.128278
-739162.514041
-718558.354698
-735754.864633
-735724.645388
-709469.096482
-729351.261276
-713805.735674
-703626.643762
-728375.864541
-717041.080478
-724858.976363
-732578.575635
-729893.533097
-731733.162157
-746308.816733
-723176.973549
-663516.895942
-715481.553641
-722156.582812
-739289.023506
-719198.653469
-745724.571358
-729172.155782
-734749.380928
-737019.927077
-734385.382555
-757779.525963
-721828.643719
-717765.174222
-733619.486337
-734368.270165
-755176.389038
-724253.60742
-739438.335093
-723106.373626
-731693.293879
-689318.475883
-728280.408929
-712442.041391
-718293.459847
-729125.102142
-730680.488228
-737133.192842
-729973.773908
-740757.53054
-726415.136877
-714957.283747
-715708.957263
-715124.317042
-720696.052099
-760852.737744
-738171.852509
-749155.778857
-724834.431345
-720742.526858
-740819.457771
-696471.407911
-728905.607129
-703247.812777
-732360.794896
-731289.814787
-727198.018068
-755263.972382
-739574.333876
-725005.43538
-709777.465121
-706297.759593
-729990.487951
-726454.83055
-721046.080685
-675854.204879
-754286.374579
-715707.722053
-726408.363294
-724639.089557
-736771.231293
-708514.875318
-757091.797932
-744735.410319
-733407.976685
-742944.092144
-730036.737905
-710717.217499
-736904.556044
-751636.777487
-721717.814653
-716698.846297
-742285.20427
-735362.521413
-710275.684411
-705306.049427
-715364.83054
-723476.69119
-721114.385449
-697288.897571
-687961.51114
-699212.803179
-715338.046319
-740145.156215
-735724.72302
-725157.269293
-710689.083575
-752124.871079
-745937.683018
-729191.159999
-716475.859538
-742662.310474
-730536.374756
-734896.495206
-719012.397057
-700148.014891
-726386.780996
-730707.699477
-729019.320962
-699258.934998
-739593.857179
-703602.04717
-722748.405181
-714764.460474
-737824.233265
-730509.482876
-724757.976505
-706424.809278
-740875.688769
-724840.118886
-710311.48521
-750481.395322
-717349.055501
-748137.734023
-747311.303443
-705965.522039
-731249.577544
-727027.703885
-741909.953431
-735712.132992
-730786.945419
-742227.915407
-714310.915119
-739528.071289
-734850.358134
-732694.229863
-731262.116848
-750397.526215
-694034.982737
-721399.656708
-706123.287323
-735657.63222
-726791.643823
-698768.364756
-732199.974085
-729506.736094
-718814.715515
-748728.064037
-743250.338483
-715455.39681
-729257.853124
-740051.29946
-724010.323614
-749619.011356
-735231.501722
-739063.249201
-746920.791681
-711388.699574
-754488.174629
-748199.415752
-692508.896786
-747681.645613
-727236.567778
-705999.183489
-728347.640144
-731616.954939
-746284.25821
-741062.317754
-737698.36663
-723666.40802
-718691.058656
-695237.604186
-723845.085364
-738172.679797
-727193.154364
-741679.512096
-741581.492217
-753990.225062
-736141.141745
-719937.29364
-740055.853287
-733527.309797
-703977.49332
-736678.917057
-721523.752433
-725082.061207
-717332.921311
-757600.473344
-726111.733658
-738536.330525
-735662.963859
-706843.758491
-732726.357517
-715778.446096
-724536.837933
-722578.459905
-731173.497406
-739736.055913
-716610.441871
-732399.904408
-738116.467467
-739658.775702
-711866.82359
-725091.621509
-725649.763595
-725892.945242
-743121.811175
-755953.118316
-733604.538485
-738558.00281
-751234.343328
-759360.142777
-743800.862621
-732129.314809
-717034.714748
-752507.261414
-749199.313583
-710829.799343
-751626.796532
-740744.874451
-717230.322292
-724072.955677
-753101.800147
-727709.284499
-730370.237232
-725343.153211
-735213.536313
-752723.013495
-736693.839334
-719137.688408
-723599.918438
-746571.370642
-724923.561117
-712355.55061
-682537.941855
-742434.878592
-742207.902348
-743072.23186
-726000.423328
-724869.849421
-739620.65047
-718094.687145
-743697.62102
-738037.140862
-719252.163246
-715914.228645
-739255.395686
-719896.32304
-749394.392209
-730512.2894
-723005.528933
-710854.244195
-743088.128418
-736152.731752
-731626.516783
-690837.510463
-718578.455673
-736746.972946
-742408.603175
-708443.49394
-740109.388635
-741324.341811
-707430.796641
-718799.832236
-737679.868634
-749329.695587
-745818.139869
-740977.670546
-715007.730763
-732459.937821
-733925.179911
-742435.800511
-725068.430434
-702478.100959
-713644.912319
-718182.455252
-745038.46036
-743663.343848
-720532.75328
-713516.606937
-729779.303038
-742593.353276
-708002.45229
-731868.787894
-732067.458856
-715977.39683
-746118.169623
-697126.789571
-713887.061869
-737727.037737
-747286.016076
-701464.466716
-717318.824021
-721462.646025
-725521.345985
-728931.048055
-701695.766001
-704357.433506
-750841.982825
-747038.806856
-750718.934556
-734210.974518
-722780.703709
-730313.047582
-748379.399153
-719274.49758
-730926.919522
-738492.82677
-738266.924772
-745019.263815
-718402.652884
-676633.76763
-719750.876249
-702580.87789
-716905.409914
-747092.984761
-726299.097698
-734757.085338
-760765.132975
-733856.629273
-711630.133155
-704778.895777
-735268.390388
-743252.742824
-748583.431769
-720905.739321
-709138.369629
-757488.432616
-737590.606776
-730023.399376
-752963.051307
-726814.97041
-714483.226946
-728594.414747
-716893.908516
-754162.662878
-728042.9651
-707678.6422
-748366.412233
-738992.737021
-737506.19266
-746494.58716
-717284.430472
-718400.764715
-713735.819197
-748541.023604
-741628.425354
-730096.810625
-712432.923505
-718023.41777
-756941.926796
-724743.232118
-738096.215536
-723489.423605
-728674.575175
-722279.883926
-714858.684228
-704249.27826
-731635.104468
-742979.268521
-734080.573059
-724057.561907
-740163.932361
-732977.758904
-704601.106859
-747940.661775
-734664.342724
-759865.807711
-730759.144156
-749592.164096
-735516.370593
-737579.083066
-735280.478976
-747418.004963
-720854.426188
-734555.421308
-720359.920109
-724534.165951
-740471.956922
-728039.208752
-741372.769506
-716601.890774
-745402.037282
-731997.163773
-743221.503851
-716983.626602
-733761.611785
-761931.873173
-711079.937666
-724180.48901
-725660.26298
-740626.519419
-719203.449108
-701282.479271
-738157.221306
-737580.337183
-721124.77636
-732308.045515
-740249.217086
-729698.307115
-747289.52569
-704838.873164
-733258.583323
-727206.460383
-724373.366933
-724398.803687
-709385.061539
-730112.34364
-723612.467534
-744469.852075
-736219.410028
-687522.09654
-738447.730557
-704643.335473
-735118.126511
-722355.647195
-697970.419025
-745378.592845
-721854.654435
-735031.980107
-743959.113949
-742452.220962
-732490.803857
-728030.316409
-716513.363193
-733317.647724
-723428.288716
-731651.939672
-725732.335056
-745055.779742
-712914.627798
-729484.095507
-725457.433009
-731841.558768
-698675.780506
-732364.565065
-727483.072648
-719159.855892
-738753.498022
-731315.322124
-742147.626894
-717840.681445
-717360.341504
-724784.27491
-703257.552928
-751917.151313
-727982.354526
-742293.66364
-738438.041102
-738546.096214
-739364.559114
-710277.612269
-718249.367014
-718809.830819
-734087.738834
-742692.162855
-764338.201381
-732871.430052
-698552.114259
-729069.319906
-732325.211808
-740909.310248
-731476.707445
-716420.875127
-718561.572578
-717009.898356
-751690.511827
-742380.147075
-716724.391742
-729255.83048
-734377.955174
-699005.158665
-735130.265133
-716594.85251
-723862.837607
-720224.761318
-737452.193807
-722730.450212
-723492.889318
-732268.894381
-722545.513263
-740267.97474
-726783.712877
-721675.178124
-700140.660577
-719142.009205
-712922.461672
-739192.833004
-715671.699431
-717221.856971
-732318.954307
-715574.559197
-718382.053995
-714134.59419
-695523.320158
-752606.767507
-755194.120079
-746387.287824
-732994.986081
-735754.479487
-735909.214396
-741645.961597
-722070.705142
-708136.191531
-738219.051306
-717819.622165
-752913.331906
-738618.51847
-714682.204807
-724914.458154
-738387.731323
-721302.175293
-748771.593204
-728535.877168
-724496.849243
-745813.739893
-737906.782837
-748659.732351
-735536.860663
-710818.289298
-735120.978205
-725392.552776
-740313.526771
-728986.882473
-724858.667687
-708985.90859
-743066.693321
-747223.359074
-731110.181237
-730863.361091
-712214.234923
-718154.98834
-728740.802627
-734721.723906
-729322.529155
-731393.161461
-745391.402776
-716256.169542
-739735.833989
-738224.364112
-722660.549223
-767001.875032
-726671.773825
-692564.021895
-707355.111737
-725857.898116
-725287.264018
-735391.630471
-732461.369362
-717152.124048
-723689.993404
-709849.989303
-706901.18701
-747041.675758
-707620.449363
-746794.400683
-737991.965308
-712892.757253
-714302.24471
-731049.574033
-720657.43517
-745474.26929
-751875.826532
-722620.282128
-726658.663391
-727181.638953
-725860.273044
-759843.39825
-731500.176278
-713990.01096
-740863.323341
-705168.161228
-715800.720731
-706532.554654
-725798.072572
-749746.353016
-737860.533478
-753513.342968
-734581.504029
-736570.073979
-738467.79033
-721773.722431
-735643.13013
-751960.094342
-739829.581601
-704391.49814
-757845.277584
-722956.689067
-751991.880849
-726886.776186
-748364.077274
-727633.833514
-740866.674247
-718317.103934
-691223.016653
-717116.3838
-730635.50093
-753133.424016
-748799.235539
-740967.441142
-723373.762995
-735051.542353
-738587.403827
-745328.757458
-747521.911694
-712133.481663
-735483.411506
-738574.690224
-726367.90772
-725525.04634
-726093.676695
-736171.498993
-732417.297904
-714442.075807
-719949.140289
-747850.88068
-725139.507685
-741863.649719
-727622.479407
-734912.978785
-752725.980891
-732151.3974
-732966.634483
-728370.316405
-729116.657548
-699193.833219
-765425.853004
-722621.22838
-720613.596785
-718885.648541
-706838.486816
-750346.566298
-720932.073743
-688201.178924
-723626.934656
-717118.757209
-740179.705327
-709462.428577
-752763.392657
-735256.173952
-728467.919348
-718439.075753
-708810.028196
-717632.382046
-737539.476101
-696047.865227
-732361.969189
-740377.985203
-742566.791856
-721667.357208
-741460.376246
-719591.727373
-715387.928993
-736516.131591
-711577.210239
-705211.821593
-730120.236406
-740870.436047
-742266.291039
-725272.800949
-733523.293782
-727931.753907
-723122.969888
-737242.799717
-724874.674247
-712705.401063
-739899.041934
-750009.603954
-736014.106555
-750808.673663
-740565.476181
-705573.757446
-742497.684512
-728316.017708
-719902.722069
-725987.016277
-733505.118912
-737476.131684
-727315.432459
-735046.41601
-722400.147093
-720279.620642
-730580.666633
-732787.75418
-716259.444218
-722000.196894
-746048.380093
-731160.866068
-726699.394407
-754753.909826
-724890.113403
-725202.014374
-726371.526434
-715306.282707
-705399.542733
-717521.803243
-736967.608224
-744971.356234
-732590.81102
-735246.667877
-749438.033965
-718456.737857
-742179.440541
-693399.432831
-733232.27078
-729851.389093
-745346.693177
-743941.821395
-765170.744331
-735178.768272
-723349.302895
-738606.587165
-718812.87416
-708268.507264
-710283.951148
-745086.593457
-744593.260874
-717093.919474
-731246.830712
-712246.783226
-726807.70347
-731840.361549
-738791.115539
-719241.520728
-714579.122966
-688770.161739
-726707.522707
-729281.925314
-746863.652614
-738640.815607
-730954.231653
-703338.019911
-724712.854322
-722244.442002
-723515.151626
-731273.684977
-728769.073014
-741818.586363
-723419.440659
-714683.385556
-716609.017034
-732645.163623
-719010.363658
-704913.24323
-713647.568866
-737069.924579
-735005.181019
-721603.775173
-739671.771685
-722248.092272
-757928.053653
-732881.302926
-736974.98972
-728556.556904
-735556.356472
-746438.158106
-718950.86439
-719795.013211
-709831.819276
-730100.82456
-737503.558176
-709065.519117
-741828.822815
-736854.790016
-721710.131804
-740612.612349
-718905.951184
-750071.652651
-732602.406038
-735917.695394
-706452.373763
-730882.369887
-732596.524839
-743631.773868
-732165.439564
-726341.357104
-750100.916989
-718734.742572
-728302.786156
-749419.413195
-747186.887532
-729195.595906
-736265.248948
-723097.326314
-733005.773542
-729315.396848
-760857.897185
-740522.049414
-737251.271303
-733185.172657
-735289.094529
-725826.454858
-727931.101497
-735867.11895
-719068.840581
-723278.889071
-735718.884896
-712767.66712
-743601.851327
-730450.149111
-709159.954168
-737167.437598
-726739.558873
-735195.891845
-732707.580687
-722962.165059
-739434.336857
-754823.637079
-697455.250721
-745017.783577
-719919.854236
-729411.57022
-721093.446204
-733020.198988
-708431.801975
-748012.405335
-748724.169073
-730128.921011
-711029.980531
-730564.966097
-746818.543453
-743853.634217
-738068.8009
-739928.671783
-721152.334225
-739607.710661
-753563.922245
-755325.178989
-724649.089509
-723758.426382
-756367.092356
-720123.805985
-719317.357059
-732755.279514
-733892.64564
-737010.739962
-729885.168091
-735420.629095
-720298.749208
-709479.391499
-717298.926388
-726287.017826
-758553.147973
-712970.16649
-734715.537157
-732895.169225
-745830.835736
-755743.880162
-715904.769212
-734085.564162
-738000.712412
-722647.224789
-746351.705767
-732832.687369
-699069.448616
-715926.023696
-732077.193042
-712604.872877
-732366.669685
-748860.348414
-725688.75229
-757274.919115
-765515.0376
-741638.772521
-720387.294564
-714547.705974
-738868.274439
-741005.853494
-719028.764712
-695915.677321
-733411.343425
-724966.522433
-723654.463145
-736525.519216
-717391.252687
-729031.355185
-719906.366394
-747176.190879
-754485.300478
-740819.106301
-707767.258501
-734610.021473
-738521.043006
-727567.390093
-717890.79777
-720868.13458
-734619.77909
-735014.169872
-743963.727723
-746358.718787
-731873.379064
-708842.804642
-704421.982495
-724681.434278
-699851.337646
-705128.82076
-735563.451031
-722348.845088
-714909.026966
-739425.389945
-729696.424298
-746600.76629
-731681.266109
-722551.406986
-702369.199622
-717804.657833
-705239.200407
-721522.152445
-727898.745726
-758211.338281
-723801.576002
-721175.268785
-699886.090287
-740453.154002
-727242.661391
-721354.631758
-729830.08733
-752150.092222
-704929.54065
-752021.474252
-738366.067916
-752052.703809
-746568.592567
-720945.227072
-716043.501394
-725427.298023
-738085.432833
-740388.325134
-719300.681603
-726556.250483
-706798.175948
-714547.697111
-736890.962382
-714099.795368
-713977.548858
-740007.660482
-721904.9027
-717613.311917
-721767.408896
-730136.452643
-732481.489467
-735113.795112
-753387.226879
-711437.798392
-741446.823725
-735856.73699
-732001.397484
-737897.455529
-738541.709467
-740077.82188
-732009.858695
-740762.861499
-722180.303218
-730563.183414
-713879.599501
-746888.147852
-726320.928439
-707542.550482
-725091.419409
-706608.100438
-744747.581605
-731385.16762
-734253.024115
-704091.766287
-736683.882073
-714697.571611
-721411.199687
-733350.368787
-740976.039275
-721069.625777
-755500.723063
-717120.260381
-704602.99233
-743544.942461
-723124.279974
-731382.490677
-706747.026716
-739501.247211
-721732.900684
-718363.010814
-746300.331476
-746974.979106
-744239.413949
-717252.087845
-730467.379892
-717882.202124
-740419.774591
-746967.758519
-736476.731537
-734310.204264
-719233.684204
-718176.6109
-716411.071918
-743240.606586
-718875.480861
-736522.00126
-729132.18245
-748339.11951
-727989.659768
-729678.231779
-723512.897859
-727386.473348
-714032.487327
-735098.599137
-722483.294212
-742649.802334
-736416.181023
-737152.199022
-748205.003082
-715030.64663
-728615.493796
-748111.950503
-710422.286753
