-302745.12727
-234360.106472
-321467.851773
-277542.309736
-249885.748471
-268882.645499
-277602.27859
-254621.273938
-269617.566439
-300546.471481
-305810.642479
-270077.018098
-311081.633464
-286505.625099
-279462.489329
-254172.154104
-289915.353965
-284951.626087
-289938.808746
-232207.158508
-333190.489008
-333992.456622
-335119.931769
-326929.202497
-352810.516288
-342416.63902
-306366.713574
-354913.55419
-331164.862746
-345416.54251
-330405.036217
-333708.560869
-351948.869815
-360389.600164
-345358.200825
-307004.12844
-333996.910154
-345015.526445
-324194.733438
-341557.953022
-353864.275154
-352226.604284
-345568.314503
-323133.342055
-350771.720921
-337378.062219
-303953.605157
-342945.414408
-334647.603271
-360815.748515
-326585.268229
-356876.215332
-355021.884183
-359314.517838
-347671.882949
-338746.644258
-342523.603194
-354463.621246
-338168.591345
-352162.967446
-353917.115999
-355285.712927
-352433.306447
-346257.498919
-350414.673755
-366967.082095
-356589.596803
-360236.4365
-350990.386028
-357963.71665
-313038.570673
-354927.941037
-346125.051593
-351050.153728
-341500.51939
-349070.663801
-362156.981811
-346138.232258
-361557.626216
-356697.704755
-346515.787487
-329011.208519
-366777.878834
-343851.531643
-347092.642886
-340818.64208
-369536.353827
-348479.808035
-341207.979392
-341379.6476
-356748.034164
-342958.220302
-359253.520279
-338965.990919
-338975.652241
-360805.972575
-367585.909161
-346464.675082
-349642.847329
-339299.7297
-327413.876586
-362632.054109
-344324.875039
-367006.048299
-333892.486624
-346724.452484
-355670.028823
-362344.302298
-367336.704098
-343851.361992
-336944.858322
-359746.129249
-330143.425597
-342158.255233
-351799.222488
-333313.041333
-374296.707632
-337300.083127
-362547.479376
-349359.750761
-361455.58002
-354463.621705
-342371.764047
-356617.175474
-351062.856536
-344926.627873
-367126.494821
-345518.15557
-367413.902077
-366958.600931
-333739.124663
-337493.355911
-356371.046787
-345096.798971
-336855.610685
-362608.700449
-353450.468606
-338011.568061
-348894.110208
-349052.214548
-346843.364065
-353747.536308
-330762.492082
-355068.08652
-359534.197419
-358867.827291
-367292.728267
-362366.621365
-349293.463612
-354736.471899
-337464.024368
-356326.590716
-358050.187075
-357227.571642
-361729.62604
-371348.196607
-344231.668853
-362980.964362
-349101.874159
-359769.946419
-366189.582201
-340243.021731
-350307.464709
-362561.969593
-367223.44191
-348128.897948
-364600.510313
-360845.495947
-358080.48936
-353188.730337
-349887.307205
-361730.413498
-342769.637741
-337966.974117
-346904.122574
-374684.018153
-361524.212049
-345784.542754
-357584.276659
-363140.142368
-361101.207542
-360425.439909
-346635.083449
-329866.569884
-368673.483328
-344736.897775
-362655.787588
-354709.400495
-358197.424831
-350810.53125
-366338.448529
-350799.313779
-327745.424853
-338303.002452
-345158.544453
-350531.562209
-358036.695688
-353949.440185
-347350.122237
-357867.546825
-371699.496284
-341929.94627
-349775.15404
-341608.819443
-360130.692156
-350063.548834
-340790.871497
-355422.952142
-346246.968136
-352439.616462
-358593.754928
-362841.827705
-353964.922911
-346942.767856
-355448.007915
-344646.653218
-371519.176006
-362530.689021
-355293.506445
-360704.557953
-366034.895952
-360069.338469
-353583.340067
-357805.318291
-342128.168225
-353362.103728
-364060.764587
-357879.206853
-368157.870086
-360624.090895
-356188.306449
-358237.285717
-365696.46707
-355463.491293
-350169.582567
-350672.266353
-353147.472964
-349600.346341
-339874.795619
-332012.349574
-359169.505143
-358378.760751
-346880.472266
-349660.556621
-356299.018799
-339829.451841
-366126.425402
-358859.584763
-351647.796021
-355666.405571
-357155.599727
-362708.0649
-362080.989127
-349459.520934
-345425.912384
-366757.285799
-350163.822533
-359893.694758
-361262.374376
-338126.418148
-342506.621905
-339296.244008
-350647.332069
-348158.463951
-359693.628802
-348885.004642
-361597.12877
-369567.563088
-359270.398015
-355689.331046
-348242.745191
-362230.740127
-361625.041093
-331955.936504
-352767.643078
-339276.868214
-369072.524134
-327637.039536
-352383.208537
-358926.815017
-359541.929709
-344750.933392
-342581.148231
-353392.811298
-352662.671946
-348806.600796
-343922.396883
-359625.935023
-361578.198149
-362776.082946
-362732.470074
-357531.085013
-356212.449278
-362122.814154
-365898.688949
-353185.197038
-358045.72606
-358264.993376
-351577.083724
-364481.523086
-363499.047764
-346995.682656
-362526.102611
-345272.1343
-348884.523888
-364763.541379
-340378.397927
-362994.474493
-357435.260616
-352589.248047
-353943.090742
-367324.67348
-353974.14695
-365927.633752
-360844.252436
-367130.681358
-359838.118483
-354948.806086
-355982.929763
-353329.218368
-361966.594368
-351974.534777
-358326.937053
-359448.823876
-364006.399137
-354085.92904
-351096.479513
-365003.554818
-358206.042515
-350080.079797
-376365.713872
-366015.480429
-354849.214462
-355034.739159
-354301.393624
-358715.452057
-355921.446413
-345611.755346
-346406.036965
-361407.420641
-332097.397452
-363927.261562
-348494.350616
-348671.417123
-360001.480921
-369524.779099
-338499.131143
-357375.767842
-363984.801809
-351800.488709
-343764.097086
-360417.238641
-359125.222793
-354442.335406
-348641.662588
-362152.115946
-347408.779624
-353353.421411
-324179.760804
-352663.596994
-353354.636068
-344233.491465
-357432.017809
-361040.828707
-354368.668848
-361343.313438
-360199.344103
-340462.307082
-360625.224823
-361701.563366
-352318.548361
-353398.433568
-352021.029769
-354793.448212
-359927.248914
-350788.482901
-351202.190076
-371938.030225
-346019.937362
-354406.690867
-355216.771853
-357099.550929
-352982.259987
-361799.375739
-355015.349081
-365301.075115
-356402.986765
-351671.132488
-348318.361496
-351206.360548
-364102.301676
-365751.521499
-355999.598342
-333432.701535
-347052.189355
-331237.116951
-363250.785027
-355321.231934
-350511.797684
-371147.237979
-367452.732781
-365306.897884
-368671.928948
-368433.805789
-354184.776858
-356989.644711
-363328.766064
-351050.254542
-356950.42098
-363364.981951
-361842.453021
-342130.138793
-347605.687396
-357485.578695
-355737.699547
-349983.085461
-367222.174182
-374038.304206
-355212.054619
-358913.173603
-333036.722127
-365602.942701
-356266.497315
-353645.111878
-377372.026982
-350997.146268
-349109.264921
-368247.23364
-354871.416989
-345841.463895
-353857.290485
-350499.215645
-362279.662697
-358154.745289
-347923.579084
-353977.597975
-357851.344698
-347757.830891
-374478.016209
-367749.318397
-340782.7561
-369009.002129
-360851.561204
-352837.619744
-363011.059191
-362840.94806
-356908.81069
-358769.295658
-353087.207561
-341026.319749
-358926.491496
-350562.815744
-337498.840317
-340527.547398
-346141.438067
-353593.414723
-361475.542229
-356752.758011
-366273.196073
-356137.769551
-340738.368025
-353518.682389
-355194.278221
-347689.593271
-361041.886864
-361294.941155
-356679.171885
-351167.573971
-353578.929282
-360193.668223
-363167.319873
-349877.395897
-344438.607312
-345681.017841
-361174.74281
-355010.00589
-347466.541949
-372518.563219
-356096.161929
-361009.809379
-331327.09214
-366047.843469
-343564.401504
-349507.575452
-362604.195125
-357152.544213
-362927.609121
-343153.798599
-345330.547994
-362726.297351
-363212.069509
-365176.974951
-365222.471264
-369211.430866
-337893.413211
-347416.867885
-364584.783268
-344931.244523
-371908.039434
-363570.132222
-334519.942774
-373134.759564
-357347.844311
-347326.750804
-351878.582978
-359609.45088
-352717.177432
-338127.774652
-349119.968795
-352718.826508
-365963.582822
-349527.957151
-349664.915859
-367002.118076
-342564.052915
-351032.79952
-345464.725923
-350052.64573
-353017.570542
-350162.07004
-363924.758778
-350937.797486
-345112.70572
-365343.117562
-350019.108026
-341134.61058
-347461.893728
-347072.743395
-373969.174418
-366849.049263
-362951.446974
-355448.921054
-329951.536421
-362309.147691
-365250.705146
-350913.398569
-348207.760224
-338569.467888
-347926.39892
-361738.585532
-364639.12981
-351950.796222
-359507.762979
-364846.206308
-358423.480133
-354270.577949
-368203.208588
-346921.451414
-355810.116395
-357572.351153
-355931.592383
-357728.512764
-355674.99671
-348068.846793
-367643.716421
-370161.30413
-354166.994347
-360497.42721
-346036.04329
-360641.458177
-351168.715427
-355448.005024
-366368.854564
-349061.169054
-345288.853586
-335813.482968
-359150.207061
-355476.412423
-363475.155056
-342186.081556
-356480.011621
-356545.577249
-361589.562655
-353569.647812
-363864.619079
-352925.389984
-349863.284849
-372616.183826
-357741.699553
-349642.755145
-348429.679726
-343042.545859
-351358.788844
-346575.121628
-356534.781098
-347116.939612
-349563.407046
-353184.062751
-355111.151473
-345929.893532
-370320.244346
-361884.023048
-359564.099379
-355931.947519
-342404.184739
-363279.896352
-344643.725404
-347323.125198
-356368.639291
-353928.806647
-336939.715726
-358240.485801
-345417.853945
-360807.023905
-355002.075091
-366304.145512
-363289.016827
-342771.304247
-349846.009035
-349941.204613
-355352.349362
-354792.377989
-360359.729752
-359610.873927
-348358.280249
-350211.350262
-349409.893595
-346138.703244
-337891.270061
-354427.484144
-347170.20329
-336242.248927
-338314.192866
-348390.994281
-358515.257744
-351979.38549
-371012.186547
-346862.649045
-363077.36585
-347496.169667
-343927.868677
-354006.562409
-358253.08294
-350855.763589
-368417.025024
-364825.256614
-366657.408774
-362917.728335
-353312.038554
-363786.085752
-330249.256207
-336403.984487
-360624.9777
-359315.26644
-345032.098646
-345951.648135
-356226.948916
-364587.183224
-371946.56735
-367240.867542
-367510.020002
-353839.668578
-349977.038292
-332333.175575
-343541.554042
-366795.480038
-346630.769508
-357743.90556
-348826.636935
-345557.880201
-341118.676237
-365063.222772
-338770.614141
-346417.687782
-359818.174185
-345995.366525
-353964.00988
-378409.765514
-361112.104892
-368258.161929
-358282.935189
-339514.683652
-357306.716291
-336914.778516
-359446.137991
-365062.785068
-345223.695958
-360418.682436
-349481.856103
-351145.81792
-336489.599988
-366817.52856
-345730.137356
-348253.70284
-360413.362503
-347790.329211
-350990.748066
-358907.882884
-338434.868188
-347990.37478
-365835.026628
-374704.830151
-362148.145109
-356155.74486
-357297.306028
-361049.341964
-352782.771585
-361556.428052
-358975.932106
-369901.689866
-328005.317099
-351717.975669
-368214.19182
-350558.069841
-366462.212338
-345851.796159
-351802.025137
-352564.990104
-358823.833953
-345567.609145
-373556.519381
-360457.114747
-368279.992308
-361359.757758
-362690.955634
-353985.931311
-353465.167173
-356939.619942
-336911.462074
-360992.782228
-361860.242027
-354055.208578
-365591.999715
-348026.584571
-381313.047499
-365313.844483
-363067.894819
-347425.269364
-373482.247208
-354271.123644
-342745.434141
-361134.823363
-359711.885073
-334325.104957
-353424.074778
-349340.225056
-364888.165724
-359899.245166
-361234.769146
-356235.212612
-353973.809139
-370055.781245
-344371.555632
-362547.968421
-357984.737239
-365791.443476
-351187.907937
-365605.380285
-363295.990101
-363161.094686
-355971.882472
-370042.09699
-357083.459157
-345864.32517
-338456.910477
-361138.917413
-354174.659879
-351074.399503
-367524.986154
-357030.459788
-345987.915005
-357607.237474
-355714.981127
-355764.712652
-356588.200942
-358460.123709
-366034.736306
-364178.72022
-353785.536216
-362389.495722
-355095.91359
-341897.921812
-349506.179175
-342675.470743
-352230.018746
-355360.337956
-365464.084417
-368043.663896
-347736.538747
-355327.545912
-318524.333094
-353776.623087
-354803.519525
-359394.215148
-364192.930382
-349288.016296
-335917.099189
-375335.148468
-356080.655468
-359373.182944
-364211.21763
-354049.324642
-349839.360508
-333162.052013
-340343.993774
-366235.024126
-352641.78141
-351612.844056
-353277.926418
-347540.83943
-343608.257427
-355762.422581
-334329.085779
-348916.793125
-367179.626465
-350049.441726
-343648.447095
-357506.682303
-363173.374291
-351229.691371
-351765.589519
-349924.337504
-356243.451286
-340186.987361
-349763.82751
-353444.440815
-362642.825035
-362872.070421
-370844.531559
-362721.444881
-359975.796792
-352222.334473
-359123.545803
-354203.220018
-356090.250187
-363062.84769
-366961.120444
-363376.649425
-357091.327065
-358161.519759
-363908.996268
-367842.105837
-351513.409306
-337212.234985
-340943.362377
-352008.968402
-353751.092797
-362877.142684
-356759.415896
-355715.172903
-338687.334404
-358746.743823
-347479.227591
-357344.610338
-377014.926442
-356844.210107
-357269.195875
-368313.511191
-356717.024273
-345851.197175
-365841.651629
-359808.660167
-350744.470126
-350215.915247
-366890.100476
-362700.102838
-355985.711913
-351151.228793
-344240.239155
-354821.752978
-365234.736802
-347182.93845
-340993.188083
-355676.590097
-356892.417072
-371681.535679
-355918.551518
-360321.315072
-347803.871647
-348908.665665
-363413.100316
-354195.688079
-330495.349105
-339882.509695
-364669.370409
-348648.4123
-369625.030261
-359725.408307
-370435.590985
-356483.225567
-338579.885501
-361086.86849
-356833.579548
-365068.858733
-358807.334012
-358301.551486
-373327.355091
-364893.868425
-346419.598901
-359105.064597
-370715.555826
-339546.360159
-359262.987159
-348758.022776
-362049.913843
-351676.182314
-363618.759513
-359797.764833
-352942.383227
-365222.299395
-357503.559643
-357600.979234
-338431.392808
-361850.653523
-345368.007773
-360328.274555
-362110.800939
-342710.500668
-359055.951673
-361694.942857
-362082.620985
-355612.407496
-346836.30884
-367159.5262
-359306.967335
-367379.247764
-357081.393834
-350853.473074
-357344.526837
-370444.553059
-342165.086909
-362690.109141
-352461.131147
-359625.742393
-362362.428103
-357916.319562
-355271.50608
-356863.72304
-350985.664006
-343436.251407
-350254.788211
-366862.251466
-355077.308063
-348682.589138
-343126.193483
-359204.809062
-358739.976894
-370772.044802
-355451.635667
-353420.457814
-330362.000428
-353872.223197
-368779.236454
-352368.632981
-354604.64284
-353723.566426
-347113.607467
-369353.489325
-357576.662616
-359720.061151
-366746.262195
-353379.49712
-348050.383349
-353063.71411
-358411.084899
-359367.103953
-364545.819841
-352716.345869
-369293.940281
-347754.079367
-346737.702189
-366670.319819
-362765.344989
-369038.184507
-353223.662445
-349603.292068
-358350.218962
-358345.076226
-354952.499739
-367832.419494
-364830.860817
-368687.40684
-365786.487567
-352758.656415
-359054.20186
-345926.527924
-366233.859973
-354132.952693
-362005.661901
-348635.524683
-334325.981017
-362389.580099
-356924.263312
-357224.903592
-340326.919522
-358268.102057
-355302.439822
-357462.840195
-349206.797991
-346639.240414
-358827.063326
-367391.586951
-356403.877474
-358517.622443
-351699.275792
-353262.044952
-355647.513946
-359027.850398
-348497.594284
-370548.264619
-336320.898812
-354855.458178
-366593.481345
-358297.304584
-355533.16364
-363285.832095
-362953.845729
-381256.419326
-352778.013988
-355550.081219
-363203.187799
-354127.3456
-365103.588124
-351645.029297
-360153.518162
-351995.063803
-374582.365776
-363834.814934
-369339.559455
-362210.53288
-335073.651593
-366348.298012
-341080.426877
-361716.450248
-353385.914562
-351417.557557
-369696.578571
-372685.866118
-350908.41326
-351151.029659
-364144.136209
-361672.763356
-341601.673632
-357441.44448
-360446.781047
-343999.237498
-363679.642905
-343333.309653
-348045.606946
-354177.715764
-344638.303072
-367524.46542
-359773.688339
-353208.034284
-363990.518955
-353265.616584
-364578.264112
-362097.595844
-367292.54129
-352624.392092
-349336.09932
-348073.812408
-348783.920681
-344974.37852
-367225.978526
-360519.031988
-363164.064067
-354914.403263
-366815.719077
-367437.066864
-349438.489748
-361516.457044
-364792.847088
-358601.525244
-364835.058782
-358987.676218
-364244.210186
-360045.363632
-356045.279829
-349607.08534
-358112.696284
-347044.532633
-370347.950298
-358942.252779
-352879.769246
-366033.495977
-370717.795803
-364862.648892
-362975.894172
-369599.880901
-343961.453062
-357568.74376
-364625.923568
-375440.946909
-358222.183257
-356528.37952
-363943.117827
-360741.969665
-363719.86868
-354879.936333
-351130.886994
-365466.929005
-357357.196348
-348602.060757
-365929.3826
-364323.245595
-359980.066067
-343168.698967
-345920.05761
-347438.396371
-356590.085442
-354851.023213
-378168.343027
-352675.110943
-345456.979246
-361726.610449
-359586.322434
-359243.631721
-337444.144856
-366755.368252
-360576.777073
-347172.256903
-325040.060444
-343050.47497
-339226.691583
-362814.818897
-363004.318892
-347623.769795
-352355.603006
-345646.319831
-360100.518023
-342512.899276
-359381.713851
-358002.227871
-357156.500336
-359398.478672
-347887.174423
-364588.576972
-347102.618053
-355527.346202
-363905.576121
-356677.342862
-347494.734079
-356310.46404
-350345.140285
-353434.051471
-351596.569218
-360041.67205
-349079.396669
-353946.254293
-337892.452819
-363961.250778
-347063.347686
-360929.277441
-349661.144399
-362907.185346
-350035.278864
-351587.127912
-349018.831409
-357964.905858
-364091.642616
-343788.766291
-352907.752579
-366514.801481
-336387.577632
-361045.49411
-349466.399661
-363619.331784
-346384.956799
-365477.55892
-358346.626991
-356043.06817
-357496.662619
-356057.018358
-358811.038997
-357103.770923
-353417.610163
-372082.289263
-353573.057596
-362097.088531
-349150.339746
-364260.224526
-365956.053968
-358677.261828
-337169.796596
-344091.277406
-347875.757182
-358957.568816
-342454.281535
-364178.270825
-339105.414292
-357647.280341
-357706.55369
-370814.767381
-358725.827416
-361515.087831
-359201.549377
-368234.390746
-340996.66047
-356241.266565
-369732.037104
-360926.562042
-339477.979421
-340896.078653
-350363.48483
-355942.34449
-345632.060994
-359805.081207
-352747.395416
-350351.499279
-353914.916332
-360619.422398
-353263.229385
-357475.687938
-352762.926917
-360760.73403
-361925.525537
-362440.212081
-353828.458595
-374045.235133
-381450.157701
-359848.859287
-345601.836477
-360481.622494
-364386.843536
-346859.496218
-344737.884444
-356785.340406
-352734.150341
-359555.785866
-367820.224688
-358580.16532
-365679.587932
-329176.885334
-360052.425309
-361389.342367
-343483.694156
-356757.6459
-355447.812986
-356691.119559
-361688.084358
-340521.319321
-368639.330911
-353432.480017
-351679.177988
-368176.628129
-356994.188919
-362627.071782
-362835.995451
-352634.168713
-343180.675611
-353085.383016
-355465.70176
-355597.423939
-355614.469317
-365218.467746
-353398.832247
-361583.519608
-353444.087348
-369744.133952
-348097.249344
-340657.161768
-352605.486228
-359049.818439
-342695.801921
-361305.167214
-357668.618551
-358817.849556
-347315.140013
-345782.09922
-336336.542259
-360413.034852
-354918.575475
-349280.99859
-352164.224878
-365233.742487
-357640.410284
-371960.964185
-354606.11072
-359964.387321
-368127.402574
-354360.04203
-330697.88459
-359054.847541
-361108.584645
-365866.236525
-357844.715063
-359423.315651
-377240.080765
-364122.755025
-350140.414062
-356854.078859
-357626.962055
-357261.759451
-365562.302755
-362985.154412
-370882.092642
-355467.501699
-367451.263747
-355686.107754
-358257.243343
-354337.823422
-363738.824994
-342956.511294
-354956.806312
-340010.595288
-351410.157094
-362550.427879
-350915.913661
-361575.255816
-352030.199973
-348550.033192
-359491.079753
-355633.751481
-354115.90593
-349532.999135
-354246.997902
-346741.887611
-363426.443559
-346490.135652
-358977.234599
-361649.037049
-362240.645493
-355568.222468
-359114.647998
-357927.59588
-343875.364649
-363356.813414
-348248.932589
-362188.512758
-356671.38503
-362542.019594
-353172.692007
-360524.155738
-354948.141838
-361685.415788
-363901.66545
-360634.884528
-356459.757805
-361969.107917
-352678.586886
-356149.257012
-350828.112113
-361618.695146
-359627.179439
-368239.144357
-359405.270183
-350104.582949
-346150.184949
-365848.40566
-349133.841785
-344953.664563
-363135.239388
-360861.738596
-371671.825741
-355323.382216
-352894.931746
-365929.63345
-359140.57864
-354942.918032
-345254.047575
-358216.51461
-368213.284332
-360503.939849
-343765.721101
-358099.802297
-352691.737492
-367109.093714
-364272.737049
-358569.995307
-356113.423764
-358020.308498
-354427.249099
-359247.873088
-365950.758187
-373862.18312
-354557.469556
-353678.024646
-349418.053926
-353491.028801
-355748.39258
-355208.938019
-346669.365559
-340604.823245
-366169.912028
-348821.006539
-333263.188036
-358925.922331
-358169.66611
-353851.139249
-360386.60817
-358157.272205
-350994.316292
-348674.034021
-342515.683423
-357697.152649
-355873.252838
-362825.907941
-361890.474914
-349399.750413
-363820.614356
-334442.199506
-353520.076958
-345631.135241
-343185.622952
-361270.617648
-349593.095204
-362608.483386
-367521.546964
-355424.616182
-358099.708682
-362398.604686
-350699.698497
-348536.622558
-355816.771475
-356490.466236
-364054.992668
-356125.277814
-357894.359432
-353523.961516
-357811.072131
-357752.758885
-357280.108683
-369944.573752
-366950.573987
-353450.478225
-371170.421447
-352597.848383
-348739.248051
-352190.477036
-360425.115551
-357625.679715
-358038.654768
-365374.922876
-351200.510179
-359541.182169
-362818.424994
-352367.138163
-367672.247249
-359576.603061
-351284.768112
-352091.037733
-355755.672793
-347700.479027
-332549.954692
-358752.432365
-360360.032549
-358552.545795
-355701.938644
-367008.260777
-354813.397236
-351764.730132
-353060.094688
-362152.818083
-344019.700868
-354022.507
-354909.146851
-363995.685172
-362600.082546
-349870.81421
-360937.314141
-352650.994798
-347205.816283
-360509.91256
-335506.043321
-356527.074685
-360508.095174
-356740.463678
-350443.306594
-343054.011994
-340927.519747
-365989.585294
-359823.009547
-353584.760788
-355414.68612
-336424.166551
-363178.545781
-368347.530995
-365575.9167
-360490.1351
-357759.563833
-355517.901584
-368063.751287
-348121.04363
-367181.355793
-356773.526535
-362986.664572
-353748.389516
-350881.284588
-345842.779153
-343444.180953
-355126.449244
-358196.530952
-360129.848281
-345878.464562
-358350.612872
-342916.672585
-353364.527311
-332168.450128
-367180.016553
-362312.440613
-368728.411687
-352529.376445
-345358.321612
-348108.821882
-351713.718331
-353317.023571
-345464.690235
-347425.076928
-354420.012144
-362012.0043
-353548.958169
-357894.386696
-367883.101665
-366373.610569
-353509.758911
-352810.883947
-350804.945102
-342376.787065
-343963.530998
-335277.430645
-365253.557875
-349473.429433
-352174.005897
-342822.920771
-350214.531631
-335084.513313
-355708.180725
-350982.419519
-365692.320956
-344142.919469
-354178.944092
-362938.352249
-362358.53641
-351455.949208
-370173.567745
-370116.59858
-347055.742557
-362227.154146
-349848.401508
-345368.551922
-348935.350682
-350569.456475
-342698.170143
-346711.277402
-357370.189193
-363112.360775
-352243.396667
-348911.605907
-363900.050114
-357279.876912
-364318.279642
-365240.774282
-361620.407791
-362328.492125
-365940.114902
-357703.453863
-338517.800849
-348804.322993
-364057.2791
-364966.45242
-354192.958325
-367152.887155
-361480.175531
-329358.12389
-359476.016682
-339544.508964
-359288.182635
-356721.571299
-347898.668149
-357772.444065
-370805.097493
-365429.259517
-369613.199773
-360729.722003
-355335.67356
-350824.134531
-350794.955952
-357418.779212
-365216.225877
-349111.687978
-352042.362665
-363347.820316
-369186.929852
-345266.666733
-363139.86828
-353193.060526
-364131.763096
-345568.952925
-342058.057916
-356106.108489
-369183.161181
-370172.932397
-359361.615006
-369652.102851
-369521.790241
-348612.784735
-348494.859838
-364471.733282
-346346.788149
-363325.625688
-371154.203252
-357993.257498
-354620.670784
-336482.075196
-351637.071949
-354756.034225
-367447.276112
-348748.167219
-364630.15923
-355742.081017
-340522.466781
-354520.810852
-374876.616018
-350964.656446
-347619.297303
-370436.557675
-360652.420087
-350327.369184
-358563.804686
-352251.794613
-352636.577008
-338633.388462
-334290.576732
-342502.251499
-359055.170071
-348896.057665
-357676.699187
-345171.098133
-354149.181998
-341747.581895
-368904.919405
-366673.370659
-355206.571089
-358884.775407
-360833.90309
-354353.595024
-368264.648129
-354584.188833
-340760.499886
-363979.220842
-350101.112102
-348553.880748
-351380.69004
-371195.72601
-366071.84564
-354858.730505
-358449.043316
-365073.040718
-355304.92951
-340322.171079
-358815.249701
-360916.636933
-368624.5651
-346918.024461
-357934.314203
-360817.357748
-362337.054549
-361938.134145
-354813.005761
-357369.277833
-347574.92159
-353158.065717
-344529.281978
-342180.552214
-348576.786728
-363447.919108
-364885.004958
-373541.109279
-351036.505053
-356771.263259
-356314.578726
-354759.381951
-359483.455682
-359012.754395
-354193.857078
-356392.593893
-351637.863865
-364736.619435
-359946.959287
-348969.034151
-347159.742891
-348391.978703
-346770.248929
-360045.353881
-339778.416501
-365709.387548
-347469.118292
-357995.224002
-352632.494594
-357790.947267
-365885.342696
-353503.069065
-354485.757756
-343312.301865
-363283.560107
-355276.985937
-367039.620684
-349221.802078
-345035.314535
-357698.778828
-366466.547804
-329707.909684
-359118.680329
-354446.752692
-365614.200809
-355918.388846
-346543.210483
-360151.424318
-346603.260921
-354288.747936
-361518.630659
-364008.868453
-346901.195583
-345089.557068
-351457.192305
-370830.103844
-377680.027955
-346944.409096
-357041.835138
-358396.7535
-355320.559755
-353591.917294
-347574.848831
-354060.133043
-363492.478667
-354498.751532
-352617.940755
-359346.673595
-358499.633172
-343104.253005
-353553.238695
-373297.050269
-365477.995299
-357139.104346
-347383.956492
-356000.704946
-361014.582704
-350819.456164
-350583.810001
-347273.768135
-345224.057048
-355965.191434
-354087.055137
-371241.86557
-343149.401955
-355223.177937
-355593.993662
-354916.704872
-358802.247828
-333701.332298
-353406.649843
-348407.123352
-371635.44039
-361716.664199
-367304.176914
-357049.351787
-366206.660609
-353133.784454
-357669.991874
-359551.902381
-364371.890795
-344645.984398
-368208.807125
-345720.01239
-369027.59906
-365438.435132
-358497.559898
-374250.861194
-368469.238498
-329318.542174
-351023.028851
-347005.280198
-359349.751144
-356654.86253
-357441.691407
-363941.677947
-362227.094444
-359954.200259
-370415.104677
-359359.623564
-355524.063759
-345226.285788
-369241.337499
-352704.045125
-362107.903378
-350559.670201
-351817.462534
-365007.438463
-370444.134067
-347718.492242
-355451.81917
-346127.570983
-355365.822304
-358922.622187
-362494.553146
-362259.942312
-367347.14463
-337446.708455
-357150.881415
-369736.838093
-353017.980374
-340224.755203
-360619.471356
-345918.942133
-363170.785596
-360586.022895
-348918.79874
-375467.44536
-350160.40744
-348316.797827
-354551.093628
-359552.480516
-369260.111255
-349582.693333
-352455.894917
-357748.811522
-362020.459617
-347273.27013
-363613.000114
-366875.17819
-357305.950407
-347340.668992
-354943.429542
-365586.795083
-358156.80066
-352936.728297
-365027.72581
-368086.176475
-360100.718827
-365581.13364
-349015.76629
-360461.213019
-340406.344242
-353324.014773
-366488.068909
-347702.567161
-363785.870473
-360942.290447
-348876.60475
-366462.3024
-363613.286268
-342854.434463
-364826.546634
-346049.357009
-353904.308086
-357560.556269
-356602.898758
-356857.905037
-353552.286833
-351444.784094
-342026.568262
-371365.378295
-353879.307009
-352531.44639
-347248.385584
-359890.773544
-360236.229122
-366547.438621
-360334.961651
-359643.408923
-349922.090355
-349760.247582
-356441.439155
-361232.630995
-346408.884959
-355223.963832
-355262.440169
-334361.015766
-366237.491611
-345869.199751
-364937.21977
-357374.930056
-345238.439419
-360321.755714
-356581.512541
-355414.710052
-353746.70458
-356686.240861
-343385.376927
-361758.387477
-341652.643931
-365025.564632
-354031.315204
-366973.93221
-358409.579841
-354239.2581
-354440.152183
-359750.289429
-355895.754544
-335870.862874
-344077.87429
-347748.925284
-351588.760134
-360125.081179
-359283.038955
-354976.32867
-353666.202672
-347265.012103
-349148.479093
-357843.381061
-336469.288687
-366506.61691
-373273.157911
-358716.72417
-361470.663509
-357373.159397
-371762.664496
-356545.843717
-356671.070879
-361527.788718
-351071.719581
-353694.678005
-344190.934821
-357749.985448
-349742.882578
-362668.175116
-362417.74739
-356544.786964
-364651.562703
-362342.971134
-338384.397409
-353777.118133
-351939.833738
-348912.652356
-360375.905347
-353175.16898
-367851.579206
-359726.821398
-346749.956419
-359542.728851
-354564.437415
-347415.715477
-344634.08701
-364124.239559
-351781.405951
-362693.852531
-358248.029634
-367951.893874
-355858.531391
-367598.133991
-349335.640089
-365909.313861
-360004.934776
-352928.537746
-345448.029758
-360134.197056
-364361.712438
-369195.70769
-356374.032359
-334173.3602
-354293.591195
-354017.659803
-351461.309438
-347132.901557
-358910.100204
-381740.959529
-370452.427163
-366329.179704
-369278.209228
-364555.677408
-347511.81231
-365163.064939
-350334.551273
-344084.951506
-348270.877472
-345374.900154
-359031.974446
-351815.880006
-353091.248062
-345274.538965
-349617.744796
-352389.251451
-349567.755607
-340652.215868
-358876.731848
-348129.221773
-336419.273909
-356374.22653
-341627.272868
-356758.609941
-351935.257187
-360631.2934
-359207.556098
-342724.064486
-353068.736845
-366749.681605
-358587.277117
-356671.436693
-344991.742664
-366335.991598
-376179.460596
-371224.007624
-348282.758648
-340577.183478
-348959.967442
-345598.037496
-356229.81468
-336702.920562
-334657.790908
-360737.612272
-346077.712723
-344810.513826
-361992.165641
-334090.611671
-353886.932791
-345651.546842
-372615.372748
-353893.426375
-349918.553264
-347478.801475
-349173.938289
-349934.831191
-356913.951839
-350282.272744
-340256.422238
-357738.232919
-356590.62471
-350563.718633
-355883.56644
-369223.491812
-348359.59505
-343589.065881
-346739.92618
-337546.523769
-351306.129129
-356785.779176
-345296.226188
-348845.185748
-357693.597134
-357013.251829
-352760.60047
-356060.497633
-364984.305385
-339680.806677
-367263.666733
-361900.241513
-355713.952954
-356686.907243
-352850.58465
-355133.354072
-336729.402144
-357581.868954
-366267.803882
-354675.102909
-351295.363935
-357029.290049
-342127.29448
-368753.819756
-352348.923108
-359664.577723
-358858.83253
-355508.660167
-367007.577732
-365233.757568
-358625.41846
-355656.924149
-361061.237597
-357271.636113
-346560.948738
-362763.99151
-361634.213406
-337582.693775
-334426.387552
-351650.118814
-351488.000181
-360367.461928
-360778.521159
-320666.220828
-359076.944225
-337209.638603
-338173.422821
-349011.202487
-357944.643079
-355552.330034
-366116.37502
-360860.331105
-355766.931273
-366032.960974
-351397.635228
-366822.889704
-354870.06147
-359831.602137
-348792.495726
-344696.953205
-357352.57029
-354994.19663
-348824.188076
-348080.88426
-351950.962296
-353317.049124
-359722.772202
-363716.400553
-331708.361554
-356471.711336
-338438.306189
-351696.685451
-370893.185894
-361531.077331
-368859.443269
-363134.330286
-356898.569772
-348404.473709
-348791.796892
-346361.843096
-371240.721084
-366562.372606
-342002.914329
-346136.940144
-353938.570497
-338518.344993
-354920.988953
-357523.602086
-347571.542199
-356842.335343
-336402.15745
-354141.055324
-366275.084909
-348503.660754
-352659.643623
-356324.338589
-361690.14265
-357728.66914
-347949.910497
-340806.235776
-347122.52715
-356653.260215
-352688.072883
-369510.415714
-371841.674947
-350430.252421
-346478.747238
-362865.588716
-371894.923238
-352416.436105
-367491.160094
-336478.998325
-354040.508407
-349759.829665
-346327.355137
-345761.820283
-347235.176987
-357877.734421
-355676.765628
-344974.630956
-347497.70277
-361708.821093
-333716.514861
-342678.919824
-351304.135959
-342434.78632
-351842.039792
-370814.225373
-330771.165341
-354290.873556
-350615.078242
-342119.031976
-362601.067129
-354329.680849
-368855.629749
-360001.631674
-346294.749056
-352666.419843
-351672.67388
-338481.403173
-350020.603451
-344901.152741
-359359.153164
-359922.800292
-351968.945809
-346357.711391
-341416.768125
-361623.876281
-357215.616957
-358884.544574
-358966.50174
-359232.159413
-348631.258736
-353318.570475
-361353.14945
-362488.939884
-367828.605498
-345046.28841
-374599.661202
-351150.580766
-370137.885034
-351946.228364
-345446.767328
-369459.759222
-341265.033403
-347450.424593
-359691.857452
-344811.332013
-361978.851449
-366499.890032
-354630.570527
-365583.322769
-358406.80327
-345394.404801
-357924.831621
-364290.528638
-362782.300783
-357996.318633
-353694.745248
-366545.988038
-367562.325799
-341624.539997
-358030.308161
-368402.485506
-345799.978557
-353176.070947
-362582.700752
-346079.482721
-364573.353445
-366926.926812
-362475.240778
-371679.371655
-344600.448074
-358866.296566
-363600.734378
-376924.636878
-362517.803464
-357085.418333
-359240.719393
-340599.496914
-358409.038681
-354606.360541
-349907.203858
-366985.508567
-351257.185789
-344590.635495
-359717.350484
-340101.84296
-367627.212876
-356723.858157
-348999.596589
-358827.553602
-343898.8312
-366149.774367
-348077.29537
-366355.166753
-347199.72777
-343006.468481
-354883.778731
-348663.428697
-345905.789385
-348543.072847
-346911.66039
-359656.864312
-337083.470116
-341945.08307
-366428.695067
-346308.583595
-356878.076645
-359768.81801
-356068.169054
-352206.704052
-353390.586844
-351977.050451
-369401.828552
-362846.626578
-344721.037528
-359132.287709
-342741.115363
-347897.787625
-364981.851892
-351733.66084
-352311.793589
-351764.936621
-352095.022892
-360250.898863
-358087.852266
-372624.169489
-367582.121391
-354775.077689
-358680.545037
-362236.850345
-341070.172153
-351691.554063
-345028.933753
-351989.815989
-365568.75287
-346692.684492
-358380.894123
-316244.617099
-351506.827831
-347164.021792
-348543.545164
-356671.089381
-355283.703479
-346831.742985
-355172.703439
-343168.955768
-344880.952579
-352767.14047
-364108.716433
-346999.779266
-344619.321392
-345323.38224
-349460.215311
-355077.626081
-360406.560626
-359741.569448
-361960.026599
-361304.681076
-343053.180545
-343828.19801
-363001.808064
-358405.178627
-351284.534862
-355895.395168
-349257.23586
-349766.319405
-341467.14175
-356507.963876
-373953.066382
-347631.908284
-360992.592191
-361955.159418
-360616.614611
-362993.397987
-351877.049176
-335704.573671
-352235.042198
-348641.198623
-359092.704179
-344531.975407
-361735.149261
-340828.317107
-356565.041685
-355705.04728
-342405.447034
-363902.995544
-349337.641463
-355800.818655
-370696.717122
-339921.41594
-361920.120345
-358132.81307
-353915.79216
-364845.072248
-353129.125693
-362366.29097
-344308.580444
-340489.067082
-358745.150813
-368178.829456
-354022.740693
-336714.301897
-357369.869418
-354888.843833
-349928.549888
-339831.637582
-353613.062987
-358054.463934
-359047.740319
-354833.467543
-350728.662179
-353862.937003
-351028.350573
-350286.534515
-358313.217805
-362010.277741
-366467.914127
-364497.145303
-360259.908854
-344347.679799
-355551.717599
-340748.631816
-349528.198182
-338870.921197
-363157.553013
-345252.530185
-352281.712519
-352224.915296
-354508.152591
-355733.886665
-350062.573923
-348954.554258
-365859.840617
-342953.143725
-357044.474093
-357847.31391
-366217.33842
-360560.38874
-368982.053829
-339475.489729
-350640.645878
-346994.106644
-358050.250088
-345955.087703
-359006.06526
-348388.733079
-344631.653771
-360057.907829
-340348.018621
-357405.502909
-359699.749304
-345256.227953
-355042.974393
-358563.736991
-357714.822105
-367408.385702
-364498.002203
-337439.040186
-348677.899026
-342937.961823
-362047.341175
-358045.346399
-357930.364471
-353421.413969
-342828.209236
-353148.196002
-350847.736694
-361973.275369
-359513.554659
-366605.880161
-344193.65197
-359173.670269
-354496.758306
-353654.036333
-355021.993099
-349301.470732
-370536.364084
-326218.949561
-355931.268288
-346775.46221
-361278.808507
-359770.060943
-347507.47754
-351576.610904
-370813.531833
-357938.826478
-346926.276502
-361740.756144
-356325.816657
-351342.5658
-343942.732403
-360367.937419
-367072.259052
-354849.909687
-357872.528088
-353748.866842
-355313.355217
-345872.350808
-340616.414936
-368584.49395
-352928.619082
-359353.929955
-353949.810962
-339802.481343
-348425.62044
-349985.926083
-370872.482514
-357748.539036
-357517.111202
-350624.020508
-355506.26407
-355332.129074
-353477.91805
-356573.602453
-346174.438918
-348899.288888
-350820.026193
-347452.154512
-359793.564175
-348693.605542
-362386.695698
-355863.943947
-363092.848092
-344281.552367
-364970.159026
-342239.120031
-360104.309254
-362108.909119
-368081.393902
-357731.668434
-355209.214971
-365196.022409
-359828.03777
-357621.969987
-349079.603321
-347978.060654
-368137.297609
-360230.627737
-363663.288838
-371888.476961
-350907.446042
-365862.213909
-346223.914296
-346026.655364
-356144.099391
-358331.35676
-353327.907223
-366480.467236
-368276.176269
-353961.92531
-354430.635409
-365251.209273
-339581.918787
-365899.86241
-355095.151502
-343374.921358
-366033.759159
-328470.992923
-363644.230897
-350304.466928
-356997.139887
-343830.36152
-351796.458703
-345254.697622
-360312.410044
-349411.819373
-355202.163969
-353026.438524
-359789.041933
-360059.361761
-352691.018865
-357204.944564
-368960.005101
-350060.344206
-350512.20884
-343922.759038
-348284.035176
-352048.974454
-356504.290567
-341302.657163
-354002.218747
-347126.278436
-354037.339193
-360469.795984
-350016.791012
-348130.163858
-364005.163884
-367588.179144
-352890.337334
-369283.900557
-368308.158074
-373522.213844
-356725.31523
-357156.574282
-364923.528214
-368827.740629
-356376.75785
-335210.492661
-366580.563278
-344565.007366
-363091.476124
-358662.205205
-356238.917457
-372521.754501
-352308.17353
-350005.506628
-350745.12341
-359376.086055
-364964.774255
-359980.746495
-359838.913049
-358740.558855
-347016.899751
-355398.498096
-340600.932773
-364883.227473
-366609.536492
-339205.428134
-360565.483747
-358292.189152
-355494.694981
-353190.976256
-352077.26449
-357302.425653
-359072.382584
-356380.596429
-355873.834051
-358710.547438
-354885.985335
-331042.470625
-358135.234573
-369272.092004
-360062.083856
-349623.175499
-348888.014221
-349558.296299
-368562.214176
-330015.78486
-367062.063712
-359593.201874
-350130.406427
-356151.000848
-349200.760837
-358626.003197
-357191.250095
-354743.925497
-357872.341117
-360493.062731
-339468.157196
-350562.68347
-342399.698693
-353305.786949
-360930.259424
-347667.722544
-355775.152283
-353518.577018
-362088.071083
-354513.490214
-346407.485874
-366135.512764
-373280.464548
-353093.931705
-351595.735354
-360886.305733
-357221.306075
-362780.621592
-350028.748091
-372290.594164
-361856.797295
-370048.573139
-358028.060095
-351198.460245
-349458.867801
-357523.858058
-333041.140424
-336293.49322
-357722.384979
-358505.815871
-337200.214714
-351020.193528
-356209.547563
-349358.692475
-367140.643395
-353858.414374
-355660.050892
-365903.343139
-353086.184839
-358904.054435
-355214.022647
-355063.966187
-354500.817638
-350012.018596
-356047.612342
-357562.642519
-354849.699627
-358331.752241
-365491.3298
-360671.07874
-357172.917975
-340129.255427
-353264.383015
-374694.556631
-337728.866658
-359393.127022
-370145.013448
-359572.612029
-358239.716797
-357170.419853
-372172.888297
-360757.902392
-344558.373438
-367532.489547
-359017.847853
-359997.458557
-348041.848136
-358959.292632
-360500.496155
-352353.762187
-355750.967293
-351081.690915
-360900.604222
-366103.90778
-363948.333347
-365001.161607
-357541.574433
-366819.367313
-340637.285885
-354576.343427
-338865.23478
-353296.522095
-365991.563307
-355196.741788
-346354.679635
-361238.964195
-342470.72264
-350480.385187
-360605.461951
-350762.682831
-355001.528942
-371631.216089
-355815.130741
-355572.922164
-358596.490348
-347193.547873
-362170.371333
-343764.223055
-357682.895144
-369586.629394
-364050.989516
-357858.797957
-346356.11019
-351051.135884
-358172.987874
-331841.952416
-343534.710517
-353608.297156
-357023.891285
-351261.12463
-349938.423041
-344133.194347
-341194.322403
-338875.513128
-346369.34642
-348834.687316
-361881.197821
-343959.901335
-368257.331931
-356928.171582
-376187.355488
-336082.573047
-348670.692966
-346029.205657
-356720.222122
-361884.04378
-363833.418769
-361305.539044
-364692.5333
-350597.163898
-338400.267058
-351370.249345
-338238.642548
-349536.898258
-353898.813662
-360436.307948
-351496.59536
-358326.998881
-367298.773563
-348401.146173
-355633.264919
-368211.050339
-353880.240007
-348264.779746
-356663.349239
-366774.550467
-341747.097964
-355454.695038
-351741.068891
-365471.628875
-356551.257306
-352523.872123
-362301.909216
-359719.788286
-361811.588346
-354426.66248
-363873.565784
-362502.032607
-370271.376749
-353107.503467
-372075.736433
-366546.578422
-353669.418362
-363025.742503
-339513.592438
-359023.418532
-357736.097864
-349185.87475
-346369.976315
-339372.652107
-356812.404944
-366358.669036
-349733.296647
-359810.61907
-350456.186988
-351910.964814
-354463.272301
-346086.028529
-354165.54734
-372686.267991
-368652.672332
-370129.38819
-358894.398057
-355013.434718
-370460.248466
-365972.776643
-355060.190046
-345480.983095
-358522.063945
-330268.855279
-351973.708689
-354072.71011
-354984.700575
-350531.039465
-356451.859035
-346513.81353
-366318.776249
-352042.087361
-354270.938436
-357859.211002
-362582.041973
-352635.472422
-334259.022981
-355358.614326
-336588.6953
-361236.88493
-365253.366745
-357010.362746
-357885.210513
-355573.112436
-350495.291837
-361179.873632
-350672.849293
-368950.933713
-353681.16958
-350822.311347
-340888.13951
-349484.894466
-355042.610529
-349836.233016
-344462.988558
-356456.585652
-347338.72771
-359769.73076
-338307.888835
-358790.493971
-352626.990606
-342844.625055
-349177.139817
-358110.434951
-370444.304859
-347638.664815
-357435.591883
-363991.556469
-355615.904174
-360262.914057
-363203.684616
-335148.232384
-362420.561553
-362542.812341
-354842.683995
-361267.396174
-358951.493191
-340935.219412
-352169.235398
-358154.592143
-340241.379951
-367713.575435
-357015.520397
-341570.377197
-353668.871156
-366840.548182
-352971.264287
-344674.061312
-364558.519763
-355352.849979
-355748.899094
-362397.694533
-340613.615406
-363340.166696
-352872.287614
-355408.116376
-363046.499771
-342805.042377
-349938.642844
-371538.492339
-368681.807665
-362834.289354
-345511.048318
-351919.306842
-366802.850691
-351287.993775
-352376.209313
-361348.165998
-348901.704453
-347107.856551
-359151.931185
-345040.759138
-358632.00197
-351136.51363
-338600.464827
-362189.199322
-359867.950071
-351268.479761
-361422.502187
-338944.27402
-356220.084587
-358563.708912
-351560.239219
-358053.666728
-339858.807957
-361222.057624
-356890.036244
-344748.618991
-360823.532599
-359515.572723
-347459.101299
-358382.452632
-352596.867634
-348777.846497
-343172.569968
-361459.124494
-346955.385764
-362036.758879
-363697.711826
-358983.043533
-363951.716769
-343882.06798
-353933.735965
-345579.825952
-351940.760088
-358315.467993
-361343.555012
-359737.037029
-363063.498442
-348376.436538
-365326.468304
-347851.763202
-352500.895012
-353348.22183
-358590.592603
-359102.294867
-364045.283534
-364418.596797
-353289.773494
-339826.459795
-360062.666874
-348148.674967
-359470.885917
-355087.201078
-372664.241688
-355198.948559
-363938.115985
-368863.961957
-344237.11969
-340795.115522
-359917.085782
-352082.447836
-347767.474082
-362567.5054
-361419.295014
-357128.626927
-356849.948994
-354741.749014
-360784.937077
-358291.389312
-363282.979879
-338670.21109
-354510.347276
-358098.441861
-364325.767484
-349560.28874
-357230.675005
-363512.930279
-358711.507034
-347444.306036
-366833.74874
-358350.043201
-370027.000004
-369274.224801
-353560.731042
-365990.890029
-352910.180521
-368405.909402
-365283.206662
-367666.45372
-336287.683063
-348897.269189
-354874.926112
-358408.641212
-349050.076735
-365045.454115
-359918.359208
-355216.791506
-350762.031442
-368533.692245
-359343.797717
-364075.303429
-371178.791968
-360086.085461
-357830.734687
-359708.616542
-352336.98978
-357086.609862
-353025.328394
-350786.546057
-354714.733234
-355747.872508
-346370.546893
-360797.43456
-350784.721184
-340516.328303
-351066.365017
-351642.559899
-357295.02823
-350734.175473
-352617.202686
-358659.084961
-343198.181544
-341347.478525
-348280.886033
-347350.520811
-355253.740103
-357780.223683
-352500.037495
-357544.05549
-326416.622481
-348375.570698
-348619.42743
-343371.686945
-354689.529907
-344890.160342
-354966.434957
-358385.418498
-347110.859007
-345994.974129
-333722.679592
-344494.31058
-358824.185651
-368556.056513
-359706.29114
-364737.451597
-356599.416674
-346783.056993
-353005.985367
-337206.655415
-343284.301673
-361395.792274
-364193.699631
-342404.555983
-367243.785976
-361236.489639
-350685.005851
-358540.536971
-345646.007337
-359499.388393
-362962.660594
-346119.836381
-358422.961642
-344895.080995
-360304.822779
-362030.062423
-334308.718843
-350458.481666
-370056.477652
-375483.624081
-354903.6684
-349800.432421
-351334.155722
-351681.576773
-351309.094847
-363456.777905
-349446.031087
-359871.8564
-360799.81738
-345038.999748
-362582.259433
-350357.651431
-356344.898518
-378085.297631
-354145.189529
-355322.229947
-355872.078123
-359503.380012
-352913.800996
-348523.255492
-376419.172678
-332528.595261
-359284.751789
-340531.944816
-353319.273439
-363218.999405
-371197.873892
-352998.509765
-370402.222891
-348060.688889
-354369.830787
-354929.274524
-348206.56371
-361390.248757
-356097.168761
-351600.238122
-363832.017756
-355870.895687
-363369.479886
-356116.235664
-351804.573156
-358960.99059
-347534.583109
-336604.063375
-364152.032787
-362841.045121
-369957.849449
-359123.298791
-352197.447159
-355596.368333
-366985.523789
-353010.067634
-339262.12338
-365868.476802
-361471.771035
-366819.476159
-367592.324995
-348223.678587
-360348.566071
-353955.547461
-354290.115013
-363263.454111
-358509.121753
-366502.553703
-354766.100006
-353379.743022
-345445.119238
-351843.910837
-348305.196721
-347941.73416
-362291.804342
-355523.521312
-352310.77316
-366089.484994
-354217.449478
-349583.934756
-358739.055115
-354595.053531
-353384.576765
-365746.537929
-360902.993136
-348233.204331
-366541.384071
-339223.221263
-359000.495996
-359627.616716
-358193.399584
-349590.668277
-365515.148088
-358818.151549
-348821.238905
-320657.768151
-366154.354952
-368282.421735
-366068.770127
-349556.624801
-359729.237866
-373443.739778
-354718.962365
-359138.408868
-359585.467824
-338717.545097
-362110.665722
-348443.737737
-362671.869745
-348792.919152
-356594.210134
-329420.193119
-349330.668843
-356917.673486
-360653.43769
-348856.904049
-359368.223954
-350638.32436
-351273.8904
-354229.656396
-341985.963873
-355119.680082
-361974.951524
-353253.885078
-342633.908855
-351350.280998
-359994.540026
-350883.470975
-354715.118758
-338276.318681
-354255.254307
-359024.418501
-367114.904732
-345708.143168
-359123.975319
-336336.705144
-353029.551696
-342503.532873
-358073.807884
-366953.402068
-352522.264849
-359060.16109
-359650.857085
-348231.609404
-353230.103098
-362092.695236
-368433.012603
-341106.591568
-362352.410505
-338185.74244
-356840.921122
-345388.866881
-340037.666563
-350916.490926
-348182.726282
-353188.63398
-368744.890747
-357879.904787
-351949.785067
-356447.906462
-367607.111732
-350120.260937
-338252.26778
-348806.579954
-340356.452709
-348998.770011
-346506.987855
-363430.429537
-360324.831822
-350176.462895
-350972.14156
-366474.916215
-363151.875378
-355331.759977
-354256.404271
-364110.984266
-354996.430196
-353162.612624
-346953.295807
-357725.168138
-351552.716708
-366821.035191
-361400.443654
-356033.384832
-351441.784465
-339365.742701
-350689.859871
-359500.92648
-352191.291432
-353276.720085
-347831.996115
-364868.080598
-363804.163935
-352244.689729
-369569.710996
-347433.87665
-359907.014805
-341580.529528
-338781.383984
-360539.165084
-358519.890213
-367201.962717
-359435.292581
-344926.82642
-345905.963355
-361396.733418
-359739.457319
-365614.99474
-370255.292345
-359210.588695
-360151.674689
-341686.725962
-351571.978518
-359043.852505
-368548.840844
-355355.292818
-367856.023535
-363940.007313
-361499.607357
-352693.472382
-359829.794375
-347933.811777
-347105.979865
-356938.339107
-345747.176284
-362650.968406
-347680.608573
-350189.022514
-359107.176781
-348561.040699
-366481.871974
-354033.90729
-369124.664544
-354367.537647
-346971.161189
-359558.304839
-350102.052201
-369808.422037
-355587.018383
-351600.316035
-358940.837542
-349093.475078
-347725.055811
-363134.348203
-347967.619722
-328493.868527
-353352.505209
-362854.14834
-334136.582856
-340621.428261
-345298.900024
-358188.437795
-364020.834424
-363104.525326
-352039.924362
-350955.75818
-353311.176793
-351562.614202
-338105.597508
-350694.706765
-365695.08984
-357884.483793
-354358.383283
-343022.54597
-348362.644226
-350162.23544
-367709.491881
-355242.780292
-358639.562589
-363500.935007
-354989.443399
-364154.116375
-340874.644431
-352295.121295
-364437.028434
-355069.628498
-360235.831967
-342122.579474
-361609.032108
-347346.830819
-367099.297538
-374066.529446
-359991.310192
-361452.761574
-363267.05944
-346990.914146
-364497.823358
-353569.008475
-344205.362238
-342134.230903
-350931.125095
-358729.102823
-347196.583441
-346411.196996
-349855.292471
-362214.124658
-353873.190028
-349606.428449
-354885.24329
-360959.501617
-364761.822098
-341504.366294
-360581.375619
-353711.862986
-340183.146423
-342666.29327
-367889.233267
-358639.365761
-355831.050521
-351647.334542
-340636.44158
-361649.098845
-352472.786621
-362223.738233
-362063.393466
-341094.250026
-344006.390734
-363335.919554
-353989.908338
-352283.124195
-344507.646243
-347442.854825
-342577.740053
-357463.67564
-363214.814505
-364505.149242
-354068.660242
-340327.896286
-356204.451787
-350734.07856
-362837.776614
-356462.086011
-361004.909158
-338905.787461
-359938.212221
-364490.291095
-358232.338555
-366970.181332
-353860.163826
-342913.551143
-356784.406655
-341510.760599
-361683.92295
-348247.496158
-356984.143697
-343644.836249
-348917.574165
-352086.241685
-360116.007983
-352996.924385
-352912.283267
-342534.386213
-350017.884667
-337793.42567
-360888.812743
-355320.734878
-357069.753481
-344718.255977
-352641.03394
-360726.422218
-360305.854404
-359243.925898
-353506.225015
-373342.174249
-344252.944421
-342108.6476
-349226.369184
-347351.850901
-351938.781853
-361775.430069
-368960.458124
-346961.175339
-366661.080107
-343092.94295
-354861.931407
-360522.693532
-358180.998894
-349670.018013
-360203.350334
-360913.709683
-352313.054328
-357058.578613
-342022.105733
-352583.586576
-357823.74366
-360740.159322
-344897.13263
-353903.452355
-347137.155938
-369159.970816
-347830.004893
-349513.669667
-360088.492656
-366824.936904
-354262.901045
-343713.67289
-362858.246435
-348015.107638
-344151.333532
-356202.555267
-350452.767297
-364328.72708
-347853.499004
-362358.994373
-358598.694026
-359108.096739
-367284.232684
-347458.556116
-347409.126176
-354523.511344
-359296.80804
-339276.395763
-344739.362322
-344489.840674
-356550.793565
-365972.822573
-365493.217854
-357655.468659
-359135.961292
-352241.013498
-346240.67215
-352239.845772
-356870.522385
-361395.183585
-345549.863908
-353646.568665
-359548.055726
-340266.777864
-354121.22896
-367854.525585
-358350.396858
-346523.03623
-360593.967567
-359837.487348
-352920.134328
-354101.767307
-361184.134315
-372344.663359
-347052.987541
-367675.169039
-364211.982412
-355465.12426
-353856.544326
-354732.426761
-366541.71824
-352156.615048
-353827.569592
-325237.585048
-345300.977951
-344758.880302
-352525.681067
-355799.876002
-356663.292046
-340020.039538
-369059.640651
-363567.990633
-355226.150131
-359188.267093
-354957.602436
-353145.048349
-374251.793265
-347967.879758
-362303.414299
-360497.880882
-356005.013364
-345833.18458
-359883.59166
-342088.2725
-349880.682026
-348398.759273
-347342.989675
-352947.551264
-359588.521171
-348317.051652
-372292.516388
-370596.675299
-350105.31032
-363822.239501
-356589.184254
-364825.528088
-354576.568987
-347874.228645
-351203.260761
-361632.152466
-348090.533481
-357748.3715
-356874.337971
-360359.091845
-359290.17099
-360530.088614
-332616.30076
-343562.180665
-347372.768487
-367971.53902
-364714.234116
-341462.004274
-359582.888371
-346875.392837
-356234.236456
-339333.653042
-341141.928394
-357862.412173
-350909.944926
-346513.698758
-363832.102107
-337748.182657
-347668.745192
-343593.923105
-352848.014852
-352564.170896
-373254.538691
-353324.737773
-343248.010861
-352882.9779
-354360.22839
-340666.537452
-351134.435195
-365764.498102
-349694.070206
-364301.908066
-347586.354022
-346447.8705
-368568.603714
-368712.0836
-349707.607119
-356072.492598
-353859.651677
-355378.746474
-354682.400353
-352419.992479
-361618.722297
-347963.325395
-359975.149382
-352307.274176
-364237.574095
-350404.545479
-361025.042538
-350021.073882
-364696.049692
-359108.448305
-356166.177991
-347740.516465
-357441.556366
-343609.996703
-373988.010805
-353229.435746
-367094.416454
-357815.139182
-346845.543918
-350159.270667
-364605.158188
-370205.927106
-344665.53896
-331557.367851
-364774.604119
-350140.327982
-348258.087662
-362279.800082
-326634.911397
-346689.500608
-352542.34842
-344134.625996
-339591.599008
-343474.904004
-360139.624183
-366782.744112
-368068.935985
-341604.720099
-343019.955482
-356823.721466
-367243.994974
-359637.827898
-348213.626829
-365784.910604
-334957.28691
-344036.420146
-354295.040107
-366091.312864
-366395.784449
-364490.620678
-353540.336196
-361052.447047
-342644.280349
-357086.629601
-360957.249653
-350986.960947
-361253.157157
-345815.458375
-363294.638284
-355288.029414
-346014.823102
-371045.769098
-361551.186513
-353426.007337
-355389.241492
-356685.381174
-348119.908468
-349482.542138
-356816.841591
-363271.165073
-356927.769987
-362869.050184
-366603.598023
-360275.5715
-360872.583996
-341036.008287
-342006.777493
-359119.848661
-349866.891858
-373286.533572
-355256.631866
-356162.419807
-354487.147579
-358635.031547
-368043.912671
-350454.42482
-373648.628689
-353807.414571
-338947.594245
-364142.84217
-352898.259575
-365360.736725
-359028.133866
-365784.442137
-366626.692116
-355113.162825
-345178.739084
-351154.301027
-344547.480118
-348343.520749
-350324.334253
-348547.25226
-344244.670921
-353028.239229
-363846.240026
-355813.40229
-361590.710148
-354592.739365
-349889.333395
-355433.680262
-358705.235263
-340315.723987
-369639.271586
-346870.416703
-367226.031207
-350157.553988
-351931.642899
-353189.163155
-348414.366812
-345743.888421
-359357.475564
-352886.063896
-353650.790734
-352529.943486
-353529.38367
-343458.530886
-338998.465479
-354697.887757
-362975.300086
-358374.888419
-346205.309657
-351597.379513
-368417.668431
-355015.060425
-358836.687058
-347542.491969
-350338.590105
-343739.975075
-363159.885945
-351181.344879
-350403.145929
-346602.047945
-352374.583908
-354062.6975
-357494.702217
-368251.554221
-349331.946188
-343587.99073
-341904.66859
-366892.250903
-352134.920741
-347057.770806
-359598.801144
-355505.563026
-346198.618132
-336466.396756
-339400.081315
-349189.918022
-354145.911299
-333998.603607
-356823.854315
-352396.199983
-353791.109745
-353540.10557
-353054.779849
-362134.138333
-354428.515599
-351342.823342
-352822.920997
-355213.981905
-357864.539962
-353342.505836
-359970.683944
-351202.743025
-347315.052879
-354963.438712
-349521.7299
-341909.18472
-361593.467241
-352582.317333
-343885.922155
-347804.288763
-340433.84916
-365932.285962
-349438.632703
-357342.342208
-348204.552428
-356199.395404
-365225.439149
-352641.463543
-354972.890428
-362108.652325
-369821.039065
-353395.226704
-337976.493183
-345583.336277
-370339.25538
-366933.358462
-366276.478016
-329039.179226
-352746.923292
-350930.596523
-348111.827569
-363261.490408
-371273.81712
-369908.209286
-359086.50722
-361734.783616
-365450.111063
-360500.385471
-376564.466166
-354372.130395
-355456.206982
-347324.033995
-351453.434313
-362788.848918
-362269.098549
-364085.092799
-345096.709963
-356336.306267
-353372.891672
-354133.52239
-376381.712572
-361422.858687
-350051.264215
-349322.974143
-353152.873477
-350469.155002
-343212.261426
-344554.452611
-365094.294295
-354282.306838
-353892.343596
-331004.519476
-341873.546597
-350115.148482
-349412.241259
-349084.267036
-363892.349155
-329166.262938
-355174.991894
-357230.800304
-344465.257897
-358012.983694
-364551.156709
-365863.766737
-367904.25314
-362409.223076
-355556.720246
-353290.621292
-350232.060703
-363833.31374
-373392.297363
-358285.979295
-358955.926355
-342927.159515
-365016.774374
-348728.970767
-347978.454326
-359518.214966
-352248.566392
-352323.018153
-353629.490146
-360237.313845
-357243.771052
-348649.045251
-366602.599222
-365553.159961
-353146.293833
-347670.206754
-364679.414191
-371053.807371
-360694.979718
-354257.615773
-334721.114283
-361517.178479
-359994.727331
-342467.70863
-346301.853395
-357837.839663
-353428.652688
-350262.88184
-340157.65019
-353838.601286
-360885.06096
-354813.415073
-355227.718162
-354372.949331
-334820.044917
-346961.721506
-356651.773124
-358691.8381
-359967.281851
-342489.00777
-344498.773543
-350787.825258
-356391.653799
-352945.135176
-355826.068634
-354650.761704
-357047.068738
-359790.286052
-366083.319155
-366011.048163
-357145.622772
-341515.950774
-354499.601445
-364746.780974
-362706.41369
-362756.628996
-344279.630199
-360472.056176
-366364.246357
-351918.250016
-364885.956928
-347395.899672
-348482.144345
-349185.869211
-368083.067724
-350236.96408
-355896.723754
-355813.420902
-361171.249375
-361944.232859
-353307.859175
-359111.818618
-351130.298812
-355972.107531
-363368.09828
-362900.817094
-344312.273515
-353704.47386
-347370.893899
-344593.677416
-372516.90052
-350164.802677
-374872.181232
-333943.145872
-346502.667563
-357178.428521
-358463.31499
-350482.063516
-364350.259551
-349832.4205
-346007.02337
-361066.110713
-350041.895823
-354194.135482
-365427.717327
-356249.117661
-340717.792778
-344272.776374
-360671.592366
-344417.861471
-352225.834137
-341278.769812
-334057.626141
-353384.038615
-352854.47719
-362438.024398
-372148.74727
-346385.459415
-346312.190908
-354074.658487
-350857.286054
-360197.328611
-355948.453234
-358929.413908
-345592.899603
-360539.100877
-351416.596847
-340965.599387
-336383.61587
-356757.528583
-352717.007367
-352194.251252
-357879.544029
-359073.191794
-370243.835317
-363842.678605
-348089.299118
-342530.53846
-349411.282516
-351871.853786
-364791.303694
-352132.126885
-348452.569519
-360772.388474
-368217.124051
-360948.522026
-346698.359589
-354660.850879
-346899.433409
-346353.383298
-356302.119661
-343214.626907
-364132.998556
-360082.945087
-363404.421964
-366762.977149
-361044.83166
-345788.195334
-358210.889725
-366844.7246
-352146.230042
-341423.34497
-343786.782732
-368153.089105
-349366.49714
-364306.913156
-352138.036483
-355967.85871
-350164.715092
-348016.700644
-363107.731133
-347686.907013
-371165.946986
-350613.342045
-359574.972453
-346389.109188
-357310.356292
-350276.893644
-361589.303948
-359031.621633
-360184.826414
-364329.209876
-344484.258356
-364713.495828
-355096.613535
-362303.900109
-354655.787137
-360577.586168
-352635.605126
-370145.108347
-360808.443775
-351870.528811
-358054.609449
-371134.900916
-346037.357387
-355104.664426
-340262.524987
-359164.612641
-346600.529088
