-535247.083236
-522246.053572
-644518.844608
-537325.93571
-564935.966203
-570500.838285
-599058.295201
-547471.429768
-621497.742578
-585932.692111
-526521.809139
-545698.328456
-574150.533015
-573348.557728
-503568.365942
-535263.198789
-559136.861564
-513988.005787
-526379.68125
-508889.273609
-666044.332603
-668566.390847
-700526.135683
-675368.684034
-670501.570081
-646977.938852
-700537.155847
-731972.704729
-693393.756501
-654836.336212
-628708.862222
-650527.620454
-693142.801526
-670486.783537
-646433.453288
-689686.473247
-740527.009387
-711920.790478
-667890.42163
-652767.012717
-701881.517279
-695062.964077
-672700.816281
-735954.570378
-729211.443633
-696556.122414
-730387.024369
-730918.654542
-721557.964449
-666166.506583
-701360.672611
-734599.887733
-741193.227103
-716123.351706
-706241.105436
-684722.076528
-719012.035154
-717863.5714
-662957.052123
-738903.521492
-708049.824821
-711130.517897
-687129.581578
-725530.622958
-725481.458211
-719648.982801
-719762.95663
-729127.43887
-740043.325567
-729794.36691
-705570.693964
-731385.921421
-730515.554568
-747874.529866
-728668.546923
-710021.049475
-733789.86625
-746612.230693
-689305.42492
-734291.203369
-740248.261978
-728009.786772
-740780.542388
-737982.450402
-732468.637319
-727547.132086
-721313.816844
-741116.477698
-747002.087714
-740317.43514
-726171.844767
-738259.600808
-712269.542527
-751646.306899
-733720.192728
-732434.368083
-717475.335144
-728043.631948
-690050.430475
-725800.929401
-711899.578848
-761418.394911
-732592.172379
-737684.992494
-735068.13109
-712393.944223
-734387.32061
-727587.856949
-732096.281676
-740762.240544
-737202.146477
-749870.817351
-734039.896094
-713220.549679
-739727.130225
-731342.31115
-734891.939099
-735945.506152
-701273.312666
-748545.72815
-712208.479083
-739989.134179
-712374.249836
-715001.241267
-735711.37269
-724513.944165
-730344.770061
-708711.163732
-700050.406146
-738505.729128
-720817.768993
-732458.88986
-713355.284363
-706285.997273
-732560.208968
-720243.498405
-694188.946591
-713906.435778
-704802.018611
-751821.29409
-724657.879793
-728217.445949
-713200.217538
-705491.677886
-734793.988053
-723907.388869
-705958.476751
-738319.888139
-721979.421205
-723646.837391
-728458.981171
-726836.605693
-746976.976455
-720390.210115
-719399.617232
-712832.844713
-720722.286265
-711788.601643
-744911.563273
-705523.177219
-743544.998494
-748964.131703
-726444.304387
-727342.843692
-731649.063955
-739117.65905
-735827.656637
-723742.585869
-715868.091343
-729301.372091
-706720.034875
-723319.658685
-748731.229763
-741891.092975
-710715.638293
-722049.83611
-716299.332999
-742621.460593
-753459.777337
-740260.91489
-735446.798581
-748201.392068
-720956.245398
-733973.148793
-723598.65924
-724427.410722
-703764.797636
-740854.879445
-750457.279392
-741323.525029
-723787.476903
-750084.059832
-712231.606919
-718063.676424
-733669.763592
-732378.096927
-722339.958867
-733691.268799
-733945.729135
-698672.458645
-716668.851162
-733225.56753
-687054.849166
-720274.19023
-703230.173079
-702396.875685
-726839.165886
-720944.054487
-713119.238109
-720409.150522
-735954.539553
-717116.653543
-731522.887949
-676655.688792
-743646.22418
-746309.04775
-734118.385922
-718934.31394
-708923.030145
-747382.999803
-720369.042042
-733455.958719
-733968.957705
-739064.607224
-729530.989862
-725670.668525
-747059.347681
-740389.866696
-712131.813153
-709430.989247
-763725.66745
-730087.590838
-725957.658348
-717278.12067
-728008.727796
-741905.963864
-736426.142127
-724581.352882
-720142.150316
-728715.845377
-698816.402465
-718655.690208
-741821.350066
-750909.337547
-720704.019418
-726709.0249
-714863.577233
-716457.315428
-703694.283785
-741040.718468
-717799.717726
-710556.82278
-717327.420419
-729733.942966
-748272.652876
-710813.202765
-733697.988521
-717033.280927
-705368.093429
-734428.278074
-723461.853143
-732482.364292
-733686.321346
-742745.462805
-740688.09638
-723740.194049
-707085.593957
-729903.965591
-739458.122881
-737212.695629
-739766.499641
-699588.415617
-738661.579534
-722779.378022
-727158.124619
-728444.403504
-713792.977338
-752331.5569
-733336.401214
-742237.293542
-714084.559473
-724239.336442
-725870.339502
-732618.252582
-734620.398196
-710864.227694
-710735.606033
-712090.673885
-722767.757886
-711982.279851
-748475.903654
-718314.305134
-720833.584022
-740219.286295
-736818.683409
-723233.090958
-703166.232623
-710128.013596
-738897.897941
-690242.473742
-725892.230348
-708450.942843
-703539.923911
-722381.428285
-728545.259822
-734647.780267
-716674.219021
-695088.251299
-744500.793148
-754111.887267
-718054.433697
-700921.108502
-730551.539738
-745655.173911
-750030.783655
-736881.849161
-738009.793255
-719569.861058
-763601.372014
-713509.376542
-750019.81569
-740849.724917
-706949.41639
-733461.683003
-730620.180873
-729637.057489
-740831.481744
-700931.553789
-725112.70951
-736054.340385
-741934.591042
-721907.208424
-682215.105556
-737112.683793
-740654.271625
-715964.029939
-751890.038407
-737907.862667
-742358.598442
-727175.064686
-730790.050028
-727092.492372
-751347.254107
-728209.450606
-719475.329673
-757726.507861
-689557.360563
-716518.885711
-751982.837214
-724803.12771
-745730.170717
-756108.883427
-728391.846584
-716785.777306
-740279.232536
-719969.784603
-735018.520464
-714398.129281
-718817.121668
-736919.293408
-712908.817507
-715380.199269
-749254.397335
-701473.209571
-729298.330083
-740518.298152
-721359.798553
-699470.2365
-742701.732687
-728203.612258
-754729.757578
-739701.559457
-750809.452093
-724529.356128
-727335.523261
-721133.741696
-751402.788486
-710463.009439
-702364.413952
-738634.689479
-724855.28607
-730562.137982
-729177.603735
-727918.473173
-755917.931128
-726592.114971
-734031.030778
-698468.032542
-745781.060705
-709470.528616
-735159.285955
-716598.896199
-701352.193127
-728161.338067
-737053.156966
-715505.997243
-746599.232695
-735854.351108
-735573.872344
-713356.958151
-739151.100323
-704765.213219
-716436.46498
-740183.617159
-701148.860011
-722192.022999
-727185.419774
-719505.901448
-735054.288192
-732435.387091
-719405.807556
-716955.067986
-744076.434709
-723786.51691
-748645.894298
-732004.623846
-737022.316825
-734701.022279
-742480.617569
-724190.728155
-730831.462182
-726714.998316
-717158.196494
-725059.265895
-736891.683206
-740134.352251
-738005.31171
-720481.715145
-714729.76826
-723259.340481
-716295.31631
-735875.102124
-754835.333686
-728917.822379
-728893.47429
-741393.713727
-742541.766023
-739538.180969
-741953.310202
-730142.844179
-715177.640311
-723621.970229
-715494.766207
-733285.911152
-751149.474978
-715601.83645
-718939.664676
-718981.952097
-721728.539265
-723845.533487
-761748.168214
-732750.168454
-717625.231082
-732020.306419
-745619.047008
-737198.984441
-746241.516031
-721225.999004
-732174.267948
-711380.776109
-735967.310084
-720541.99406
-703147.647721
-727555.709186
-734570.378089
-720399.578604
-731813.864317
-737029.793965
-708342.67837
-732158.098341
-742397.601156
-721962.900216
-723202.027757
-723204.853726
-736262.377179
-726159.938199
-739227.274262
-715256.046376
-726714.690219
-706620.942884
-735206.679873
-732627.122911
-694822.9164
-709445.40804
-746747.296702
-729977.719861
-723025.209293
-712933.341878
-737956.503714
-712177.45622
-723844.480179
-720357.094445
-744172.378896
-723869.32187
-755132.735146
-732431.51283
-744090.006758
-716621.196956
-745029.664384
-719132.166314
-757799.32513
-720557.231242
-723010.821843
-740992.769261
-709913.861505
-740638.460159
-720299.679594
-724994.165331
-740288.256456
-746328.484992
-739255.104936
-721444.309806
-731500.111408
-724820.33695
-731203.33215
-721117.285495
-718192.311047
-717946.868564
-721150.498856
-730545.30934
-718155.840577
-750916.787839
-723685.056302
-700470.03655
-743151.263075
-719875.42637
-719881.442196
-703145.863984
-742496.322298
-741885.659099
-728109.291413
-717108.481221
-733318.750121
-732012.177838
-746773.031472
-747034.94628
-720120.741771
-702196.760237
-743111.575537
-737011.957425
-730366.69488
-759946.68222
-716089.35252
-756838.093654
-731283.503802
-721477.153959
-728687.654599
-708749.502648
-732641.408222
-745295.884431
-733770.541364
-738165.192385
-731171.73346
-722877.139488
-716439.857748
-739610.85454
-732380.211656
-723289.227385
-726201.182286
-735413.200856
-722816.504503
-739419.132011
-725219.406264
-735600.701748
-720574.69215
-735968.082036
-719179.896432
-699303.24416
-768328.831951
-735387.925297
-752779.049175
-745797.738686
-717780.10352
-725711.955361
-737127.786968
-736135.998393
-728613.208976
-737749.07874
-706352.853897
-729137.824305
-734910.383626
-698357.299565
-716796.621903
-725663.354522
-738296.305823
-724417.864898
-731568.053504
-734360.174584
-727711.378252
-751716.267873
-742835.260696
-719001.109928
-734102.768379
-710706.353684
-732123.858456
-700366.787568
-743991.142939
-724320.303914
-725695.283239
-723378.161074
-709787.405029
-740125.067122
-716840.727859
-720794.844686
-736169.995824
-697091.190529
-717133.96796
-737866.736336
-745249.92325
-736791.439494
-727723.051711
-720863.611918
-731345.069453
-712470.511598
-705797.109824
-743233.712546
-736264.088025
-741014.543727
-704567.064779
-724146.640259
-742924.750104
-734779.467802
-712419.11498
-727472.758248
-739564.046915
-724154.701432
-735111.710806
-725553.246529
-723924.290272
-712402.626968
-748739.663326
-733102.891933
-699047.813725
-721833.315413
-710296.484366
-726503.815754
-755242.543302
-727778.317107
-741194.891114
-724398.267406
-755717.239228
-723332.886038
-730515.541827
-713879.993693
-745496.109989
-740522.16705
-702097.02211
-728259.858879
-723439.020122
-739906.929803
-732145.476093
-716145.161406
-717967.639252
-723992.404424
-732655.341671
-742606.342613
-741345.897823
-718280.194353
-739625.234935
-718928.489634
-735448.522437
-740381.893937
-733579.232782
-737978.026221
-725943.718012
-743283.743658
-709931.762867
-737024.797966
-731940.209743
-749207.829104
-730814.225573
-743611.58492
-710865.987951
-713426.528271
-735003.545441
-743642.571586
-750787.756784
-708821.698695
-750617.630819
-726369.236471
-713972.041658
-728817.974462
-761688.272128
-747368.115034
-706095.498479
-742044.010535
-727946.963804
-711573.53528
-726843.545605
-736314.711096
-715721.680558
-746308.380583
-733013.448915
-760209.836591
-700709.682323
-747166.840957
-737497.073072
-718635.664739
-733834.755065
-730041.445232
-709896.630826
-721379.231638
-739614.651121
-700173.852836
-739286.697517
-739068.445432
-691144.377644
-730027.215075
-730676.007524
-749062.450837
-717404.366091
-734194.680286
-700699.451646
-714541.433941
-732452.105591
-752328.213755
-696711.864681
-725981.182901
-720456.519107
-734240.854442
-759514.728286
-730645.896943
-742070.552599
-728302.148662
-733136.018407
-714595.601145
-757552.113013
-740678.980738
-710277.0959
-730417.729551
-716969.126697
-729305.580051
-687658.597078
-737561.683115
-733313.795256
-752935.039535
-724786.935629
-728682.327779
-739466.252729
-728045.184772
-712074.252842
-729788.346649
-736030.066946
-709384.524948
-722450.645456
-715549.811119
-747040.276918
-726173.737314
-736071.195537
-704630.28784
-732895.098408
-712646.579933
-713391.308134
-738853.79246
-751981.220627
-740520.298871
-731066.361986
-713171.349292
-719896.568824
-719462.290334
-735830.418375
-748066.428454
-732276.072491
-724862.688353
-746676.495848
-725800.647186
-741513.092379
-745410.063555
-736676.429185
-721840.096843
-717485.452219
-722913.870792
-712790.708161
-727276.381482
-726059.992004
-746587.517887
-728923.575401
-729299.973922
-714569.237541
-730635.727599
-699212.427503
-739573.672797
-731685.178029
-740321.887504
-734718.663299
-729027.847446
-715182.366351
-735234.220275
-759085.767474
-733985.234734
-725126.672604
-743120.739503
-739625.399063
-714609.200232
-700997.217725
-739304.747967
-744999.38571
-729855.297855
-710151.616482
-729149.014295
-749206.287227
-741740.857618
-708928.97541
-709414.228811
-721487.279787
-702331.494899
-726446.769446
-743155.301228
-730663.806696
-712976.78525
-730456.333913
-743250.561828
-732482.333687
-712811.710454
-722724.375401
-711867.643865
-746618.688396
-704372.592032
-724656.780545
-707376.614922
-732513.431487
-722319.068041
-713500.269533
-720524.319903
-714223.552522
-729889.686613
-712298.233597
-723611.102984
-739147.785281
-720804.080242
-724102.767242
-715422.473992
-729274.687322
-715369.420476
-732813.210619
-720754.637301
-739806.723739
-739176.47368
-722541.132471
-724473.841079
-712490.424924
-735934.577055
-723140.359313
-686099.767805
-724084.256715
-738083.309858
-735950.742163
-746236.256148
-743730.499079
-731181.114078
-735599.109983
-757911.592529
-761251.201056
-719417.621167
-746754.641474
-732576.982608
-758800.596368
-728729.993595
-755174.832865
-733563.917994
-720245.171397
-712537.848713
-752368.279399
-730678.912227
-745491.408088
-710217.811238
-703694.610573
-725152.567921
-750055.977757
-726878.052329
-750735.616933
-750104.725889
-730900.760477
-704562.089723
-754054.327915
-735245.908983
-748332.502005
-735513.638473
-702717.716049
-719106.723441
-722065.836825
-693448.990855
-723669.065939
-723186.800929
-736899.394244
-730524.555828
-731899.426228
-712129.85887
-749584.977744
-713164.030875
-732271.524969
-720777.313123
-723186.460618
-716492.739287
-727373.744788
-730192.622753
-753339.609673
-712613.6791
-718745.6717
-714289.387852
-750396.134067
-716289.855573
-749453.591585
-756858.187671
-754276.039012
-693901.234069
-746894.665504
-715102.246635
-734527.779361
-706695.014682
-727728.600803
-738223.893931
-745447.452179
-735399.676669
-708556.406527
-747762.918564
-744162.284308
-757762.685786
-725897.654163
-722729.763111
-725234.432238
-722636.646404
-742811.334969
-762175.515826
-734394.5378
-704687.064192
-708075.980033
-742828.348048
-738274.589065
-738115.642579
-735752.870113
-754250.535222
-740212.65953
-710471.728058
-742521.429655
-741779.659415
-753181.274568
-739844.065378
-749098.036179
-716847.949065
-699731.949632
-739595.533487
-734791.983655
-737095.562316
-728712.33297
-746072.858405
-730584.901837
-728533.139053
-752385.673133
-743245.751642
-713089.424853
-723544.983813
-732907.118179
-719698.782577
-755931.515014
-719462.451148
-723989.39271
-712048.602314
-687111.988741
-727631.554747
-738970.951226
-716370.59713
-741658.49289
-739701.014962
-735642.238321
-717636.569552
-729989.907103
-736616.83095
-718782.452521
-741761.913018
-714495.834032
-732982.457549
-725702.865998
-721402.469297
-725129.166703
-739762.030312
-722584.256233
-752908.229694
-715196.377531
-743193.847814
-709718.154761
-728957.321262
-745043.827753
-748703.902217
-705331.221229
-711850.646818
-738408.701833
-728325.39172
-723747.663077
-714669.086867
-738457.844053
-741345.181292
-746190.224105
-724648.545245
-736997.248107
-710749.341563
-724248.655345
-742358.054067
-730099.098103
-720976.410727
-698404.749412
-733265.230233
-710335.072717
-748452.922915
-714681.470294
-731030.621365
-757027.693066
-726318.089548
-728634.444788
-734151.425804
-739895.778164
-725087.820567
-712944.778694
-755072.271589
-733330.869574
-746052.476307
-735276.861628
-715676.977567
-715131.384283
-699486.673283
-726312.90648
-734017.509459
-711146.617815
-744291.765123
-730678.297107
-740438.849002
-706577.938683
-722616.685211
-739003.955367
-733100.448001
-722650.088875
-729323.909316
-740854.540804
-721626.874753
-705544.125213
-736514.340404
-744538.053023
-714791.472774
-706739.528179
-716680.981629
-724689.625642
-699675.613833
-754523.925168
-727843.126762
-723111.540582
-713723.209294
-725033.728042
-732076.609193
-738763.67917
-745033.515704
-756788.491562
-738246.022789
-730129.023793
-730807.48556
-731968.760127
-735671.775669
-736061.523
-750793.876839
-742077.770348
-752845.454317
-714272.856808
-695577.582034
-744527.339978
-711579.226475
-716291.301975
-750337.373031
-727310.495284
-738686.22814
-725340.386341
-735587.956949
-769645.82578
-744582.124476
-718537.160668
-736332.176592
-723034.861948
-747413.067959
-726230.314789
-748580.748144
-734389.768357
-712868.551448
-725180.104445
-719569.920067
-751964.967334
-733726.753488
-720324.657236
-737541.581847
-719875.379321
-737538.670752
-731685.874728
-720955.3291
-741923.889781
-725462.758148
-753669.529852
-740295.323328
-704424.766087
-734719.610696
-717892.522101
-756574.82336
-731414.654224
-717622.989748
-717259.66808
-753849.418558
-737683.372559
-753464.545988
-746919.002898
-724278.646052
-704552.276483
-717510.408537
-727334.640779
-712108.07911
-738685.493424
-759080.18209
-721418.483321
-728966.499298
-706825.669301
-742666.851763
-721976.75292
-727288.269944
-712841.21722
-734272.785309
-691564.114299
-739196.215059
-722382.455744
-717954.680703
-728182.416239
-730218.894167
-723370.002852
-752696.538663
-730122.653686
-723490.114654
-742528.495534
-749715.488139
-711329.977218
-742030.248801
-729619.120913
-729537.860011
-728715.029542
-735767.649315
-725809.470011
-747940.870679
-730475.634705
-736569.117292
-714978.465904
-744765.241269
-728390.062964
-721686.603038
-721755.821287
-722464.367413
-729884.84515
-724424.024685
-730398.264262
-734014.170913
-724661.045855
-740836.182834
-725806.34381
-728832.303419
-753830.19256
-751223.569065
-737076.175713
-707776.769653
-713941.045608
-706667.942033
-725102.162277
-738286.402751
-722864.317887
-735412.447566
-729784.98701
-757111.960722
-728131.51967
-733820.140615
-730131.511857
-743791.94416
-753313.565607
-718464.608206
-714770.312892
-720512.4839
-742372.656613
-735919.640524
-730487.765365
-742712.301496
-728765.508905
-734779.533285
-690611.405969
-717242.967423
-760385.900274
-710941.220088
-707643.293185
-740419.006684
-733157.729997
-723584.417084
-740861.649339
-700173.547438
-747962.973513
-718596.300891
-731611.088995
-748339.439298
-728621.157462
-760336.983281
-713791.697221
-711205.273912
-733510.14073
-734009.466227
-720615.751743
-730897.648819
-734894.577327
-699949.458055
-737681.126448
-742626.248292
-740203.449715
-694335.486405
-727164.23229
-713174.331291
-722978.746841
-707845.063021
-731528.353093
-737064.46833
-729830.983022
-723021.979102
-733400.099566
-723645.465121
-732131.972701
-745833.211877
-714440.093857
-749429.758586
-743623.645049
-741383.697376
-707176.115056
-755421.769404
-736833.299659
-688823.633282
-729452.954517
-740032.445367
-741598.030471
-713311.09018
-710528.510194
-745798.601244
-698744.956758
-726487.758818
-727628.947865
-724683.76173
-699282.773005
-742413.059861
-718136.466856
-728402.437368
-717413.08006
-717819.004304
-727201.440979
-716760.362602
-749324.453428
-719219.66324
-764896.115659
-745606.596776
-705860.45425
-760038.25398
-688287.994828
-721355.401298
-722722.487811
-719149.556952
-738412.566967
-734717.572713
-720211.767729
-740945.866609
-729023.220965
-732049.246004
-703734.724284
-682625.881954
-708606.268058
-746351.556158
-732675.845405
-702421.933921
-737210.362342
-717792.708886
-741712.643348
-734262.688911
-722377.514198
-750601.69995
-729226.436114
-715883.370575
-736462.097625
-729318.163366
-728963.006512
-717970.715244
-719507.174856
-730678.506731
-749992.594898
-724035.661382
-736612.533559
-739591.972339
-741595.681434
-744380.832102
-745735.567395
-728122.346427
-702584.179124
-726024.37556
-706074.68826
-733307.665441
-720881.041345
-744624.112828
-751699.774233
-728854.115982
-708530.468299
-748209.07405
-748507.567416
-750864.430262
-688568.444516
-716280.671073
-746894.749523
-750262.819487
-698251.326477
-736003.600527
-728221.308697
-734752.131137
-734979.101664
-741640.074524
-731879.753643
-723579.17404
-721720.108914
-724330.808169
-725889.482686
-732801.285007
-735940.365301
-715496.43791
-748283.151513
-736470.735926
-739626.706419
-734797.915265
-711218.991615
-721883.156802
-734471.87156
-730543.208994
-727290.54217
-739405.648688
-718816.185886
-752109.816787
-721515.068147
-742422.807868
-749660.991342
-749437.468754
-723111.020731
-727888.538253
-734745.07153
-703390.998421
-745071.315479
-737862.714094
-721890.254272
-729033.11806
-742576.715096
-722510.929245
-746660.272378
-712959.990834
-765501.755354
-730016.529639
-737453.58225
-744211.518896
-751456.749114
-685243.499287
-731975.703735
-734207.490201
-716823.395252
-724048.351848
-722132.94568
-725181.422575
-730554.279946
-730111.007955
-726750.31781
-720087.99411
-741636.225011
-702754.717154
-725539.229329
-711638.93471
-730168.097664
-723314.313907
-732521.138568
-704028.394784
-703981.869716
-756480.924442
-724823.295216
-711601.647361
-710231.99781
-706897.470248
-744433.267239
-749050.962138
-719146.858226
-726055.17769
-719608.1283
-718960.197781
-726568.394129
-739357.127767
-739370.974359
-724197.116281
-748285.101408
-735039.327757
-744882.760501
-711664.097904
-708419.531227
-743906.183052
-733667.435618
-738842.114563
-713133.376445
-698566.517917
-729893.685429
-710841.438294
-700531.461101
-725106.993205
-737462.520385
-741365.007445
-743058.280463
-725567.849829
-745498.059634
-726543.922831
-738756.58581
-726616.051306
-733081.118232
-720776.814539
-721344.663115
-722202.737186
-734809.888532
-705566.910565
-714990.727703
-746541.729873
-732009.7986
-728855.612998
-694168.797665
-679878.603562
-741073.900955
-733786.986362
-736497.006739
-707972.147814
-716634.219371
-735513.948398
-745027.73927
-716067.076023
-734750.098049
-728971.073066
-733268.681546
-733374.388122
-729231.708852
-749404.576408
-732433.767152
-729501.66436
-721739.467353
-729304.87287
-739656.614323
-733232.908699
-732045.40398
-705410.182132
-690248.70379
-734562.535017
-727849.827401
-741561.73489
-746949.469879
-728959.624947
-727009.728696
-711399.86672
-713064.079777
-715455.751899
-723984.32804
-737292.448429
-733195.622679
-738809.078339
-728319.407257
-729747.232977
-708872.542796
-744155.775949
-737274.28063
-724087.678658
-700297.300578
-699033.30621
-736944.010844
-708410.146835
-729316.067726
-716173.425696
-727649.093898
-740595.928904
-740614.465622
-728535.56401
-716344.925557
-711260.249236
-716220.721495
-705765.924137
-733626.789262
-741239.702543
-740636.554538
-713130.491574
-727137.532875
-704849.814761
-735209.819934
-727391.991737
-741866.301983
-722952.394403
-727179.488706
-736316.16143
-736995.465182
-733305.381279
-716301.455267
-696160.866337
-735000.537025
-733105.482252
-712443.412857
-712850.662324
-734071.450791
-741307.937596
-726812.02104
-719237.040529
-733993.470999
-753305.559646
-717061.904864
-718657.427007
-742532.535988
-711014.303153
-735656.410241
-736742.351137
-725745.016506
-729620.600727
-714548.684359
-720452.961221
-734847.281255
-731296.472889
-736793.293645
-722518.392081
-714853.220434
-760733.574496
-732362.617094
-735728.634246
-732950.188935
-718295.11933
-738026.21072
-749712.867097
-721542.565312
-712272.730382
-717784.517812
-724788.097326
-736101.058265
-709158.850416
-731304.033698
-718521.628597
-750017.578451
-720641.356237
-736178.316577
-738215.788931
-726912.524931
-738734.74721
-732687.048352
-732421.828264
-731367.129398
-730762.175774
-734323.844511
-740304.258159
-739757.290722
-722148.176596
-722191.940316
-729683.088496
-709082.54684
-742829.18224
-723060.969606
-710676.737328
-748106.259597
-743395.194988
-724555.066869
-746239.466005
-714117.667316
-724985.885632
-708362.992067
-735715.848916
-725306.077758
-720545.070842
-734213.658141
-735599.137469
-730456.142426
-727726.178754
-740761.078968
-747279.640495
-732397.11291
-737191.554087
-720379.713167
-722844.045377
-726582.892997
-734375.069281
-715537.633079
-737007.942455
-726019.548678
-733860.193207
-724112.051674
-711579.865007
-750176.308206
-763417.839737
-725669.314339
-725001.087679
-715298.235421
-718997.537904
-754894.329772
-751810.276117
-731203.272667
-728584.692933
-745453.307352
-713879.195266
-726580.528698
-718591.05964
-711214.176304
-732474.720678
-716171.359976
-730223.601726
-712822.680057
-718731.177746
-750322.469187
-710737.81866
-734813.882542
-714518.871518
-739583.146156
-715075.2845
-730428.383969
-721020.288837
-710445.558423
-747631.129132
-737445.980581
-722565.020552
-726060.075719
-721791.22144
-711156.429937
-737874.318463
-717769.793665
-743856.411609
-732711.166507
-718708.577795
-710980.443573
-728679.137474
-722637.635545
-745395.581338
-730227.301773
-747005.399697
-726598.700863
-712314.706804
-727019.041355
-724429.451508
-697905.33983
-701461.482655
-712920.552881
-709124.880879
-717258.201905
-735722.209765
-712354.077585
-708491.868689
-707569.226308
-719692.178718
-736068.855065
-709360.419962
-703270.671566
-730167.53824
-744569.941458
-739588.226012
-723088.528262
-694274.878708
-699657.026111
-727637.890313
-724037.594615
-709699.199083
-687987.661114
-741211.622106
-720992.380641
-698549.177596
-709124.400489
-716451.343829
-720088.977286
-729108.856024
-720981.517276
-717024.499973
-737479.520136
-737820.813879
-723598.663302
-727463.953379
-737463.977915
-735241.008322
-745720.523374
-739601.088443
-732916.036321
-715064.064272
-711426.035164
-739174.526688
-714759.921448
-716261.963535
-715376.580423
-724444.010678
-730388.443468
-731388.233227
-713552.963111
-734027.08871
-739536.820301
-746698.887553
-733256.222859
-712800.217642
-710740.361229
-744429.02067
-729721.646183
-724423.818659
-716007.431192
-731230.4984
-719335.323272
-719574.954465
-711045.770947
-725264.809346
-728835.354185
-731076.378416
-707971.692366
-725373.861736
-723245.103699
-738582.359011
-730475.487624
-738844.279664
-745156.830237
-726729.943733
-737124.770746
-724348.359067
-737661.392443
-738648.627521
-732886.614566
-725042.129776
-748440.052267
-733719.480983
-731411.981628
-728628.651974
-718593.75119
-726100.066415
-717626.254119
-730476.002099
-733837.438414
-736893.690716
-725529.41553
-714292.579518
-727059.328414
-727552.22764
-738068.922376
-700584.472995
-704064.845838
-718080.103627
-713771.990713
-708329.026325
-752336.536551
-718289.421705
-704614.195343
-727983.380667
-712025.285115
-746521.088362
-724641.664057
-733962.786229
-726268.724441
-712479.713761
-706474.641559
-721122.810604
-743308.313189
-731158.4336
-738765.459054
-740324.578808
-737405.850937
-738837.707635
-715895.051418
-730779.087438
-740980.063496
-763412.318751
-745452.525542
-703076.296635
-703336.888076
-735272.330084
-749532.367124
-758194.238371
-725977.232101
-718151.293084
-742593.645547
-729532.670132
-718869.864164
-718521.282484
-745148.873004
-695177.696976
-744742.406566
-723657.725532
-705755.699189
-735110.235776
-740841.274244
-753811.451871
-730350.789932
-731140.9007
-723264.264555
-721584.470605
-747920.865533
-734729.464658
-722306.932942
-704259.996716
-749047.569151
-714024.741781
-721095.961513
-717619.754502
-744559.957334
-743310.84009
-724774.777299
-714117.840273
-712303.114424
-739137.826771
-728660.786772
-732561.046874
-724913.465088
-739278.254193
-732014.235416
-698446.132319
-722058.162398
-747478.931199
-746913.67017
-722360.58412
-728555.448069
-719812.741395
-734063.542248
-743773.044689
-737479.34973
-742865.014933
-716333.719085
-706603.899505
-722911.628996
-706882.197614
-745203.50966
-724485.269216
-742319.289518
-735928.197519
-732161.935174
-717591.15009
-730588.204508
-733445.472767
-733588.187534
-730492.861621
-733587.675129
-737887.196968
-725060.525583
-722568.682877
-736386.317549
-739760.127182
-695171.103823
-719713.81379
-719387.295675
-701120.996568
-744901.330242
-713091.446655
-723695.284656
-749740.968743
-710826.850461
-723019.68227
-739259.59041
-708915.766364
-725184.830513
-744555.524081
-747342.705996
-717782.961791
-718460.996715
-739520.798064
-728337.519853
-742653.999121
-717061.327415
-733304.50275
-702021.16849
-747107.259292
-733621.002019
-711530.202749
-726098.798174
-734394.089064
-747347.256498
-721419.231378
-722507.785513
-749821.46893
-718116.91194
-737811.291275
-743372.02464
-724184.379227
-718120.661971
-720886.039732
-738654.365256
-740978.429161
-739190.494821
-700915.735817
-738473.630256
-722898.354988
-738836.337882
-733160.979886
-750364.16645
-723556.149044
-729103.388424
-739954.503966
-735069.912716
-703804.402132
-724298.185037
-724705.828696
-728094.39695
-743931.246548
-727920.274575
-712995.134053
-742207.640523
-723081.801167
-747400.674433
-730426.010525
-724491.390514
-728175.177588
-735746.53833
-726852.046734
-727085.9692
-717196.589338
-701880.373864
-705583.442565
-720851.725107
-733171.119106
-734938.648937
-709842.756412
-741309.196947
-727650.311207
-754024.29323
-729183.82797
-731867.431214
-740923.3386
-720684.008474
-720406.237836
-697540.509883
-708321.691907
-758544.666366
-732232.059088
-728120.212626
-727349.987721
-735796.250914
-743823.614277
-727912.980509
-719428.853459
-728327.73006
-727140.810652
-696882.655774
-744836.908412
-723150.993437
-720873.712983
-733888.144079
-733502.68618
-700126.011662
-725451.087988
-752115.532538
-734764.752925
-742884.775629
-727840.731591
-697601.677106
-723526.646177
-724042.716117
-730904.253921
-753547.329308
-733750.07645
-735776.762166
-736923.862113
-733305.570977
-719969.675369
-759929.011468
-724765.667291
-733049.449706
-751230.242272
-731753.357947
-737931.125503
-709560.893778
-737204.782237
-737042.38049
-700250.26669
-706636.025668
-701563.046106
-734852.586021
-736349.401418
-709260.469267
-708024.216812
-733118.258183
-725505.188352
-728479.28497
-730664.91809
-754063.530255
-743639.085357
-741868.059232
-743183.773634
-712024.016701
-757016.807234
-719775.301685
-711777.633186
-723901.795901
-756059.208701
-742276.70398
-718591.770906
-737291.200564
-738814.676836
-747252.396017
-715984.508003
-716747.132879
-729134.227119
-722914.155905
-749535.640795
-747955.204404
-715894.207089
-739738.188641
-732092.176682
-726780.185265
-721291.333278
-727661.022027
-696022.241821
-744279.555936
-719871.960154
-724106.148847
-720873.28413
-720815.701866
-692954.5631
-728273.092795
-708509.471145
-711292.69797
-683245.999423
-725036.955134
-746802.919831
-731300.829487
-739566.646696
-747777.506222
-704341.457973
-729197.10945
-727468.662869
-737883.930573
-745579.721606
-741743.166924
-720004.777231
-728780.742083
-715030.039364
-720964.801879
-728880.639267
-720490.189711
-752022.902237
-737229.685641
-739822.938097
-731008.669614
-718691.692218
-750500.147123
-707795.997438
-747573.143064
-752952.669942
-704373.690943
-735786.077029
-700878.8798
-730030.126168
-737217.084698
-725685.678514
-734730.666251
-693076.096182
-727546.93719
-757243.376392
-738752.151966
-722416.746403
-720396.701447
-729768.458911
-725273.400064
-728640.254695
-739750.106977
-721676.644617
-738391.651247
-716122.291502
-732091.135599
-715978.075143
-701501.43687
-731943.602755
-709998.707265
-714793.378987
-708117.132942
-741493.476032
-737228.740799
-730466.328756
-728864.767388
-744801.053626
-720890.822354
-731173.496968
-743900.819582
-731954.729328
-741401.30551
-715680.671486
-724176.333952
-738600.987207
-760777.709121
-725592.925573
-740058.420716
-744653.929677
-722207.087576
-734899.023477
-720442.01382
-721471.905841
-738683.320828
-711649.920386
-732253.591445
-751284.249321
-719643.378306
-738042.278857
-727909.468821
-716973.805686
-740800.390975
-721045.567908
-748179.498539
-748280.240764
-740079.901297
-726698.189486
-745507.81746
-721671.935111
-724060.465823
-724493.453317
-716633.093944
-735693.862721
-729407.598181
-719551.908135
-722901.374619
-731259.116358
-725045.648288
-734523.880933
-742050.1241
-718744.014078
-761160.967922
-731529.975259
-733192.709489
-706418.214499
-716844.859874
-736955.548523
-694870.741168
-700814.437844
-734211.826281
-732323.561487
-732053.213606
-698847.639111
-732671.916478
-719872.470717
-725763.235231
-728816.192122
-733268.137958
-727522.118326
-712031.243926
-731811.894132
-762081.909825
-713621.397799
-736342.587292
-729102.347838
-717509.65786
-725472.997614
-738357.615936
-728838.87194
-748725.353862
-718407.754145
-709380.677605
-727409.67128
-709694.519052
-721019.802573
-710276.176772
-739645.790127
-746985.957641
-722300.525264
-695701.221157
-737119.171691
-743518.871315
-743005.454607
-729083.07288
-737273.787119
-725090.974308
-711146.891096
-756938.128548
-745089.207486
-750211.744215
-729796.206005
-714949.531164
-734512.871819
-746760.809812
-765349.301036
-736318.388632
-731976.769877
-723571.898845
-715444.220777
-713133.12715
-746121.797518
-748017.447517
-722333.67938
-750537.282476
-736210.207003
-719957.080681
-691469.865893
-737829.817995
-716429.63107
-744067.776309
-731760.312917
-726454.242864
-708799.526866
-747879.512385
-730380.228851
-733715.004612
-751555.126347
-742318.850782
-726273.940817
-701456.7226
-749513.976299
-742960.015599
-733275.344418
-729429.543448
-736695.066374
-721481.921427
-728469.808691
-730810.865081
-709492.002474
-739745.313357
-728118.901593
-718273.836475
-740609.488728
-752080.649215
-718896.449826
-736064.646206
-744522.39864
-722738.07822
-753833.569615
-730240.046799
-750388.196483
-761481.883701
-735561.020956
-741707.90271
-721402.062671
-743981.899497
-726077.650517
-727863.574616
-730870.809632
-743928.807113
-711879.847297
-708002.809819
-704240.263869
-706495.542886
-725681.322745
-746431.635746
-730457.918646
-741654.223356
-728868.417791
-714674.858238
-718247.048054
-741745.969215
-734466.602219
-739855.218613
-737785.374108
-719323.265126
-737481.769737
-757506.274271
-745091.735945
-714971.77348
-728837.910078
-733578.629974
-700090.781778
-707304.090679
-710749.851659
-733506.003345
-738281.62177
-724543.445114
-720380.522601
-728715.209463
-731588.600256
-711675.944386
-732338.979218
-708340.006357
-742698.502362
-714384.634006
-731540.561234
-741634.606198
-734643.271011
-727841.774802
-719964.808144
-711075.126442
-724901.219933
-715434.915192
-763540.406216
-709579.804259
-720116.554868
-713253.632396
-713361.854482
-725601.099251
-743185.418273
-712055.767507
-736483.996678
-741177.946831
-713123.91746
-734172.477922
-739739.789934
-716934.957322
-737136.526827
-741952.824791
-742634.102334
-732747.322058
-740651.99066
-701555.483411
-731730.869162
-741931.592114
-732189.577908
-730100.486214
-719956.342006
-742035.457928
-716860.871354
-737201.347264
-718907.870839
-732047.092217
-735769.147781
-722596.630499
-736813.966351
-735081.499893
-712677.365058
-735603.43957
-730636.622873
-711001.433782
-741629.221373
-724104.077449
-714396.342457
-723503.76072
-721245.322709
-742156.152087
-716989.7076
-734312.424362
-753887.532578
-742534.441395
-744821.763363
-737542.541146
-726296.261591
-732796.149586
-742035.394846
-726905.823879
-724458.389587
-727076.992148
-714696.358686
-730267.552078
-703923.681899
-721386.702986
-729893.049474
-717966.241939
-735028.588918
-710275.415055
-724144.249638
-711880.467699
-742656.461719
-725002.988998
-729636.208577
-758688.680959
-714946.12282
-750474.285112
-740454.261317
-733677.297419
-726190.899211
-733334.656813
-717661.926802
-749889.699804
-740877.538911
-748583.16411
-747728.454581
-734736.499348
-728876.486718
-717836.017087
-717314.894668
-732270.065577
-715780.306185
-736862.537724
-702998.844003
-738869.478058
-719849.635429
-717803.76991
-732306.740108
-717200.824005
-727309.659142
-715508.370991
-734654.674138
-715924.098642
-716712.883674
-718894.982748
-749671.244808
-703299.864349
-741832.612614
-731698.970193
-722725.233628
-752650.520987
-745165.191403
-725856.840696
-724829.657642
-725105.991353
-733013.971529
-732703.733756
-749376.798661
-744455.248419
-704588.685517
-731116.285186
-747751.852943
-715913.997211
-723663.412514
-736398.61951
-706842.503578
-709297.037083
-707096.222052
-711142.446946
-703102.411088
-730375.54828
-747753.28129
-715140.402992
-722229.760804
-715562.471187
-727157.873783
-708717.665329
-739605.508423
-709860.981441
-725305.893944
-737821.761608
-727107.79889
-733606.699167
-718161.100875
-724126.192841
-746434.098163
-741091.321486
-718102.071081
-733979.620409
-736893.958923
-745296.820799
-698095.512381
-743175.174362
-729598.412241
-740705.412247
-743326.962353
-736551.362149
-726958.589691
-763895.192892
-735885.585164
-719001.210528
-720242.943514
-756120.364331
-727873.368968
-735706.104024
-721840.016106
-713064.430444
-732659.713504
-723970.032724
-714338.836226
-714975.387392
-721365.054238
-749744.492905
-690955.166445
-765986.454
-748324.74547
-727787.783236
-735394.903261
-728117.092519
-743004.81675
-728905.050372
-731762.969162
-705721.080027
-745761.385051
-721931.307729
-705448.676426
-744868.687658
-737300.113301
-738865.609969
-733876.090675
-719073.8573
-729621.130074
-742970.989339
-740983.324587
-763461.512614
-744113.397832
-707740.937001
-729472.25864
-756216.760531
-732405.768273
-750975.203031
-735459.126843
-711807.661321
-712848.270925
-752668.722956
-734411.365626
-756083.263741
-733948.914967
-721841.110485
-753765.987134
-723945.853755
-737953.172538
-742683.058072
-732337.955491
-745089.301571
-732623.493299
-737837.669218
-725891.501238
-720717.871654
-727169.524819
-710091.967602
-729622.374873
-736927.265671
-715783.39256
-725235.755933
-734236.679566
-746284.324476
-735275.702972
-740557.12143
-714094.002434
-698315.203621
-727848.403102
-721669.719454
-720260.509091
-707557.570294
-740036.608655
-731565.45895
-736993.454179
-740689.640605
-711428.499809
-728097.381471
-717739.012978
-724771.044697
-727254.448265
-714435.896444
-721354.507225
-744755.018276
-714531.020638
-742834.615819
-738341.903183
-745359.93086
-722635.191111
-740902.97417
-717494.446059
-728873.993667
-751600.207439
-715186.843385
-715395.740659
-758744.471274
-737273.795213
-739742.148335
-725555.868609
-714721.934
-703303.37259
-731832.711873
-731941.67149
-737565.6829
-732380.947524
-713137.422115
-734367.906478
-728802.737297
-745050.783514
-727054.497725
-709518.681168
-731406.215163
-737617.394333
-730157.025321
-735992.986047
-743890.030301
-718761.260442
-706531.271768
-752814.061643
-734207.726151
-723294.909304
-705551.895524
-733552.412398
-744267.648949
-736142.492024
-729062.58815
-731927.511119
-737234.93998
-743404.323028
-731015.564537
-729095.516497
-722819.446604
-732277.684965
-717821.507783
-735033.311869
-737107.326284
-732381.02481
-721198.39666
-726913.716494
-723217.995855
-719656.132427
-723851.845566
-741254.896364
-744384.50923
-743524.794931
-714595.098113
-725142.172672
-733199.734603
-727064.105711
-743928.905324
-711553.304267
-737033.261663
-718596.664894
-714825.557497
-727251.957627
-713322.348722
-740771.496124
-703663.493361
-744945.1468
-729911.002342
-710201.85037
-723912.884239
-740613.911531
-722376.269124
-748955.167385
-738700.980664
-703347.021755
-727551.505717
-748057.248868
-736546.630308
-724742.936276
-755003.071543
-731507.17504
-747035.5333
-711591.889703
-729011.601652
-746524.519598
-741494.175307
-712417.459697
-683425.490686
-722010.162369
-736240.825037
-742780.822162
-732002.989266
-725632.519153
-731314.841192
-719102.597852
-738196.267837
-714467.558462
-719738.030111
-724832.224176
-710792.440874
-728222.278548
-709081.164014
-731389.658434
-739660.927586
-731315.056814
-726074.253841
-715504.89777
-708114.51694
-720492.300672
-749094.112347
-729385.304482
-727745.581377
-732772.120588
-738142.882024
-728736.170597
-721822.570913
-735088.93606
-735563.224876
-748217.585134
-733836.954942
-728404.195683
-702393.442711
-688361.413563
-731467.570954
-732188.711484
-711345.752801
-718974.826833
-706243.42973
-740289.08252
-724806.999874
-726612.530792
-748836.632091
-745343.030284
-729001.873043
-719516.702763
-723516.806606
-739393.618824
-733686.296479
-718817.719394
-730800.493222
-728863.590602
-735874.882043
-706593.82899
-734553.023605
-736646.666279
-731163.292242
-740464.393944
-728659.931004
-719919.868766
-741818.084685
-716714.141057
-741056.440183
-721540.074079
-715509.047219
-713853.340552
-726784.623635
-717575.333682
-746785.297159
-728022.078953
-732098.30805
-710058.956854
-750343.669962
-732664.567435
-736420.231217
-733568.694463
-744478.647003
-736787.825511
-723978.632195
-747546.885781
-724813.327629
-744062.701379
-718546.174728
-726407.455155
-729505.461719
-701644.95822
-728209.041301
-739071.859518
-736074.34317
-720033.325873
-731011.416237
-739582.545811
-724684.037531
-721281.587429
-721368.850727
-722031.708622
-745955.998534
-726241.704726
-723014.170039
-718332.596993
-727251.039445
-732407.775023
-720638.949566
-740227.838569
-742619.099387
-718607.739776
-740209.742116
-744557.260864
-721125.06252
-729670.33162
-724500.399884
-742958.681817
-756329.029717
-709743.384459
-752986.278371
-685017.344662
-732303.192473
-719473.058773
-731455.390816
-724049.345986
-721509.095067
-724266.318096
-737630.704695
-743462.542442
-728239.971729
-732683.044871
-734025.660366
-739845.370762
-736235.3445
-729788.737843
-729005.482157
-735634.00518
-716351.802005
-753073.147554
-742367.673375
-729131.359266
-727271.08231
-732704.101405
-730045.522231
-725395.421648
-727586.618909
-731638.166436
-701586.413068
-719908.333266
-729018.547519
-713274.897029
-725196.035666
-744563.155846
-741420.810409
-713403.353015
-728620.657225
-702640.525929
-714677.504189
-717983.148124
-718791.409357
-703406.707161
-731387.965882
-739624.268944
-740156.715532
-730502.666745
-735168.680783
-735808.980913
-722526.820287
-722146.923048
-720004.89203
-711432.513582
-742091.219364
-724467.597656
-710518.712306
-716921.097681
-719579.008708
-726129.651979
-741738.10117
-744425.670996
-720928.251919
-709846.327521
-711602.341778
-741269.017662
-734564.124065
-732571.201924
-723553.973667
-736050.321545
-709487.155202
-721954.313549
-705156.113554
-706279.625429
-720152.381581
-742370.658316
-747524.400356
-714032.371227
-758960.911171
-690174.847707
-726248.87996
-738244.166636
-739771.765185
-719135.198246
-737618.177408
-724513.580188
-690218.926621
-735887.091644
-701009.170165
-741885.53326
-744763.49719
-707848.793641
-738166.045287
-737333.535656
-722910.744606
-726548.081692
-722240.242103
-725873.917963
-729472.505865
-722142.242442
-717196.212261
-723029.815929
-735177.845231
-725385.876415
-736955.671507
-747878.903635
-757386.979055
-744181.582226
-726929.957781
-759892.3597
-722590.555188
-741722.061061
-734093.990169
-714192.222545
-721567.388674
-738850.909122
-720659.799879
-719780.79785
-728139.042619
-713637.061011
-710820.901857
-752655.203775
-746555.826354
-730113.586075
-698314.253684
-726850.470142
-722894.150392
-742939.79
-723198.925168
-727117.255472
-730449.316045
-726311.880325
-701101.517657
-711185.970815
-734850.006111
-730159.985493
-727977.894646
-717135.172038
-722609.219724
-735385.415743
-718803.360242
-721680.282775
-723946.456017
-752666.552054
-756549.560416
-742118.662534
-732344.345697
-732354.672589
-712330.874132
-728528.452157
-715142.291571
-716006.696894
-729773.214975
-691827.517465
-722878.683222
-755095.038524
-727146.302938
-735778.910828
-733497.84041
-756383.163979
-722332.748459
-753891.598978
-734635.683883
-756922.287753
-706778.640552
-702065.750329
-695419.567503
-716146.714471
-728218.801449
-745652.867762
-725983.042745
-721903.246211
-737994.006625
-724372.111449
-710167.113765
-756733.856022
-726206.180718
-725660.276386
-742681.643631
-719358.193423
-720376.718037
-744172.863793
-732420.293277
-744297.702975
-743083.088426
-731524.534702
-733668.854495
-707560.587924
-754422.637255
-747874.566283
-719233.363989
-746606.254308
-705223.092508
-729877.007536
-736283.452886
-725910.535849
-742936.194992
-739894.43358
-749576.785529
-738706.453373
-716830.162152
-718295.864912
-734003.732673
-727545.736431
-718560.284817
-711188.455441
-756085.533624
-733775.112465
-736372.080884
-747123.979369
-709001.390291
-764942.74285
-746581.66667
-720855.734406
-730287.537055
-731504.625288
-717576.368741
-723009.056487
-757885.573814
-733822.226456
-736924.937379
-755957.900049
-726379.16349
-716252.640607
-727840.085754
-744970.446917
-723842.36384
-737000.833236
-722613.632636
-704685.346442
-739268.38928
-755315.044024
-736181.703409
-728613.690692
-742144.45509
-724775.013496
-743790.643857
-713171.407522
-741792.967252
-719763.123616
-715400.666106
-741875.941397
-741657.122599
-732369.63925
-741472.395645
-754769.75885
-719593.165928
-737264.088736
-702181.7639
-728858.263481
-742219.03989
-746107.615041
-720413.670542
-709708.382306
-748880.69519
-761853.482483
-738768.419788
-746714.364709
-726383.413335
-713776.554866
-713971.401154
-745268.108934
-751360.028762
-730847.953987
-750790.880547
-744432.391337
-706808.685523
-712451.194363
-732116.967265
-740384.580967
-720666.267702
-748074.289474
-725965.413855
-711630.352844
-718315.735259
-752139.388713
-724195.680577
-727796.802561
-748956.565615
-727805.442383
-698167.844741
-714775.947181
-745442.171186
-734516.390573
-741396.79628
-728961.434012
-715760.590066
-738775.047704
-730934.390197
-704975.538704
-732042.108262
-752714.388302
-730924.812945
-726525.215295
-702456.11107
-740567.62526
-754955.298998
-742661.096522
-736049.940905
-733778.571234
-707019.808531
-740739.579723
-744511.419049
-743786.271282
-736494.051626
-735876.412859
-724277.252119
-741963.384219
-719817.05207
-741012.048654
-735672.675786
-746006.161258
-735257.622703
-728753.672422
-727730.230839
-716317.06398
-736087.104938
-697568.451118
-726534.94522
-727547.34999
-697984.052931
-745741.428136
-716553.972636
-727222.879411
-737227.46384
-754821.984783
-692048.256539
-719951.056444
-723226.008872
-742181.4465
-727753.82242
-709887.990135
-753370.243819
-742171.961064
-734958.116614
-731491.456469
-739906.803969
-746096.265888
-754191.939147
-745954.873518
-713936.711004
-731671.780836
-717022.632075
-744749.938347
-742030.444366
-721060.148888
-708510.122443
-706919.97537
-723450.200401
-743714.149117
-737264.327459
-748494.859615
-742581.095651
-716478.973926
-727037.852349
-738325.68049
-729026.857446
-750273.452767
-716760.870372
-725121.344906
-745742.789785
-729532.885186
-720933.779296
-732453.537348
-730100.092236
-718391.277441
-718784.489701
-723153.819975
-725469.762825
-727929.559161
-738216.362776
-728393.876605
-712684.132828
-719965.861382
-752790.133781
-734410.410818
-744342.750934
-732490.053429
-736752.822302
-742961.250186
-748097.821581
-730345.698461
-730959.975807
-739480.328441
-734623.580336
-718836.223914
-741738.504204
-723194.648521
-728031.114158
-740673.462088
-724293.176248
-758042.111563
-716646.971487
-713963.732572
-739332.52175
-732302.763173
-731785.891084
-723369.405945
-752107.631427
-711971.967425
-752230.957737
-710645.968112
-721525.322801
-715957.182218
-743603.678406
-749133.325228
-729193.892631
-709782.008523
-740051.44516
-743847.402014
-726447.372602
-718441.612864
-724815.550972
-708502.680102
-723430.083
-705139.643715
-741667.229373
-725907.367643
-732788.102803
-726452.643315
-709512.949839
-740183.017702
-736601.638164
-729986.325516
-722859.148668
-746338.397914
-720751.816019
-722822.469823
-740506.468538
-747497.175849
-737185.808049
-728486.273747
-748675.178823
-728681.279373
-721697.729316
-721724.013333
-727717.073591
-730426.087707
-749190.849714
-736985.338488
-729150.017338
-736975.765032
-744924.06499
-726142.347926
-719277.889105
-740298.869878
-727826.24325
-716106.665484
-744009.02021
-725994.145684
-725305.633406
-735335.843518
-709895.134212
-705910.958193
-734430.059754
-724248.108086
-749962.247235
-762371.54627
-730958.497474
-727470.858064
-723828.670997
-696216.291338
-725389.997128
-747144.038075
-755199.905728
-728686.443003
-741212.449566
-733299.54092
-734925.768683
-724238.08553
-758754.074703
-752599.618565
-713723.25162
-717060.102918
-743253.80088
-714103.846411
-751687.168457
-746871.018976
-735024.510382
-708320.474576
-733889.369704
-726377.544767
-709513.475543
-732479.773299
-736989.997051
-756029.61162
-766424.308315
-716586.129859
-728882.502394
-732086.778071
-751146.307511
-726756.402043
-709875.131063
-730266.641682
-705051.032372
-760903.647818
-722816.463021
-738287.024015
-730141.188732
-718500.59372
-700728.969495
-726549.187285
-721578.48424
-735283.48425
-738561.783994
-729747.902751
-711012.649751
-736314.996179
-718390.806538
-730501.026021
-709160.080445
-725595.249747
-736650.458393
-714907.081194
-733421.972816
-721022.236464
-734828.300643
-731325.790455
-757499.098039
-706344.140354
-729804.898393
-711455.73442
-713177.325658
-702989.411244
-745876.801513
-742791.48292
-722729.6303
-756372.873125
-726813.638395
-733771.084967
-715141.966001
-715105.00916
-722796.117692
-702369.559548
-711242.788169
-705116.676107
-732519.896224
-717446.916079
-751842.73787
-725101.807214
-735078.886823
-722191.379618
-744340.861278
-729255.719929
-726678.52005
-744321.627024
-711892.093
-709695.127362
-735007.738912
-715105.850427
-723216.324686
-719277.317923
-750570.436469
-738629.985631
-724681.249933
-698621.134136
-734487.315879
-715816.320867
-731664.322583
-727627.73759
-729156.400017
-726281.534293
-716854.927468
-724733.264622
-717605.320055
-726096.946378
-734046.43262
-718429.010051
-712648.532958
-721338.491373
-737977.770352
-734205.00951
-727439.783099
-716477.332097
-730618.146445
-736267.695478
-741560.651425
-691836.903469
-738963.320812
-739188.582575
-739743.750665
-701313.984701
-730798.577592
-752063.699787
-729531.255441
-704166.010202
-742560.592232
-721536.428991
-708576.433379
-749501.880347
-716249.917992
-744534.091769
-725587.632934
-740700.658192
-704368.069891
-717755.060951
-728649.668761
-733861.319056
-745011.71142
-701409.034261
-721769.046439
-728297.505876
-754997.077059
-744045.188641
-738385.263175
-722195.984609
-725434.283513
-712085.797648
-737852.922221
-743650.476763
-707790.677552
-743722.630342
-736223.852705
-741968.8578
-724029.743365
-729262.202405
-732307.237205
-738783.742862
-749423.299253
-727958.295335
-688850.262936
-723952.902507
-736522.919338
-736813.776759
-736259.680389
-733689.838871
-742081.662586
-743484.389119
-710770.875316
-731587.213762
-754471.407613
-722153.109689
-712070.16576
-751926.886453
-727149.533191
-714465.662259
-745963.995206
-729682.004738
-733444.709848
-740375.409709
-728052.279404
-731695.716695
-739425.508291
-736175.568669
-722116.758059
-737438.741737
-735036.940139
-723969.303719
-728014.720257
-733302.974081
-736595.72456
-737402.438489
-722555.2779
-719629.960151
-738231.235617
-716793.69144
-738362.122635
-699974.977609
-720723.680614
-738843.44493
-713857.231917
-696373.745344
-735130.072498
-756400.459623
-746479.998848
-737852.155175
-721109.38383
-746873.6963
-699237.436887
-716317.500785
-743825.855787
-732142.693126
-748976.277542
-701314.42519
-729163.451586
-747942.081012
-730422.288581
-719066.437481
-729091.224843
-734286.399415
-735764.240949
-722683.04472
-735686.842882
-720941.750373
-739844.481664
-719408.299352
-700860.332126
-722068.515976
-721881.777256
-718848.654942
-719762.449512
-739287.790366
-721051.928209
-732755.143069
-739780.808027
-739304.653026
-740474.007435
-732537.255494
-737873.208157
-750809.232475
-719623.683539
-704846.531257
-726289.262633
-745248.511293
-748514.052132
-688879.87716
-737718.235344
-746804.721711
-702656.731503
-725998.049621
-715886.096349
-729600.029885
-727938.139776
-709375.311658
-742644.306051
-737250.377112
-722824.582248
-733127.772164
-745251.711752
-744446.243924
-727805.807371
-725141.730778
-744139.947325
-733128.394655
-738808.027473
-734043.433062
-729874.116129
-699980.264995
-702841.278516
-753083.283033
-705997.28288
-757920.21125
-744153.21884
-714203.928324
-705085.146831
-734845.815482
-727530.228422
-717283.235856
-738571.501006
-715292.559653
-715408.91745
-705359.265547
-738428.247059
-734133.488021
-757766.648606
-732026.459045
-741941.752433
-717652.880029
-703859.36373
-741254.935802
-704781.210835
-714952.928732
-718089.839815
-711118.686988
-722881.792893
-729133.421703
-738433.701698
-720182.039599
-737267.330671
-742147.740958
-705453.14964
-708729.338746
-739636.508686
-715048.352842
-718428.159034
-717789.982532
-723091.539802
-718258.348433
-739329.487621
-719382.607813
-725888.198453
-751182.226803
-731002.270474
-734858.13467
-752727.357772
-729066.943289
-743215.554984
-728166.891279
-766508.590002
-730315.931616
-744248.859423
-738528.914716
-719184.76759
-712125.274677
-746013.98509
-726672.169754
-713673.740254
-738950.115311
-734203.904161
-749495.854802
-717448.612891
-713749.512463
-740947.997515
-729081.746269
-731818.416901
-740620.867656
-739171.577245
-727128.71626
-731772.648831
-745679.699191
-743918.335257
-719346.372046
-710213.172214
-738580.707359
-742770.192008
-718068.342006
-742726.297081
-726123.584169
-738099.666411
-735923.617529
-735537.761354
-741986.940701
-719694.276382
-701730.495723
-734303.675007
-738300.277729
-735665.588056
-721553.075116
-736458.322591
-732363.334195
-686473.910225
-740353.738092
-739630.022931
-741028.943288
-737133.671607
-728745.007569
-742542.299039
-749545.72381
-734352.869782
-726262.083977
-725203.817631
-744279.22674
-720001.099579
-740924.701262
-726071.072922
-730018.949461
-754078.719865
-709781.545406
-717716.950727
-756286.068072
-723572.922972
-720589.223917
-719489.658464
-736220.717521
-724771.661908
-722695.438719
-762445.145343
-715270.377512
-719723.592931
-731120.143294
-751744.551169
-738902.351875
-720323.241011
-757824.980484
-717242.29843
-726336.235707
-744789.993811
-757567.25402
-739085.749693
-731382.621832
-725490.327016
-728905.64472
-731549.832416
-736266.33161
-734156.258597
-737805.366076
-729192.760878
-739877.721347
-715706.548168
-750930.601676
-732421.931625
-740227.23668
-727702.717714
-700695.713621
-712848.095348
-739500.071518
-748405.071617
-720531.656228
-734537.11361
-714232.994148
-724218.305597
-716249.434112
-732442.761759
-710295.553617
-752661.127302
-718231.421931
-741171.367798
-751669.895408
-697277.09197
-747660.029999
-756036.715998
-733084.175549
-746983.457728
-697805.605244
-725069.212399
-733545.418695
-722658.794428
-743804.642493
-746827.750015
-755206.110195
-696421.959909
-700951.014836
-733078.539951
-727988.241851
-748519.925266
-749593.822855
-725582.634067
-720384.950706
-732922.309154
-752881.156042
-722039.817297
-744547.821486
-746965.800339
-718931.638413
-723900.730683
-726370.6405
-750958.922378
-722363.905818
-733836.056235
-724855.015275
-743592.50497
-735709.398398
-733560.189804
-729704.156756
-728671.261544
-729445.960801
-727050.539171
-733314.211862
-715230.744505
-741035.601022
-708247.076993
-717544.422188
-758650.153655
-754409.74125
-730936.020033
-699334.774173
-724572.494636
-721186.803765
-740089.293558
-719021.656609
-700575.395849
-734470.404233
-722194.88097
-729668.20302
-710667.928994
-734015.415774
-727331.579996
-721463.894916
-716852.1728
-755009.21291
-747588.360697
-722848.349959
-740749.022515
-749190.59498
-733130.772809
-721800.589019
-734561.201091
-725443.874562
-757072.372628
-745822.661123
-690954.277457
-730392.258073
-727973.133507
-735742.233885
-728181.170428
-735074.063866
-739687.867508
-725274.819165
-733064.73131
-710871.68762
-721392.596274
-743834.752238
-727380.838547
-712201.19383
-722178.447356
-713235.788436
-727658.730743
-762613.21943
-720642.629231
-729287.648686
-726654.280255
-714081.926846
-719141.903057
-716461.965043
-744943.349766
-747870.633785
-734412.393223
-748940.280983
-706427.68955
-750658.212937
-734902.140415
-728197.579298
-739736.557743
-728595.200993
-723434.172447
-722279.005502
-744026.450353
-723655.124305
-731430.526772
-695236.398201
-724647.928413
-701679.479142
-739135.693459
-736658.424995
-743838.025212
-712299.392091
-736930.334812
-745024.334858
-730198.345388
-744342.514445
-726686.810525
-751284.368329
-720735.938436
-715315.634218
-731024.142944
-701279.953582
-734270.41519
-732062.201233
-731394.582337
-730035.175273
-727604.982997
-732288.31952
-737009.47043
-743597.403879
-747556.384393
-725706.686664
-723157.12553
-739390.535901
-737994.07451
-746714.374339
-739662.458926
-745674.83058
-735725.651346
-714811.849132
-715454.086199
-717568.482507
-710236.048039
-706818.78583
-724157.496359
-738815.082525
-717292.688677
-722737.372685
-723516.865034
-736281.886671
-729307.61666
-742226.624924
-742201.435648
-740456.82446
-719850.483671
-735925.090333
-728018.954777
-732778.933142
-729504.243729
-742617.075096
-735715.302564
-732355.054607
-727293.954451
-711262.809822
-711036.762071
-710460.318095
-734480.825561
-735473.765853
-721044.138707
-725512.856641
-720404.764252
-709526.03014
-748812.59742
-739831.941253
-720386.299193
-744198.824116
-747869.112994
-731136.691765
-740099.948138
-738957.998388
-720952.263103
-734558.652634
-735519.597128
-740431.286587
-712315.864048
-718457.54092
-750729.703079
-755852.431424
-718519.71904
-746565.50018
-735489.567229
-734043.400629
-736250.393179
-739080.397692
-737135.45849
-708941.767989
-720260.14021
-728056.152566
-746579.312078
-728713.695422
-738986.653971
-740181.727728
-733192.086352
-728774.062202
-732019.549818
-691935.111506
-757909.557852
-708702.935145
-714492.27904
-718936.626319
-744787.739275
-727327.781406
-735601.455999
-743659.251994
-744747.179995
-741412.22732
-744977.25003
-741786.260138
-723948.162935
-724215.04779
-740379.883195
-729215.977254
-749816.628648
-740881.464663
-721783.84314
-744378.173593
-739603.16717
-726987.075303
-716622.659445
-722864.785693
-694406.932986
-742631.504034
-728396.765396
-718967.593591
-692262.268898
-741404.324587
-710276.797293
-733496.388405
-737556.922956
-705832.577216
-707702.719096
-711462.615497
-711149.631375
-723160.393443
-728940.691143
-720143.052099
-749087.713232
-756482.627144
-722726.452124
-744872.583988
-731104.529751
-750190.604425
-734024.599358
-702424.648897
-751615.646989
-737733.42212
-721785.709044
-698689.17158
-729645.845516
-732437.90619
-723346.101417
-722243.767019
-746898.688035
-738104.453323
-738935.856767
-741496.143466
-730500.480255
-752181.349848
-719187.761553
-727688.753634
-743222.035985
-711580.866631
-727734.215582
-706451.0609
-725450.981756
-768112.10377
-717881.666533
-741341.072594
-739201.278349
-758244.92619
-728759.299049
-726970.591381
-737537.746989
-731423.412597
-752764.713101
-736023.013983
-739181.501604
-727550.362768
-740927.98709
-729648.365244
-735674.501703
-714401.499851
-731423.290168
-728638.135375
-720581.495491
-729356.838627
-741477.97566
-763500.125693
-750262.410555
-717605.111947
-724135.635317
-739867.81992
-745753.191249
-724562.671722
-735523.366886
-730117.453836
-753750.104247
-738946.532871
-734075.343278
-715870.783379
-724134.623691
-739600.908603
-724369.770648
-732318.80366
-751669.333874
-742345.13379
-706983.899609
-753907.904652
-749150.580992
-709228.21854
-730254.506137
-733539.18811
-730980.805381
-715026.961796
-742175.854525
-749719.192837
-709569.976294
-761830.073776
-745684.557449
-722671.099862
-743348.096664
-754779.501794
-752524.372324
-741257.387832
-728058.287001
-752335.45681
-745507.986656
-720946.569278
-727224.320981
-714667.231747
-701872.812336
-735147.062732
-716695.384996
-731730.17504
-726614.748441
-752633.160369
-733301.546378
-715692.855848
-721694.564514
-724634.407226
-732140.49576
-726423.184241
-713204.139124
-731743.954466
-720626.362977
-742209.159433
-737923.265342
-686650.666446
-718827.844195
-695926.891571
-739100.714897
-734699.529424
-732074.954513
-714268.447226
-709601.25009
-717795.151594
-734443.055112
-724838.67094
-738711.920578
-737097.271725
-735667.675546
-746583.904278
-723493.533512
-718505.088932
-713020.587735
-753070.068212
-743182.573779
-732564.005038
-730735.655972
-727988.895446
-741664.941184
-758088.386931
-727332.213583
-756125.676186
-735756.435482
-724647.025607
-699688.348239
-699378.679115
-733791.624149
-742883.979359
-736512.524546
-735817.560166
-733768.411779
-733509.673534
