-286627.455558
-269631.593296
-302902.468252
-235589.990287
-280560.048202
-247699.004425
-299442.668161
-274783.751108
-282162.287228
-294971.609667
-293670.794154
-330348.232668
-301798.828996
-298323.681289
-293405.025951
-273967.683405
-284812.22327
-283960.890312
-308246.368474
-322823.932899
-326351.005901
-323490.678266
-314372.868524
-314492.038356
-351054.184408
-329545.135588
-343782.496795
-328722.246898
-325832.450179
-336012.024818
-317988.235475
-337804.540484
-319132.353765
-320253.788456
-340688.923464
-331820.310314
-346150.34693
-350863.7571
-329231.5142
-346357.955581
-352400.389798
-348950.885273
-345081.448774
-329451.501075
-355523.784053
-364749.150167
-322693.963183
-332251.469545
-347678.659105
-353795.244431
-357224.934764
-358689.60299
-316797.639846
-354702.747773
-334972.619892
-351034.964285
-354005.978023
-359471.8368
-344902.142455
-348247.476916
-348724.036465
-349870.593478
-357768.905004
-351627.579205
-356755.674917
-364796.312696
-345530.6947
-349712.790323
-349352.630912
-350014.421105
-343676.701328
-361444.240916
-313128.049206
-351198.335595
-350157.233207
-354435.623357
-352188.303383
-339351.023484
-347682.657992
-355254.145161
-353663.012163
-350914.997344
-361770.426031
-341217.313256
-356367.963885
-339809.092244
-364783.820016
-335301.44097
-351273.054536
-341659.781907
-337249.438869
-343087.077559
-368006.17378
-354272.420359
-365249.756986
-348277.692661
-346870.108989
-352317.252662
-366076.649598
-347777.493551
-344138.036779
-342179.515838
-367427.227958
-336492.213222
-353074.515049
-351951.828948
-364730.166529
-350248.916747
-361516.734661
-342551.728587
-355911.19754
-342631.958287
-343972.216526
-365685.327978
-362064.421022
-356737.372874
-333653.582088
-358583.802976
-355754.347538
-364932.518539
-351578.42634
-344116.57658
-361204.940129
-360282.286195
-347049.185089
-351298.615892
-344750.209838
-349150.358419
-350003.704607
-350546.263154
-349743.70267
-333940.913491
-358265.731878
-353808.182804
-360774.946523
-354816.934429
-349539.516727
-357366.074867
-360849.184078
-349759.091317
-361121.453594
-346981.144767
-353986.951748
-359882.87863
-342322.112337
-359668.311246
-355112.127986
-362596.556701
-352996.209935
-328341.874873
-356426.019006
-361851.462399
-344623.01214
-347218.891391
-356678.151866
-351398.687522
-359365.722493
-356315.352859
-352623.805128
-353899.693679
-342849.931322
-360011.672884
-361743.206034
-343334.681324
-368785.386486
-352680.899545
-369757.372192
-350708.382619
-370136.273634
-347823.277286
-358245.651022
-353960.578231
-350626.896541
-350903.207155
-358625.549458
-350851.772184
-359585.544025
-360934.500511
-354948.179094
-351837.592951
-343511.619856
-350117.657587
-346537.288069
-356485.9557
-353609.326504
-360202.563846
-356859.481835
-358909.085098
-354878.484883
-339815.383294
-358435.367967
-356870.616237
-348702.438743
-341033.616851
-355848.000693
-356747.782521
-361469.505007
-360169.678679
-343579.156838
-348418.058302
-354020.067827
-356498.608255
-372137.133012
-355770.39699
-367224.411054
-364006.620379
-350069.814041
-346843.725002
-341859.216485
-359658.586248
-361563.312453
-333818.888941
-351848.41975
-362679.028484
-348296.898859
-365873.046643
-364293.778297
-326246.212773
-329981.678079
-351849.51989
-345095.006433
-360494.16853
-360278.31894
-347327.401289
-365504.291513
-354043.999042
-348076.6165
-336274.626629
-352320.452028
-339982.549329
-353612.143831
-331228.536865
-375469.371472
-351535.660668
-356355.375143
-365928.401574
-354713.643933
-375240.082369
-362042.933016
-372889.567133
-364093.367975
-355632.503304
-372202.999324
-348548.761142
-356484.387837
-354138.357371
-365663.104865
-359250.305955
-362597.447551
-350879.928363
-357381.480087
-341113.484326
-365049.393227
-348448.077261
-364008.912251
-353998.752458
-348191.386957
-351567.571794
-360945.002903
-356361.882228
-364518.2074
-359655.554662
-375553.9684
-370206.056922
-361244.10297
-337289.334819
-343570.501592
-370363.12526
-351715.310909
-366733.122131
-349552.764331
-363515.131029
-358927.245286
-338046.409878
-356287.806499
-352469.673782
-354810.233491
-346131.060103
-357217.902304
-360140.181994
-365425.101777
-337116.866869
-354555.466225
-350071.450284
-361564.585895
-355149.293305
-359873.159175
-365552.995385
-341876.015677
-357337.628773
-366172.026165
-371737.780611
-358797.648408
-348329.209244
-339732.084312
-362622.917112
-357919.088848
-354494.947724
-333400.253802
-352895.098276
-362227.540168
-372229.406819
-355155.010013
-366996.15255
-361540.308053
-343902.433758
-355872.0355
-349435.255267
-356942.731227
-352419.473685
-354446.030984
-367478.613943
-361958.942322
-353207.316544
-364178.976224
-353454.056111
-360546.857921
-364300.170532
-337636.402759
-345547.585343
-369025.309764
-372848.719712
-343419.800928
-343233.41426
-359994.495005
-349555.804483
-349485.442778
-357162.934448
-344264.271065
-372416.230325
-344783.550073
-372772.064437
-378246.796931
-352551.237162
-342547.282465
-360063.727706
-346647.832832
-353752.194924
-354839.376939
-364034.087416
-352559.75946
-368243.572741
-358892.382956
-371946.976969
-358013.575996
-369704.008126
-349723.844849
-362482.527621
-350875.953384
-356919.906168
-365253.877465
-360423.312683
-367352.956576
-345471.352121
-342980.627936
-350725.025064
-340823.648687
-347928.212297
-344529.003857
-351701.624517
-352902.299253
-357931.685926
-361108.345309
-364434.075615
-340394.909923
-352231.009536
-368168.958899
-351774.849486
-335401.791237
-358490.657269
-354379.853343
-350997.708613
-365271.649192
-352981.643444
-345584.043579
-360305.968481
-339863.954588
-355777.699305
-347630.443975
-342830.700171
-359785.339973
-354020.817353
-361077.99613
-355869.590582
-371806.844483
-364419.033122
-360319.040188
-363103.957172
-346352.568165
-363399.890265
-365167.651708
-363688.545854
-361881.625393
-366410.318944
-365980.462517
-353593.451386
-343646.805281
-344585.876999
-353588.886744
-355531.349684
-365230.742142
-357821.987103
-363040.223816
-362735.87762
-342931.468825
-371765.778447
-338742.261447
-349076.786688
-350375.123443
-371311.947433
-351129.582056
-351220.118402
-365899.475817
-351984.388007
-356432.793884
-346625.258244
-351916.280386
-338004.061562
-351049.097849
-354684.62628
-357280.01338
-360009.494628
-366955.230361
-362120.888741
-352212.752148
-356899.645718
-362064.607334
-375296.990762
-347572.340485
-342042.89721
-361165.367582
-349880.405032
-372127.238716
-363436.173638
-352944.517591
-352741.191841
-365250.51974
-365129.691424
-352664.379744
-356559.626358
-353099.889805
-376970.626741
-366841.214368
-354679.794082
-365413.804367
-346232.764284
-347647.076519
-358905.199163
-356424.46446
-343645.928797
-351642.832361
-362935.159465
-357527.392178
-360011.996451
-354199.99235
-352949.543797
-333093.668028
-359909.413475
-349702.356053
-355357.40989
-362788.154481
-351042.012788
-348255.253218
-361597.621162
-353933.689991
-355814.477745
-363086.692863
-369879.438324
-347063.788931
-355414.804996
-349786.659091
-350637.911977
-364724.757085
-342376.984222
-359674.737552
-341348.510486
-347455.266488
-348119.054746
-358164.813765
-360265.585958
-370315.728576
-354557.989229
-359109.546915
-358438.286978
-370424.210404
-350121.291671
-361787.006697
-352677.504683
-352856.687616
-353299.432519
-348710.982054
-349202.890852
-366196.787101
-365753.211752
-337580.512226
-353195.260992
-352276.371523
-360629.041951
-354069.655925
-343255.055469
-364705.64401
-360436.248252
-372450.845468
-359612.1136
-364128.220192
-353672.491541
-359560.385781
-357939.318502
-354061.836918
-377738.386724
-365536.159615
-362236.760889
-364122.529818
-362024.549028
-354601.483499
-347399.213268
-349336.326458
-354629.024979
-366525.724029
-344898.335201
-359313.981475
-357368.876224
-361005.890592
-354014.740544
-359071.001385
-368183.596369
-372197.512377
-358316.265624
-358821.692435
-346005.680306
-347153.207031
-356094.68002
-363214.723212
-362906.066633
-360067.945061
-341879.198879
-349438.75759
-359462.020133
-364688.034168
-348432.070044
-366771.054163
-351484.659442
-360171.942061
-365516.266638
-370402.975473
-356009.151519
-359541.817354
-354087.4339
-356121.944197
-358415.99756
-360503.180385
-353413.197123
-367518.063851
-369432.645547
-342436.124598
-370112.30216
-373545.750115
-346414.588285
-349701.326806
-346008.672032
-354833.487816
-358358.646338
-356291.076205
-356084.066313
-360636.45737
-367137.300545
-370731.9921
-356155.880184
-338603.533208
-360822.37106
-346306.726049
-347815.114217
-362099.925995
-347836.058569
-343599.931042
-366528.986672
-354072.071594
-366489.597604
-363790.428362
-338222.331179
-350011.237519
-352706.73408
-362947.286085
-370646.191234
-339967.655672
-349852.087808
-363505.357797
-364261.275935
-340733.623322
-366812.595122
-366474.685214
-345521.976918
-354636.828008
-358878.667043
-354063.171745
-356188.815613
-357626.333015
-374611.715845
-345550.790931
-332380.185514
-360929.658089
-358776.743431
-352133.003503
-356646.556918
-363959.616468
-357763.206783
-366103.831271
-356417.31724
-346063.935176
-353398.872774
-349410.468322
-364996.37844
-356520.006269
-357871.449572
-368697.64756
-349712.75859
-364747.822095
-353400.707597
-350788.007069
-350924.195338
-370655.860087
-369325.528975
-351070.887762
-333189.163646
-361087.894573
-354472.424775
-368536.602547
-362924.217667
-366368.907728
-354899.842841
-366501.804759
-369571.257186
-371263.553158
-365807.399478
-356545.975093
-350986.362818
-353213.006244
-358215.483234
-349022.00495
-346967.883806
-348503.291278
-358608.887922
-356254.044454
-364958.7742
-375169.183179
-354893.660741
-375102.6116
-344364.912507
-339871.864666
-360309.061465
-366116.127091
-363703.787543
-364761.131445
-356664.644675
-358749.323581
-359741.042932
-361971.712805
-359407.583547
-366216.411769
-363138.50237
-370124.036933
-349828.980991
-360421.582394
-350373.503726
-347920.126753
-367347.049872
-364020.189352
-362905.895138
-348766.964544
-361870.885647
-369872.448882
-352441.133054
-367815.412963
-352037.565578
-370526.810575
-366506.046348
-343855.858313
-353638.140927
-354415.259765
-340364.658584
-356774.544711
-359708.288137
-361264.744168
-361939.823705
-360931.931823
-351108.039904
-360050.394303
-365665.388621
-350378.615484
-358917.393875
-353141.41793
-346658.875467
-354650.138123
-357025.912446
-359240.496237
-361575.956178
-361905.991487
-344689.758682
-349993.108973
-353338.396355
-371108.00027
-373742.230841
-361125.865685
-362086.630759
-356810.794768
-370206.467029
-350004.56142
-350501.465541
-351472.048236
-363127.45595
-356915.59236
-340478.784157
-359885.196481
-361635.354166
-365830.15901
-365452.599719
-351323.635618
-343325.144413
-348074.869723
-338838.319731
-361796.888767
-347595.018331
-364560.250702
-356272.856001
-365354.636434
-366413.780485
-358981.915623
-336576.294123
-352612.764263
-354005.24201
-370256.322889
-365377.456475
-344735.682379
-361571.185235
-355367.365226
-346209.028345
-360868.973455
-372522.258605
-355019.856251
-368831.564608
-346123.141275
-363091.466426
-363758.186921
-349545.169489
-358198.585853
-346435.948775
-359608.931189
-348272.299618
-344837.609361
-356161.044969
-359212.843977
-362331.233527
-367443.69501
-370258.354698
-369365.061496
-371996.741559
-354531.105163
-348125.159817
-353366.716519
-345855.316074
-369234.384487
-348057.995796
-353290.772239
-349070.895221
-363771.616889
-372082.504333
-360885.988411
-349094.901416
-352788.400832
-367199.140355
-354488.184101
-354024.824117
-365800.634593
-349763.931438
-361905.777835
-363747.450595
-361447.332567
-367857.197232
-354042.193997
-325036.87896
-348502.879828
-364065.873319
-348867.369051
-365899.855416
-378784.142957
-359848.394837
-366498.432713
-353153.202363
-368992.955465
-349756.883598
-351866.936413
-353418.091016
-366594.658783
-357912.527892
-352835.710802
-369817.972238
-358437.525149
-361471.862411
-364592.616381
-352043.974721
-361429.790883
-362297.683741
-357159.27329
-339004.697488
-362593.88824
-361786.533181
-346361.358034
-363025.325944
-353347.342257
-346725.457798
-352661.381985
-374470.384731
-359975.077938
-357635.562848
-357808.140877
-342492.246125
-348953.354794
-362495.880135
-363235.273155
-359799.831331
-363069.35071
-366573.422059
-337873.398749
-363348.177845
-364781.884541
-352586.596582
-356037.388283
-360834.35807
-354756.831282
-357569.928138
-349368.638456
-361590.449928
-365707.725675
-341265.385098
-365577.276529
-354536.085637
-368002.684265
-361909.618038
-369142.217039
-354477.384809
-372275.617788
-347695.999802
-371168.587188
-340837.713358
-347912.472666
-360726.722826
-354546.610758
-367837.069962
-359087.469515
-356649.213212
-349769.967776
-367246.371298
-367109.624068
-362061.565089
-363303.82694
-363700.215337
-362406.603361
-362595.07967
-352138.909375
-352894.4606
-353832.807965
-353390.082377
-359880.787008
-346477.989391
-353130.076821
-351952.697817
-360852.740941
-346631.230068
-362197.703712
-344121.178574
-344989.424003
-353660.140479
-358148.948967
-356626.779622
-357238.571956
-362287.289453
-353154.308693
-364139.111324
-359381.96403
-349021.180853
-370788.739318
-349041.008895
-364342.04284
-349153.347325
-362036.599819
-364391.770942
-359048.954527
-358112.887731
-364149.390457
-352360.080707
-354740.224201
-361087.709646
-364362.185156
-336382.573921
-371076.340178
-360134.576712
-337668.511735
-345640.173848
-348848.49244
-352665.317896
-351875.570627
-340549.625115
-366849.02693
-357578.558882
-361228.462971
-357360.92412
-335113.615739
-346782.018242
-361314.679585
-361021.505485
-356521.280918
-365182.270811
-358178.031507
-357404.836608
-358953.155773
-360190.551499
-363214.921981
-361520.092828
-353199.603394
-357044.171418
-351060.340304
-361040.449994
-364304.298821
-356691.593137
-342727.99376
-345816.35754
-346187.81041
-343046.341171
-358220.552477
-338133.152145
-361931.551001
-362367.439595
-358804.296053
-357347.590296
-364531.756801
-347540.917443
-355708.717649
-362295.957656
-369314.072076
-345290.941173
-352128.957974
-347198.176191
-365574.865072
-360147.083055
-352319.877493
-361368.979212
-350158.256109
-363749.589209
-351861.48672
-360029.217453
-346574.245983
-357405.869665
-364904.513716
-369782.839849
-377625.875591
-345660.587459
-347203.344839
-357333.120226
-352747.639098
-358297.512728
-353477.52743
-355135.027648
-360067.945788
-367950.30208
-363664.278177
-364977.207368
-361435.570135
-350543.362688
-355308.249079
-356821.850985
-358426.732102
-345040.887959
-361561.384786
-366729.677354
-364124.510086
-351548.468168
-359972.512023
-349722.386773
-370358.190523
-371437.497728
-378414.125317
-359964.191843
-362890.86941
-353407.672407
-359183.325783
-362630.042681
-339356.866095
-349967.534261
-358416.285058
-344098.426581
-355868.303943
-364566.609298
-364392.293932
-362243.61054
-352298.456391
-352704.16157
-357092.779269
-354500.716889
-363023.071667
-350247.555818
-349178.590999
-363270.686971
-356244.966624
-358829.56488
-358450.177856
-352167.778488
-345065.289726
-357898.23918
-349584.180102
-356952.84107
-362359.626243
-358041.396696
-363030.932253
-366557.218382
-361869.368798
-354339.249321
-344277.08283
-357403.449703
-357263.585176
-354223.814598
-356160.61856
-358829.138892
-359854.119623
-349434.473787
-338351.911184
-353861.784842
-345761.959644
-352054.904611
-348744.919465
-340188.53619
-356092.418849
-349124.040492
-366102.695909
-357302.659971
-362591.041069
-346166.957596
-357169.610983
-358605.507244
-364974.56537
-355540.003838
-349036.360344
-352060.435614
-354953.537252
-356974.979837
-369818.72706
-362288.838754
-373561.946156
-352136.960757
-362657.91982
-359563.016802
-358096.537832
-352907.515823
-371764.242306
-353182.780173
-350800.421913
-367356.376278
-356608.481177
-358703.563216
-366944.960466
-377990.686504
-369184.185378
-359363.043893
-355488.303355
-347684.869644
-360263.86967
-357667.684884
-355674.408078
-351244.77328
-356048.114889
-353916.356382
-349907.634563
-367742.14078
-371338.52774
-361727.857918
-361451.03581
-351142.166118
-346392.560817
-354687.146928
-357744.535721
-374624.567582
-362419.156979
-361785.166441
-334298.055599
-365631.369354
-353150.438294
-349007.589903
-338869.196334
-361658.80639
-357014.258482
-362984.249878
-361265.449498
-353307.029584
-359564.881172
-368851.673122
-348728.481302
-354227.755847
-362898.841359
-354434.416019
-371236.751226
-346779.342763
-347524.549243
-355554.017755
-350757.468162
-342577.420521
-362924.823394
-367282.841163
-358200.618544
-338570.361103
-345590.553601
-345390.635578
-361103.019683
-362306.042776
-369672.214983
-338270.933973
-363369.758344
-361507.148235
-361136.803932
-341534.662945
-363815.034597
-342390.121667
-349614.719222
-337029.926759
-357427.951414
-354080.57919
-357942.370993
-364782.74952
-373485.967892
-367205.444949
-342049.662229
-360424.799191
-352384.556234
-360282.068384
-358150.934531
-353106.034807
-355648.116566
-355287.128264
-365773.802662
-361173.012767
-348805.296941
-368754.524058
-348970.224717
-343688.689013
-347662.369172
-357556.994586
-364828.378351
-366523.122241
-350401.027372
-358594.08532
-341336.907208
-364872.314373
-343753.902049
-360564.200999
-344310.963952
-346091.916455
-364590.292742
-347017.430767
-339112.576365
-361398.331345
-353517.60037
-344513.528329
-343650.839944
-345719.477723
-359966.048954
-363520.56234
-338941.426423
-363026.227694
-360885.575043
-370253.672777
-330070.798772
-365514.330694
-355322.630596
-362477.570404
-350243.845309
-354709.260729
-362450.243998
-349004.730873
-372367.003558
-358046.005073
-362074.050461
-337328.146869
-378870.071825
-354409.737827
-366701.922115
-358667.995966
-357410.864267
-369124.774718
-353497.239297
-347525.162091
-341372.828875
-349699.540605
-346398.245639
-337165.848632
-353908.578893
-339626.834259
-355047.194672
-350795.673332
-339806.031663
-357951.744949
-372948.155379
-339929.62107
-365815.755739
-366281.674185
-368068.793496
-341051.240753
-369890.80483
-350130.779029
-364811.260339
-359432.099685
-354269.458014
-370174.374459
-344147.951365
-360497.14594
-357573.419079
-349368.047207
-356136.267132
-347846.328765
-339914.138365
-339526.022546
-369575.154479
-361454.952245
-375081.117345
-363954.065627
-365391.061213
-350174.991516
-354724.644328
-358926.325561
-368025.97913
-347855.316008
-345986.015056
-349658.893858
-358554.084671
-362561.775897
-354189.675414
-373460.881543
-357620.740574
-369151.358578
-345762.692381
-357879.140604
-352182.219967
-359279.981424
-351368.288917
-352973.819001
-357937.861466
-361784.463298
-359685.056133
-342092.366688
-346855.275883
-360119.33861
-351857.290627
-351319.750939
-345305.372934
-354877.945045
-345025.863609
-355155.076913
-356082.865099
-348376.403332
-365319.927816
-356140.264442
-365483.347852
-348071.010073
-363758.787794
-328750.182599
-345735.65178
-369071.752391
-358603.972282
-364822.351886
-352933.179202
-369501.103177
-347433.939098
-361588.188785
-347126.328571
-343406.56514
-362851.220493
-361993.835222
-366246.128099
-348712.220352
-326386.192327
-352690.566274
-351155.01506
-343922.268496
-367968.74714
-353303.809536
-350968.97053
-357177.208625
-369829.260646
-348451.110017
-354704.00271
-349883.739004
-356065.758755
-359902.168175
-360542.044491
-358287.961507
-358634.512541
-356058.224644
-339257.262331
-352749.933194
-351099.191074
-347589.993843
-343595.523231
-350808.124635
-356281.205472
-353445.150878
-368663.920381
-357954.381097
-369399.317786
-356188.640003
-367568.286621
-355381.738735
-348679.667699
-349158.421437
-333386.169165
-349518.513333
-351610.623033
-349181.615038
-373649.192647
-358708.529964
-344186.461471
-355560.419617
-338208.293161
-353036.500781
-370345.065664
-366524.010198
-344278.195074
-355451.907649
-353524.582214
-356043.280639
-340319.142755
-362220.04912
-370377.959008
-340991.074038
-340436.464019
-364704.532207
-360773.766573
-367678.636586
-364586.777901
-368774.125801
-349599.646354
-351544.619163
-356403.274801
-338928.17879
-372854.780946
-358577.752927
-359872.745541
-352832.04374
-367847.97418
-363489.81869
-360173.760539
-370861.725479
-356031.760675
-365132.881585
-369750.923978
-355885.277985
-368848.161423
-341826.885692
-353520.556453
-355816.243144
-351018.429855
-351919.257183
-346893.995323
-335788.062914
-365193.45523
-343996.380788
-360486.807539
-341897.246692
-369112.302061
-349348.254963
-358669.883119
-359011.697068
-358669.790761
-357187.818561
-342053.369908
-361308.716295
-366154.905874
-355661.888456
-366880.571033
-367213.179927
-354455.378729
-364106.402599
-351631.809869
-344711.974956
-348144.960763
-357026.651384
-353099.51801
-349199.165474
-366904.291422
-352528.605001
-362242.267969
-354053.908032
-348097.598313
-364094.458832
-353083.32499
-367980.455853
-368283.9846
-366207.007139
-352047.194649
-341147.968625
-363379.729657
-349759.5082
-344773.938286
-371734.292667
-351790.083939
-340119.071218
-363053.087618
-357910.684862
-361955.517976
-356884.76864
-364022.000827
-361397.147993
-362416.620176
-362641.737582
-361333.437264
-375560.792664
-362179.708722
-366302.116973
-356305.551243
-354820.931915
-354100.80587
-359205.532881
-366329.211171
-360355.25986
-362123.11306
-345304.484161
-372210.273592
-356314.655481
-360570.073131
-368410.142926
-356216.397775
-366897.238584
-363886.423932
-347103.23032
-345077.877438
-359883.077204
-365668.742344
-374273.104344
-355780.245821
-344524.899539
-336947.219141
-354256.038089
-350201.702509
-350575.370685
-369827.999279
-358006.411021
-347607.933403
-367311.240603
-351252.646821
-363044.120129
-350344.678938
-345343.216025
-365044.021561
-345556.502321
-355420.046582
-357480.91784
-364825.755004
-368417.891615
-367402.958908
-347067.016363
-365569.901275
-368555.930826
-359002.285347
-345310.067121
-357574.760331
-359508.248553
-365334.587852
-355088.184458
-353596.277885
-358886.423978
-352618.864332
-345430.868613
-346512.966478
-352035.146083
-343717.363239
-363990.502819
-365548.057707
-365762.283775
-353317.47164
-350753.163032
-323290.855512
-361787.718154
-340945.08441
-345742.583986
-362764.388399
-357263.622429
-355032.599376
-369795.263131
-360439.007964
-382118.89456
-352193.958285
-350439.959453
-352520.176709
-362297.544975
-338665.572873
-356828.680236
-351847.867869
-346945.413138
-355563.823919
-350696.043193
-325578.122302
-359398.172662
-339311.389423
-359752.856457
-345955.35159
-353233.437801
-361360.140971
-346964.592874
-363993.304884
-356382.536482
-350667.532518
-367655.278514
-342838.635706
-345133.479658
-356158.074903
-340414.411659
-365225.051719
-361786.960627
-375820.343797
-361840.826733
-352228.671817
-353256.691463
-343394.239921
-366404.251403
-349301.619752
-358477.915227
-340336.927953
-348573.980986
-360384.35647
-363832.425287
-354886.226059
-348543.780405
-363550.256337
-356613.945897
-348315.325025
-348929.864691
-370351.128139
-365853.907665
-363006.448686
-363030.038742
-371043.470395
-364023.814475
-351672.0153
-353581.971094
-361582.407896
-356059.373184
-352988.946542
-353289.470079
-351526.004565
-348262.610737
-345163.838862
-342513.032845
-356342.787997
-366233.767817
-356031.110395
-347438.302383
-355338.455259
-355935.427444
-357979.950003
-331655.673932
-345440.380154
-342904.688998
-361799.914227
-349122.753744
-362519.842422
-351915.390294
-358777.391716
-355637.734903
-336237.815758
-370663.055237
-364095.344199
-352338.015823
-361928.235025
-360470.006117
-350906.992888
-370014.140514
-361880.211798
-368975.946379
-358629.152379
-361245.009034
-324345.38633
-363971.283057
-350148.305047
-359314.444721
-369090.081102
-350073.079641
-358943.15851
-357955.899954
-349600.832239
-376155.736917
-359247.13903
-352693.077316
-371803.537269
-357108.353705
-360341.017368
-346847.740293
-373142.350914
-351083.891961
-364913.429123
-353621.964312
-354668.81967
-360298.511186
-360750.087235
-364732.153433
-363283.448143
-350667.168027
-351883.806272
-361297.550326
-353120.22464
-363509.411409
-356905.727987
-356556.242311
-360202.940621
-360866.497258
-340365.872942
-369638.508168
-349170.957328
-347907.556004
-362737.954543
-370391.844363
-364205.008882
-349719.620004
-340957.929838
-357403.89059
-364802.526455
-337461.298318
-354546.966618
-359497.3165
-371051.155095
-348279.38768
-364915.86713
-333211.310456
-363903.392217
-354500.724
-353194.286511
-358702.289339
-354356.149576
-359270.100372
-357362.322472
-343709.892732
-341305.694187
-355568.079044
-368856.654922
-354358.815594
-346169.250873
-351073.687351
-347987.058631
-352472.730924
-363916.668119
-364919.754196
-350399.933979
-346519.092066
-353552.230885
-355614.315557
-354045.626675
-350804.291608
-355277.671115
-353787.58041
-354997.832327
-350276.233527
-354686.193477
-359078.190023
-355645.232259
-353895.198125
-345673.563532
-359633.553436
-347274.349852
-359209.912287
-356042.550814
-368075.416065
-375189.488379
-357287.741748
-357133.211761
-345629.75062
-341601.466828
-349971.763834
-375358.902342
-357313.045733
-361916.890222
-355324.252696
-351195.595562
-363040.24417
-363824.543638
-354992.675791
-375230.233588
-365376.505116
-345256.305972
-350201.506072
-358937.626719
-337955.928192
-361201.842649
-371077.836896
-353233.339759
-338429.276326
-351509.856838
-349976.763801
-367123.341886
-357955.393347
-369997.745722
-359273.472711
-358203.879633
-363410.876398
-349085.286518
-361837.250767
-358839.203029
-349635.985011
-351789.451255
-358258.107446
-359256.038796
-358944.476511
-365528.272651
-349723.136575
-346855.537928
-368355.158555
-359531.340502
-364259.68176
-371356.838752
-355087.796283
-364890.372157
-358267.173431
-350984.151212
-359107.711697
-335561.57894
-350387.217313
-354888.313879
-364200.462318
-348245.43157
-350115.53619
-367735.226133
-354927.445841
-373299.028869
-353781.46801
-343683.929481
-361933.900147
-359208.970462
-353883.66076
-361836.912109
-347113.646101
-343996.089027
-348019.305346
-349950.134689
-364472.573043
-338966.774492
-354446.924888
-361970.492695
-343941.06563
-341567.567789
-357599.01865
-358264.400658
-350056.339627
-364343.62945
-359168.202141
-353408.364209
-357945.81927
-342563.528008
-353914.732536
-364161.822078
-358986.647431
-366752.205269
-362094.888327
-343603.32342
-357229.480527
-360503.05495
-358753.633709
-361775.357461
-346659.823653
-342962.533222
-371412.189756
-356149.161462
-356592.230735
-358535.490833
-349266.299313
-354464.722523
-351807.130511
-348607.605603
-355400.99797
-371676.699317
-364514.247374
-361739.076548
-366074.255405
-366311.037791
-337928.846618
-344479.538771
-340790.287707
-352640.139445
-360975.285516
-349795.807417
-355720.078267
-362086.447966
-346932.859401
-337190.487207
-368493.410792
-338105.794978
-359213.726438
-354257.014108
-336524.446173
-351838.959196
-365754.098019
-363672.42054
-350346.16585
-338009.905398
-330333.215959
-350069.901521
-350564.384281
-362142.364095
-355564.99188
-356022.730224
-360671.341905
-351298.334476
-356730.957166
-342512.144723
-363372.964324
-368116.622377
-359040.315505
-347617.069025
-355514.099971
-358024.380933
-346666.53647
-348479.125614
-365076.537077
-340486.312054
-353900.77002
-359107.697184
-359305.5883
-364244.0504
-356770.039655
-371638.779739
-354888.903622
-340042.809661
-361725.84584
-367117.920805
-367025.258166
-343046.952164
-361827.581741
-335794.923591
-367366.016285
-358150.234462
-371935.26569
-362840.781353
-346898.910432
-356720.447506
-357042.604432
-365642.388275
-345485.43063
-364875.920068
-358878.176313
-360812.672857
-361826.879408
-363876.773747
-382144.465055
-362017.969703
-357639.990616
-358470.374536
-366465.914592
-368071.409599
-326550.786635
-363529.664468
-353947.030899
-353491.244933
-353282.602182
-360189.709451
-349882.070996
-346078.403591
-351910.327811
-363712.169187
-339001.442947
-349331.083667
-362223.90892
-344757.018991
-366262.89752
-338696.538736
-351256.21221
-349982.894696
-348839.43654
-367208.600241
-351645.648055
-364150.636666
-357645.584894
-353435.344836
-357886.50865
-350620.206366
-339145.234336
-345887.244357
-364214.905668
-356627.43904
-344053.617112
-361739.405254
-357590.5902
-375751.540787
-354180.550666
-367806.077581
-340555.55835
-350673.369513
-357058.306084
-358363.74363
-355405.885865
-369001.791719
-342487.446239
-350594.296997
-364384.15693
-359413.222942
-348138.100066
-349225.102713
-363351.464947
-349358.477743
-347074.356873
-354049.743649
-352240.324674
-358434.544235
-370912.100575
-347090.433085
-368365.331355
-349845.374919
-361108.617177
-357963.393144
-347273.975874
-361842.975159
-362565.656835
-354112.428037
-366673.269431
-350611.874964
-335463.192425
-335578.148434
-365721.622028
-356453.085535
-367847.463593
-365885.282472
-357139.349591
-350729.967434
-365762.072326
-358838.193627
-355531.072684
-363346.191002
-354412.031203
-349567.633735
-347084.478271
-361116.741445
-360634.508626
-353071.89299
-345855.646872
-340705.142514
-364667.573671
-365361.798371
-355738.220932
-353531.842433
-345678.76659
-348344.206132
-351784.641712
-361756.937383
-372309.789527
-343094.173142
-363020.647086
-350542.794327
-377721.11842
-369641.729339
-358502.93731
-361132.461905
-357302.341983
-356528.203217
-356594.456112
-364634.250824
-349161.205534
-340844.933391
-356379.306102
-354450.88303
-359186.965856
-356649.294762
-352421.267197
-362725.091706
-366007.57524
-369741.676047
-362002.965139
-355378.290924
-362788.230442
-358897.913884
-358418.038469
-355622.351376
-349576.567067
-376864.090614
-358509.077439
-358472.915663
-358574.564682
-344707.508726
-359989.171353
-347846.963114
-366631.300178
-358557.477291
-367965.833873
-358928.79244
-362546.969268
-359539.07967
-371298.84831
-357958.733766
-357758.268871
-350898.912379
-360140.308775
-350972.896194
-360543.42082
-356654.648041
-364959.665904
-360833.589081
-352392.709726
-369624.509034
-345258.671841
-353017.523913
-353529.242182
-352387.320181
-353358.139349
-360180.352785
-362896.618743
-359229.832427
-346545.032381
-348195.103007
-359655.627002
-365753.699576
-352554.963623
-351553.217958
-362555.867315
-357450.882672
-341373.91029
-354144.606663
-358567.418596
-338911.552542
-349497.920254
-353385.365699
-358108.093708
-360124.229446
-355337.556512
-355167.947414
-352287.350789
-358278.063505
-350136.883754
-359068.867732
-362175.058214
-339438.482559
-353412.043573
-349286.451377
-354835.211872
-374048.081505
-349399.668591
-351142.848357
-334873.524921
-349992.02704
-356532.212328
-371101.028284
-335987.566408
-361908.231966
-357506.899616
-351370.566169
-377205.207716
-361948.460152
-358134.470563
-352750.50697
-346355.268584
-358730.406449
-347371.083316
-349965.06264
-370379.014225
-347125.70446
-344200.028936
-353779.909835
-330232.964416
-346943.020656
-355057.594149
-339493.983591
-354973.656912
-357969.791341
-361880.071547
-355952.336761
-348825.454311
-361694.583041
-357026.973332
-329698.428152
-353109.126371
-365315.145963
-354347.549006
-360702.356398
-359479.448576
-356384.97036
-364272.18894
-356737.849209
-354438.829195
-356584.841264
-332810.280563
-370782.703056
-359618.435994
-356408.316387
-355476.860261
-368345.1708
-354572.90726
-371242.626925
-369285.812994
-360430.289376
-352309.757218
-334701.096664
-356161.142718
-357096.959146
-339815.331414
-369922.995511
-370550.999801
-355597.729615
-353757.252363
-359173.491373
-353371.111322
-370134.035843
-348436.477339
-356833.076778
-349275.188826
-364915.558488
-358407.028542
-353126.438764
-363915.665081
-353756.191394
-354263.934167
-349040.030425
-342238.739736
-357584.502174
-350028.179517
-350441.978772
-353259.298603
-329789.259483
-356502.998915
-344409.582374
-358447.636878
-359264.405754
-358539.977104
-357512.760936
-363536.825726
-366353.9177
-357057.422712
-352992.78755
-335548.391609
-361081.393828
-355368.823383
-351448.221979
-366783.494966
-347331.172844
-364373.879243
-362962.784592
-363722.624372
-325051.932356
-355494.68602
-364220.860812
-349332.178623
-356331.036845
-345265.854913
-358639.572767
-353186.33827
-351025.229561
-364477.904235
-358009.096921
-351056.317454
-358824.565118
-356324.766422
-356400.386593
-355212.561353
-360109.272831
-355889.314659
-362535.230217
-366194.19259
-355598.255884
-344129.171228
-351292.270232
-345604.214803
-356817.012591
-350679.207613
-350798.972109
-341509.969564
-364385.70196
-343235.9892
-364635.76326
-359242.936973
-365973.888678
-362005.800758
-361613.479817
-353701.72491
-351688.274687
-363641.784901
-353380.940023
-356277.086041
-365917.463765
-348902.285703
-360428.632061
-349110.49431
-357243.660033
-347894.435221
-358407.513547
-348047.305478
-362409.840705
-370278.337544
-346284.940768
-356817.808878
-355546.002035
-369341.025883
-347766.290555
-373464.691059
-362082.12006
-358945.801529
-354337.253664
-354765.723786
-342314.565995
-357550.95753
-366287.281555
-366759.568272
-360020.199443
-355458.373263
-359917.07265
-334945.995227
-341430.365018
-362085.633546
-367883.587307
-349114.802693
-357193.868976
-367615.785024
-371944.598764
-342364.116008
-362166.750219
-361749.409158
-361509.05764
-354408.11296
-356642.168192
-357298.611603
-350428.54844
-351892.280577
-349560.471421
-362756.878364
-354490.094328
-373188.784891
-354073.526746
-361973.103415
-358409.755202
-360510.694133
-351249.980293
-358757.69491
-341773.943731
-355439.309562
-358829.368334
-368234.968504
-356700.009893
-360150.08926
-362230.125158
-361090.154558
-359240.733042
-358616.411889
-363416.542887
-347412.269052
-357753.557233
-348878.981997
-359917.488661
-342957.64337
-342390.351788
-351368.888788
-361901.167129
-364672.492038
-345670.896898
-358188.093912
-363178.337552
-353913.473768
-359320.018241
-339917.914724
-348842.197496
-343167.533453
-335779.147078
-350318.755465
-348627.207643
-364438.967645
-359828.361125
-350807.960619
-356983.588223
-359998.43013
-358801.757574
-357947.07314
-369369.402312
-366044.888817
-365851.496642
-364988.769736
-356787.515318
-344305.94499
-343797.479404
-334376.515626
-348676.97627
-359782.27885
-366966.475589
-362541.620554
-348962.715111
-359469.475253
-348204.739057
-371818.762943
-365625.367755
-357760.594605
-347374.300657
-349287.883384
-354985.429964
-342611.496999
-364823.159938
-363246.476483
-363639.451723
-364026.679846
-370552.337064
-359187.444804
-355570.19704
-354675.4158
-349758.167928
-361250.96156
-359971.692492
-343199.085364
-356281.50664
-343727.550964
-359808.339672
-361631.865764
-356050.827571
-360675.724115
-359648.094798
-350452.193814
-370629.275253
-350878.36787
-360177.420583
-350346.869631
-358408.493496
-355521.330183
-351061.461823
-365366.979195
-351453.37823
-357245.370494
-366180.183836
-349000.987539
-358827.085363
-362027.116271
-367222.827655
-372581.264173
-335638.733087
-345580.55723
-361099.198252
-352110.185297
-352919.292005
-347530.672412
-366461.650431
-366286.338858
-358477.460647
-360974.079033
-344463.718642
-353276.239408
-364308.322326
-358882.625377
-349293.50127
-335759.522882
-365172.59365
-360408.341013
-351386.008125
-359908.867038
-351407.502045
-352378.471955
-359105.13782
-352142.288582
-353691.253131
-353046.154739
-367106.305823
-359400.552597
-369261.893811
-351814.013986
-356818.636271
-356208.373342
-350845.521427
-350549.929764
-358035.737347
-367945.513785
-363776.076467
-351528.105247
-346196.340577
-362701.016395
-365684.051438
-360565.155997
-365398.171006
-343414.876339
-362187.320975
-335262.243481
-364888.033542
-357070.229122
-355326.781742
-346902.72279
-372834.535443
-348717.600619
-356666.018549
-334119.925946
-357836.185257
-349227.777918
-358326.951608
-369251.139715
-330015.135747
-355028.769446
-355091.735057
-366688.195732
-357001.331326
-356151.720712
-352634.045984
-351088.980861
-360947.538944
-340266.966793
-328372.170561
-360599.066857
-350155.36017
-340079.483899
-359144.818401
-333109.411583
-350151.919714
-351020.961204
-343942.98184
-347654.272929
-346318.993349
-365025.271289
-360006.376547
-363792.703094
-356989.782166
-348739.378349
-351152.010991
-356649.150217
-366419.073684
-352622.573853
-355617.823326
-354890.590609
-357496.742579
-362326.57647
-360640.43675
-352395.639371
-359575.148396
-362781.11654
-351536.143739
-362886.67802
-366573.12028
-347011.501678
-343821.975716
-356210.52517
-357683.088233
-358885.760938
-367552.536936
-370296.036192
-373855.426914
-340258.130193
-371889.797334
-361180.359055
-358587.691916
-352433.15519
-366569.183013
-349008.069787
-352762.94169
-353379.829332
-362395.942048
-333140.620564
-341282.223816
-346614.953046
-353372.429852
-360629.516194
-355316.379962
-360625.183594
-363147.603951
-360719.378067
-363111.806724
-345729.243499
-353430.860255
-359608.733912
-324578.900454
-354441.324387
-352236.615939
-360558.012121
-355909.371176
-350677.782202
-353554.96519
-356077.852953
-362521.199477
-356888.038206
-355709.21292
-362443.559318
-370248.09716
-362522.832433
-355824.668298
-352442.534732
-358556.540246
-358504.989918
-356701.369779
-345420.580096
-322241.591676
-354602.704684
-366369.938441
-351614.409474
-368245.234318
-362918.60454
-349470.343122
-364202.170991
-346335.097653
-365083.201835
-357994.549345
-344338.392426
-366327.853053
-371984.328981
-354839.499346
-351766.891169
-351969.95478
-351155.865965
-351888.414136
-334625.12326
-346702.496458
-376949.830767
-345413.825514
-348288.516527
-365243.421086
-349225.875948
-353943.165778
-359959.043086
-356094.928898
-362186.408095
-370212.492636
-358510.528428
-372527.794231
-359089.794989
-357563.362981
-359347.815397
-369502.84493
-348183.362043
-369744.649
-345538.400222
-346418.104238
-352346.375555
-348488.987984
-349253.768814
-361420.376835
-362509.766777
-364339.865938
-349564.560186
-365802.182551
-361417.970982
-359830.122995
-359739.282746
-340141.741267
-372112.698225
-357904.796693
-355094.133207
-368919.728329
-338300.500666
-361285.310376
-364637.141374
-343544.889194
-372570.77357
-356559.956434
-375858.782639
-362921.117105
-347733.243064
-355925.226171
-349831.793663
-357755.051283
-365959.462456
-346883.986218
-351001.573885
-357805.588378
-369164.539296
-374352.943147
-355378.738528
-353749.944617
-362233.798109
-373192.691572
-344571.054227
-349272.950121
-336196.415224
-361008.24123
-370856.671557
-370170.843828
-370193.59978
-361196.769818
-362537.940341
-357970.065259
-359752.108074
-360803.924797
-340313.058405
-345682.198885
-349459.760465
-347916.770965
-358502.518354
-356435.591694
-356997.139015
-361579.316182
-361735.432444
-344279.18213
-370484.240122
-355977.767151
-360309.372988
-369723.546753
-346020.804857
-363288.282626
-343606.043291
-358493.6007
-363228.203654
-352122.727002
-345737.745192
-360293.076642
-375139.857815
-373859.963539
-340748.101856
-359970.541254
-352183.955482
-363923.592184
-372011.168709
-345171.784687
-356901.258917
-360237.278898
-344137.711586
-368755.745316
-356550.4231
-366461.901661
-352587.163724
-350187.906908
-356937.871962
-351808.069788
-366484.28532
-353798.416162
-358036.905612
-348704.464047
-346915.332247
-347723.429855
-359801.383215
-359870.180676
-366562.207255
-365211.411222
-362807.821622
-365381.357466
-361420.778376
-363695.734982
-361602.478684
-346914.536026
-360160.081659
-360423.642891
-347423.10222
-360958.375556
-359135.866149
-343994.398809
-360452.291298
-356323.443734
-370089.932095
-365635.416851
-350326.313691
-354990.643075
-368262.258649
-343453.412958
-345546.621501
-364902.216856
-360707.110639
-371267.260229
-346862.709434
-359912.581234
-362118.852534
-358663.594996
-351716.269766
-353987.009209
-358762.072949
-358340.474734
-362046.318522
-357525.501507
-357847.287232
-372086.022887
-357050.134502
-372597.060783
-367165.85394
-362905.067064
-372201.453949
-362277.312066
-370315.850755
-365108.036382
-362295.54115
-334442.834302
-358282.031688
-355738.855798
-347101.496063
-349313.678909
-350721.097435
-355339.462833
-350264.306655
-357172.816072
-352341.205807
-361663.104999
-370769.935362
-363312.168487
-352431.701766
-327976.111776
-361570.691397
-341418.645719
-347964.389016
-357120.935813
-349161.022069
-364739.19816
-365528.906865
-361755.539117
-361752.677354
-348800.700107
-361981.513466
-363635.967917
-355593.206065
-360169.538851
-365104.590925
-351605.09275
-369655.724729
-362861.224858
-357919.066984
-365202.612563
-370060.63255
-359845.807376
-338845.837329
-370009.143375
-339281.937864
-357235.276459
-373522.5085
-352507.983028
-340836.782372
-356667.585583
-346875.39127
-346808.852489
-359542.240605
-362386.365044
-363734.246658
-358009.891255
-350953.652793
-361964.354974
-364662.858533
-353857.37836
-369578.296003
-366113.248261
-350259.048766
-351652.116169
-356106.805356
-372324.720728
-354142.726638
-368545.41927
-366360.483166
-360572.83813
-356304.622055
-366937.92807
-353180.589149
-374017.86917
-364291.430865
-352294.293826
-347831.38059
-357472.16034
-358878.614228
-347424.381958
-349334.662085
-355719.002349
-356584.710418
-351011.535787
-355800.804496
-348146.478443
-356446.046938
-369198.459148
-359859.974737
-360139.377355
-359689.107963
-363968.314129
-344544.390717
-367249.265602
-365557.484194
-358510.035908
-366698.779415
-355062.936005
-354686.702959
-352731.333109
-356084.077349
-359248.653979
-346885.412034
-344326.643931
-321505.30956
-355910.89783
-361108.34572
-363579.132782
-350366.926686
-360383.917446
-364406.407226
-361798.062375
-352707.151077
-359716.747292
-352609.863509
-363895.144034
-355182.507463
-357258.273481
-363188.501781
-332365.872028
-354915.319703
-367239.392479
-359191.982148
-356339.944619
-361780.954794
-366960.74145
-356599.192998
-350055.968973
-353998.847695
-346065.826015
-354431.884071
-359069.588193
-354321.15933
-366569.367611
-369143.828545
-361706.101505
-346771.174
-356658.547891
-347796.587768
-324922.700134
-353759.275042
-365215.68866
-344746.672055
-363744.816558
-359218.059611
-365181.964587
-370346.222915
-347169.45931
-378656.48261
-366881.64773
-361863.126297
-364265.969524
-355604.519758
-368625.115213
-367497.855548
-358771.437917
-359306.357098
-353493.681275
-366224.319098
-339273.773262
-353328.636756
-352238.932208
-348076.229698
-352097.669193
-345059.491809
-358603.367091
-357745.029057
-354081.914812
-362040.520261
-364520.254792
-344173.150994
-358731.039616
-365623.184867
-362134.070961
-348343.265851
-359759.65333
-367524.041045
-363552.552215
-356495.357188
-345810.400553
-349965.392586
-346169.062877
-336872.273838
-365821.655668
-377009.628137
-368213.781579
-361915.836264
-356097.601029
-354080.576617
-352634.529614
-351772.770145
-352546.324827
-373175.262711
-360434.106083
-339841.510003
-354230.823948
-359948.169671
-365684.604301
-355808.026628
-355638.583415
-351599.496427
-357114.120568
-356929.089201
-371569.963399
-363181.117718
-355420.280181
-359357.756725
-352639.535213
-350298.053603
-359254.86713
-342767.654682
-355248.327935
-360821.222176
-357490.728049
-365476.66524
-362925.859035
-354685.252217
-356835.123358
-357998.10466
-369001.207305
-362072.381414
-362028.583391
-354931.666901
-348446.480993
-354604.628177
-365780.007236
-361047.06745
-358687.60149
-361478.464317
-338903.453397
-341926.237541
-335345.088559
-357129.331212
-361436.735543
-358298.773808
-358200.809017
-361884.378862
-351521.332969
-348945.032904
-341147.054391
-348824.765839
-358477.286926
-352156.741885
-359649.851441
-369222.893328
-366192.673891
-344189.975054
-369481.852225
-375852.488755
-357825.669934
-364167.337449
-359502.19733
-361141.943991
-363842.928059
-356607.953559
-357117.698984
-354027.145571
-355518.734746
-351146.900955
-331914.157368
-346747.519183
-363823.333767
-353556.397373
-373210.072221
-359555.874341
-371057.232248
-345437.542513
-356750.42224
-361175.163625
-355406.53758
-359023.513094
-348825.699285
-363160.597398
-359396.855919
-362173.378781
-361273.678427
-370215.356722
-346375.80732
-349765.27789
-359598.808869
-355558.132388
-348452.071966
-358082.907507
-361255.378836
-366616.264364
-360607.161709
-344168.181082
-346693.925378
-361380.576174
-349767.560943
-356880.434962
-359755.484177
-360518.214702
-351576.622798
-337354.29137
-369934.850151
-345164.041266
-348918.740248
-359681.199442
-347344.274081
-354831.941734
-350741.24351
-364364.905453
-363891.089373
-364530.589888
-354007.271213
-372565.45726
-354001.649582
-353143.685766
-360305.353121
-356243.453204
-366684.67909
-363537.662814
-369397.942495
-332627.861702
-359255.92395
-348453.306444
-359462.04156
-356145.968032
-349218.21415
-354642.209826
-360554.058092
-348171.735579
-348257.266042
-364045.06671
-359413.440739
-355587.369415
-341734.55262
-361590.6196
-365822.8837
-339911.601408
-365377.35357
-369027.493272
-367485.597883
-351506.382857
-349334.72882
-351957.331218
-364932.37352
-362214.937125
-334392.367484
-357246.829908
-351215.829063
-349522.63082
-362368.724935
-365453.422612
-357254.729563
-353178.678097
-367246.034105
-352918.678755
-360723.2871
-353723.78195
-344486.901072
-362044.487412
-352861.38718
-357227.387299
-366111.906095
-352759.156904
-368134.773736
-354648.85802
-346551.921127
-350977.82818
-348166.349976
-348083.484207
-348075.814898
-360602.875384
-354780.072992
-364359.38911
-354757.581702
-364002.409925
-363370.214363
-349444.162905
-353625.564066
-358158.200432
-362834.770221
-355019.908267
-355054.130107
-364633.996889
-355943.872679
-359144.586121
-357633.168624
-349132.713823
-367014.419248
-342441.277068
-359257.237407
-362233.773736
-369637.463283
-364757.617185
-359678.037194
-362462.453201
-366641.158299
-349902.133966
-366411.06008
-367477.374584
-356581.171959
-327105.097732
-351934.896041
-347284.674055
-355085.829452
-357070.422596
-351634.518098
-341450.299388
-356103.962084
-356763.205374
-354497.625119
-351125.285617
-341263.913752
-363501.706053
-354872.23141
-349375.127983
-352788.769942
-357261.602101
-360359.49835
-351554.012129
-357559.272377
-344406.52458
-365078.771653
-363271.671669
-351548.999185
-357720.77267
-350544.226752
-357114.517119
-367673.30803
-339215.783069
-356697.846416
-360488.137085
-359522.530435
-361858.056577
-342287.137756
-361068.759032
-364987.691115
-371878.185455
-362431.341996
-362751.878507
-355270.757931
-347998.884549
-359507.626072
-368096.265591
-365280.091405
-363061.338903
-337453.04657
-359965.465614
-356264.43578
-363267.720861
-361270.500802
-369864.610632
-355333.039193
-354213.96241
-359571.516604
-375300.559127
-337460.957625
-362185.900444
-357079.892975
-357418.225668
-373239.07874
-354658.531664
-363594.07229
-349628.686902
-354462.887801
-363972.214153
-370229.182667
-353304.506472
-367297.785505
-353707.076536
-357736.114087
-360654.114962
-353174.799284
-361171.732498
-349659.01985
-355201.84064
-353988.420214
-364214.385126
-356439.478126
-344494.626354
-362815.006393
-356486.925213
-367248.57742
-363648.423949
-359038.010483
-361351.962341
-358229.422619
-362559.130411
-355596.729101
-359864.917083
-373762.31581
-357248.886126
-359413.033686
-357359.697105
-359851.217386
-354268.443146
-344802.463224
-346643.596804
-369665.465138
-348029.806659
-360489.60236
-350931.870208
-350503.110449
-356167.224305
-365561.505287
-338511.787653
-337097.967905
-367988.66723
-350839.574996
-350140.78087
-354443.633593
-361798.955379
-346388.611786
-368711.452183
-354130.851668
-360879.861078
-337575.925806
-351449.609349
-353226.35207
-355368.775045
-370784.071869
-348362.095473
-367117.618045
-343078.280523
-378563.000959
-350619.167818
-353928.395484
-350385.487136
-359675.34435
-363732.301441
-364770.253013
-359685.501639
-348823.408288
-372195.462756
-362707.39324
-371781.032725
-352019.077513
-356022.42222
-365651.519617
-355163.263942
-358472.968531
-346948.688114
-346302.415334
-360907.830197
-372528.737199
-362095.574289
-360427.61213
-341974.609234
-352058.747562
-370948.42914
-364967.366299
-367651.262955
-362903.200106
-359992.714545
-352571.248695
-358568.303818
-357889.033207
-343667.586634
-349004.979426
-357899.161096
-350134.277828
-353043.340113
-357346.371423
-341629.036877
-370452.839414
-348037.312621
-349504.273834
-368155.844042
-353185.250285
-350570.424529
-372900.420272
-346571.649522
-365418.48472
-361831.909921
-350595.608308
-345375.467213
-362260.001853
-350048.83156
-363776.948898
-361119.949021
-358556.724922
-368099.193118
-360127.337482
-350142.163391
-366046.891291
-341587.166422
-354184.497008
-346941.960139
-351444.803221
-347834.744038
-362797.659551
-363010.379809
-364822.062494
-358119.888497
-357968.14295
-357242.142481
-358548.168078
-362920.405806
-362130.442597
-354165.6166
-365634.106039
-367953.051128
-364190.779084
-345846.629514
-358278.384677
-358077.182163
-353155.191475
-361703.274408
-356128.449236
-365940.971347
-358504.200711
-368275.365209
-356731.43519
-346685.249068
-367298.530917
-360485.109798
-344694.348898
-351511.563214
-365575.441757
-358047.239164
-359535.487061
-348339.688283
-374188.032166
-365962.331509
-374588.007311
-358345.300703
-368261.82646
-367086.716923
-355232.772485
-352951.861303
-345528.299096
-353629.065564
-358255.109325
-351990.279589
-360126.11653
-347862.011299
-364310.817306
-350752.701675
-362123.623752
-377702.176319
-367500.546053
-345512.275406
-376814.623327
-357537.424842
-349129.901123
-367285.070474
-370629.430185
-357428.708755
-364816.367109
-337802.133642
-354384.800511
-376832.585479
-356659.417202
-373713.078927
-352557.797512
-364078.977476
-370280.683534
-339806.421941
-359198.523352
-360768.751898
-358493.125938
-360726.070385
-355786.481688
-357569.355304
-359224.498172
-362464.27113
-354467.091157
-365659.118042
-356457.390804
-335915.798812
-355099.763822
-366428.262674
-362141.77575
-371996.182274
-358565.115595
-362112.811324
-363105.846231
-354947.346576
-368167.410712
-365218.261624
-365412.190977
-352575.278332
-347855.042099
-358182.029916
-355462.144909
-360104.74537
-354874.341075
-361124.075726
-363474.841069
-349884.253773
-368587.23095
-349227.014272
-362710.05399
-364324.155977
-364520.534985
-352191.773148
-359847.911671
-356772.1096
-371956.322782
-372979.275279
-357029.474565
-363418.415927
-361301.232425
-349959.978809
-354998.895585
-356368.600463
-342782.968079
-341443.450964
-339479.974767
-349074.045975
-351497.060577
-353346.391586
-330729.458549
-355151.44243
-350756.71978
-356487.67164
-342217.294702
-356341.927565
-333171.663042
-348136.832131
-364987.678463
-365111.832951
-356026.2126
-352932.319779
-352319.815801
-365678.320268
-356213.700918
-349451.256781
-355121.898026
-342383.159033
-365192.189426
-363724.587412
-341750.239505
-346719.357277
-360713.430459
-377718.993596
-350778.949583
-366929.466147
-355974.662568
-347623.888778
-374031.493424
-340282.840139
-356680.716701
-352884.722923
-338305.110099
-357227.83595
-349898.551988
-353472.530805
-361537.031952
-361236.955274
-351321.128387
-377952.260956
-360112.563216
-351575.781971
-351773.005751
-352339.959317
-353391.306132
-345480.399838
-362336.785266
-352945.369948
-341188.008796
-364465.482817
-356348.236849
-357920.440372
-361339.789825
-364687.493178
-341245.051428
-375386.111895
-364812.106367
-353283.353178
-357645.915787
-359923.600308
-340391.35571
-358845.094263
-357049.285675
-365099.844742
-351993.511145
-360784.85044
-367345.838462
-352113.686398
-362540.67557
-351275.072653
-358911.287113
-348723.511852
-365165.240981
-360695.510964
-335884.478574
-353970.926247
-363937.36483
-355186.811508
-349147.298612
-363410.00793
-353316.418964
-355196.063235
-361536.291874
-350718.404635
-358877.062797
-356231.789321
-365978.55549
-352711.749394
-350100.533301
-372443.927838
-375365.695617
-359290.386681
-366972.356753
-351431.086318
-335758.229402
-353627.926909
-352741.2572
-352549.670946
-366641.662855
-369998.053011
-352142.158654
-343722.968324
-367525.261465
-355805.109242
-357560.251637
-358605.800392
-357872.751922
-354818.008943
-363409.372529
-347398.292083
-348876.775007
-354723.633264
-361937.290877
-356257.535554
-350648.590119
-362396.765919
-341099.60788
-355324.77153
-350836.370167
-368945.749213
-356145.670559
-357173.106302
-355360.434282
-364086.833168
-354411.158991
-358623.361792
-368611.340308
-356927.09241
-346231.141884
-361194.894393
-339372.178569
-365748.187156
-361213.341851
-359773.374269
-363403.311866
-345110.330186
-354458.699324
-344393.128329
-359918.218093
-355025.913188
-365521.058285
-366651.315394
-342983.28544
-357690.821964
-352965.130937
-361012.970566
-367710.488386
-362165.183321
-358385.739618
-370341.123232
-357196.960487
-346652.22156
-362939.15899
-351534.740104
-349457.699531
-355695.594091
-341194.651001
-352982.087479
-365744.275005
-360294.300593
-353372.114215
-362160.90496
-371980.017011
-345789.180607
-363550.210311
-356984.239899
-365075.159087
-361605.035648
-353717.983011
-366126.565682
-345662.942209
-356439.462449
-369884.940994
-354426.782071
-337927.829416
-346939.780019
-353693.817613
-362734.571453
-369627.664531
-363181.498724
-356875.674062
-352908.252921
-359936.427723
-359102.840007
-357520.234931
-343740.570748
-360460.488661
-349327.622445
-348157.712834
-349647.473846
-363280.366314
-346725.096401
-367073.383553
-369705.407088
-327980.583152
-349859.227192
-356558.233468
-359521.405002
-363930.404291
-366610.506967
-352659.346085
-347766.425376
-356937.55956
-366645.684805
-350812.861524
-344589.418884
-356441.188748
-352837.487538
-359842.625805
-356184.029163
-365917.937314
-361368.591342
-352195.473637
-359703.56703
-367848.307775
-355122.262121
-355549.503574
-354888.142783
-359463.378815
-355926.278759
-342405.736467
-348886.290509
-355286.370034
-364072.678661
-355872.66482
-360100.416522
-367384.381539
-335797.553862
-357359.093568
-356639.692373
-353029.525941
-372446.066715
-344975.681624
-341431.421479
-335160.993336
-332003.00063
-349328.98681
-360907.571054
-356679.272821
-343246.089612
-358765.80799
-355178.944526
-369807.10913
-350423.647025
-349991.713624
-352195.594886
-355799.066593
-364646.043174
-357425.274907
-358792.678902
-356784.732091
-334176.352759
-361409.602378
-354264.417039
-347015.442349
-338827.4041
-343782.760168
-343292.108783
-329506.850441
-353372.544483
-364058.218052
-359935.09242
-356926.892935
-349658.714973
-333179.713275
-354794.139293
-361979.765831
-367260.453606
-354973.38851
-362127.64253
-365753.074591
-366773.620709
-359189.022606
-347536.729936
-329879.041513
-335836.058808
-349974.2693
-352828.191327
-349505.59667
-359163.224964
-343581.065297
-370663.229699
-363006.160692
-349158.952787
-351588.137542
-351253.791217
-357192.348609
-353937.129758
-359743.809439
-367835.633676
-359040.78114
-348437.975714
-352484.435805
-368347.60299
-350540.551382
-359403.900917
-354001.769061
-363351.670652
-351593.317334
-363056.351157
-362519.616917
-358748.797022
-363711.358169
-353096.281183
-357156.9447
-341513.748095
-360471.25661
-358172.033546
-366054.302639
-367984.703363
-358747.102981
-350232.318943
-362387.106503
-346226.579675
-356607.286269
-343949.393139
-352182.214062
-362344.231547
-360558.324691
-364036.53768
-364229.233049
-364956.63898
-361042.253747
-356615.941087
-372626.263111
-350194.860676
-350052.033016
-361035.42075
-339513.710512
-357980.940087
-363177.387871
-351837.14681
-364653.157027
-355556.47902
-335986.150305
-355702.656851
-369806.957811
-353195.288732
-367842.083126
-347060.282358
-353759.392898
-371706.541351
-366544.117474
-358228.278718
-359385.164707
-369624.132647
-372280.993169
-361711.693096
-344097.480279
-365219.670508
-360228.692834
-377525.92609
-353910.737409
-339606.107507
-340936.531989
-352588.617137
-346662.740764
-350501.252591
-360491.869896
-364911.321128
-360522.958198
-352303.690825
-360487.354268
-371604.800599
-355486.465567
-347910.690594
-364015.866517
-368983.957143
-344854.456851
-346979.098577
-351568.523514
-350793.51658
-362743.983265
-361667.222294
-357825.235129
-347303.457265
-364691.274989
-348850.266831
-364294.362552
-357349.821942
-344779.466975
-362472.516919
-353645.587769
-365457.220917
-371835.292566
-354980.780651
-348851.289116
-335344.484531
-353133.54456
-354987.2368
-362589.096914
-343467.035852
-364313.818517
-369858.710895
-352722.660205
-342888.321519
-347809.689943
-353402.071756
-359434.272045
-345035.50199
-363999.784162
-370325.403036
-355524.501758
-352174.42542
-357921.662973
-357379.227415
-370248.792217
-357194.969293
-361450.951777
-345589.131093
-366825.018642
-350646.303145
-352958.99775
-366059.045603
-365822.554964
-358290.10686
-349171.615936
-360427.427395
-358027.471989
-360268.898352
-341759.293722
-362743.938696
-361406.268821
-351844.948288
-352392.105038
-353165.666052
-366139.1249
-363616.152845
-360473.360562
-360297.013893
-355238.654476
-359174.4473
-365768.226889
-348748.720586
-355316.557033
-367079.571364
-357524.582316
-358372.485486
-345872.593512
-357947.439832
-352623.027165
-351658.276184
-345803.513686
-364221.146963
-367395.514488
-349986.559244
-353013.047869
-349218.151704
-360600.405749
-362392.463837
-351206.063162
-351329.166253
-359811.255646
-360703.510572
-343348.907593
-365613.344418
-338274.555089
-343379.470685
-363369.069124
-346441.693448
-357386.864854
-364392.006426
-348684.780537
-358852.968301
-342891.337389
-355516.511061
-360721.893393
-351599.987689
-370539.838631
-347583.328541
-354434.749037
-355748.030295
-368115.80104
-349542.943816
-355959.50614
-357679.360038
-341649.401958
-345959.083068
-358386.373225
-367743.914584
-362417.072444
-358701.26911
-350587.952305
-353095.064007
-364764.910633
-348955.149913
-360949.281186
-357592.302087
-377183.649858
-366404.784382
-352190.701837
-360111.609122
-360416.224909
-358478.70177
-353502.731441
-353652.219634
-353252.785492
-348687.595434
-354407.084131
-348561.453939
-345979.753362
-348446.525028
-355652.814277
-361538.995175
-351418.223559
-363635.966326
-355690.471537
-358652.10515
-360123.412143
-353665.889849
-364800.471699
-359069.231896
-351680.572804
-359895.150461
-367317.922134
-354503.773648
-354783.450819
-360647.549443
-354370.95467
-361022.694496
-376974.734764
-348480.559649
-345676.332854
-368923.90938
-348703.004788
-351736.104692
-353939.602373
-358973.081337
-366239.905421
-358817.9955
-357792.596473
-347946.630111
-362791.855791
-366970.269104
-337304.590757
-352760.896071
-359648.582234
-360879.744097
-352974.345293
-352801.860631
-357780.079941
-347585.439977
-360174.529992
-360619.387294
-372260.456618
-339702.920044
-351770.344662
-355875.479438
-375377.811414
-363901.924715
-367001.964813
-358625.534662
-354261.118889
-366409.316687
-346163.195662
-344768.83225
-351113.313692
-358365.190942
-358920.811432
-362875.799315
-345532.609743
-350918.781937
-365833.684823
-361347.744957
-368031.383896
-352381.099992
-344297.436083
-322523.9562
-370168.837842
-366858.312936
-370176.266712
-367416.292291
-350807.530709
-361094.652444
-360134.894099
-360226.375694
-355141.162529
-347303.574085
-360357.768252
-352664.557546
-349238.592238
-344013.657816
-341460.074821
-363168.91769
-362359.582173
-362266.827635
-372184.898256
-368647.92871
-363029.649539
-369492.031457
-354076.869261
-352515.967256
-354585.2063
-342684.175607
-341703.710291
-358231.987144
-358064.964076
-369330.072349
-348221.038765
-358107.493523
-358166.912145
-359446.881326
-357502.949941
-358734.112819
-357873.46682
-342980.063006
-354596.14941
-343664.878129
-371795.512774
-355896.938556
-373961.987605
-346521.318006
-362196.864319
-349163.272676
-346070.530986
-349779.59702
-359098.160566
-345192.805438
-361865.280079
-370031.770657
-347029.322993
-365152.890754
-360595.392855
-367399.021469
-364633.221142
-351504.040664
-359019.374727
-373025.669137
-368870.935947
-357428.361711
-374110.357287
-340074.66055
-363701.968881
-359130.961743
-347110.243504
-360392.537424
-353656.194141
-355007.836923
