0.405681885922
0.324567644143
0.294849125752
0.294849125752
0.294849125752
0.294756734619
0.294756734619
0.294756734619
0.294756734619
0.294756734619
0.294756734619
0.294756734619
0.294756734619
0.294756734619
0.294756734619
0.289706934957
0.289706934957
0.289706934957
0.289706934957
0.289706934957
0.289706934957
0.289706934957
0.289706934957
0.286526383433
0.286526383433
0.286526383433
0.286526383433
0.286526383433
0.286526383433
0.286526383433
0.286526383433
0.286526383433
0.286526383433
0.286526383433
0.286526383433
0.286526383433
0.286526383433
0.286526383433
0.286526383433
0.286526383433
0.286526383433
0.286526383433
0.286526383433
0.286526383433
0.286526383433
0.286526383433
0.286526383433
0.286526383433
0.286526383433
0.286526383433
0.286526383433
0.286526383433
0.286526383433
0.286526383433
0.286526383433
0.286526383433
0.286526383433
0.286526383433
0.286526383433
0.286526383433
0.286526383433
0.286526383433
0.286526383433
0.286526383433
0.286526383433
0.286526383433
0.286526383433
0.286526383433
0.286526383433
0.286526383433
0.286526383433
0.286526383433
0.286526383433
0.286526383433
0.286526383433
0.286526383433
0.286526383433
0.286526383433
0.286526383433
0.286526383433
0.286526383433
0.286526383433
0.286526383433
0.286526383433
0.286526383433
0.28562105356
0.28562105356
0.28562105356
0.28562105356
0.28562105356
0.28562105356
0.28562105356
0.28562105356
0.28562105356
0.28562105356
0.28562105356
0.28562105356
0.28562105356
0.28562105356
0.28562105356
0.28562105356
0.28562105356
0.28562105356
0.28562105356
0.284841465848
0.284841465848
0.284841465848
0.284841465848
0.284841465848
0.284841465848
0.284841465848
0.284841465848
0.284841465848
0.284841465848
0.284841465848
0.284841465848
0.284841465848
0.284841465848
0.284841465848
0.284841465848
0.284841465848
0.284841465848
0.284841465848
0.284841465848
0.284841465848
0.284841465848
0.284841465848
0.284841465848
0.284841465848
0.284841465848
0.284841465848
0.284841465848
0.284841465848
0.284841465848
0.284841465848
0.284841465848
0.284841465848
0.284841465848
0.284841465848
0.284841465848
0.284841465848
0.284841465848
0.284841465848
0.284841465848
0.284841465848
0.284841465848
0.284841465848
0.284841465848
0.284144490163
0.284144490163
0.284144490163
0.284144490163
0.284144490163
0.284144490163
0.284144490163
0.284144490163
0.284144490163
0.284144490163
0.284144490163
0.284144490163
0.284144490163
0.284144490163
0.284144490163
0.284144490163
0.284144490163
0.284144490163
0.284144490163
0.284144490163
0.284144490163
0.284144490163
0.284144490163
0.284144490163
0.284144490163
0.284144490163
0.284144490163
0.284144490163
0.284144490163
0.284144490163
0.284144490163
0.284144490163
0.284144490163
0.284144490163
0.284144490163
0.284144490163
0.284144490163
0.284144490163
0.284144490163
0.284144490163
0.284144490163
0.284144490163
0.284144490163
0.284144490163
0.284144490163
0.284144490163
0.284144490163
0.284144490163
0.284144490163
0.284144490163
0.284144490163
0.284144490163
0.284144490163
0.284144490163
0.284144490163
0.284144490163
0.284144490163
0.284144490163
0.284144490163
0.284144490163
0.284144490163
0.284144490163
0.284144490163
0.284144490163
0.284144490163
0.284144490163
0.284144490163
0.284144490163
0.284144490163
0.284144490163
0.284144490163
0.284144490163
0.284144490163
0.284144490163
0.284144490163
0.284144490163
0.284144490163
0.284144490163
0.284144490163
0.284144490163
0.284144490163
0.284144490163
0.284144490163
0.284144490163
0.284144490163
0.284144490163
0.284144490163
0.284144490163
0.284144490163
0.284144490163
0.284144490163
0.284144490163
0.284144490163
0.284144490163
0.284144490163
0.284144490163
0.284144490163
0.284144490163
0.284144490163
0.284144490163
0.284144490163
0.284144490163
0.284144490163
0.284144490163
0.284144490163
0.284144490163
0.284144490163
0.284144490163
0.284144490163
0.284144490163
0.284144490163
0.284144490163
0.284144490163
0.284144490163
0.284144490163
0.284144490163
0.284144490163
0.284144490163
0.284144490163
0.284144490163
0.284144490163
0.284144490163
0.284144490163
0.284144490163
0.284144490163
0.284144490163
0.284144490163
0.284144490163
0.284144490163
0.284144490163
0.284144490163
0.284144490163
0.284144490163
0.284144490163
0.284144490163
0.284144490163
0.284144490163
0.284144490163
0.284144490163
0.284144490163
0.284144490163
0.284144490163
0.284144490163
0.284144490163
0.284144490163
0.284144490163
0.283897543328
0.283897543328
0.283897543328
0.283897543328
0.283897543328
0.283897543328
0.283897543328
0.283897543328
0.283897543328
0.283897543328
0.283897543328
0.283897543328
0.283897543328
0.283897543328
0.283897543328
0.283897543328
0.283897543328
0.283897543328
0.283897543328
0.283897543328
0.283897543328
0.283897543328
0.283897543328
0.283897543328
0.283897543328
0.283897543328
0.283897543328
0.283897543328
0.283897543328
0.283897543328
0.283897543328
0.283897543328
0.283897543328
0.283897543328
0.283897543328
0.283897543328
0.283897543328
0.283897543328
0.283897543328
0.283897543328
0.283897543328
0.283897543328
0.283897543328
0.283897543328
0.283897543328
0.283897543328
0.283897543328
0.283897543328
0.283897543328
0.283897543328
0.283897543328
0.283897543328
0.283897543328
0.283897543328
0.283897543328
0.283897543328
0.283897543328
0.283897543328
0.283897543328
0.283897543328
0.283897543328
0.283897543328
0.283897543328
0.283897543328
0.283897543328
0.283897543328
0.283897543328
0.283897543328
0.283897543328
0.283897543328
0.283897543328
0.283897543328
0.283897543328
0.283897543328
0.283897543328
0.283897543328
0.283897543328
0.283897543328
0.283897543328
0.283897543328
0.283897543328
0.283897543328
0.283897543328
0.283897543328
0.283897543328
0.283897543328
0.283897543328
0.283897543328
0.283897543328
0.283897543328
0.283897543328
0.283897543328
0.283897543328
0.283897543328
0.283897543328
0.283897543328
0.283897543328
0.283897543328
0.283897543328
0.283897543328
0.283897543328
0.283897543328
0.283897543328
0.283897543328
0.283897543328
0.283897543328
