0.400280853401
0.317202944581
0.302983300669
0.302983300669
0.302539063794
0.294430569517
0.287389927717
0.287389927717
0.287389927717
0.287389927717
0.287389927717
0.286140395027
0.286140395027
0.286140395027
0.286140395027
0.286140395027
0.286140395027
0.286140395027
0.286140395027
0.286140395027
0.286140395027
0.286140395027
0.286140395027
0.286140395027
0.286140395027
0.286140395027
0.286140395027
0.286140395027
0.286140395027
0.286140395027
0.286140395027
0.286140395027
0.286140395027
0.286140395027
0.286140395027
0.286140395027
0.286140395027
0.286140395027
0.286140395027
0.286140395027
0.283302990251
0.283302990251
0.283302990251
0.283302990251
0.283302990251
0.283302990251
0.283302990251
0.283302990251
0.283302990251
0.283302990251
0.283302990251
0.283302990251
0.283302990251
0.283302990251
0.283302990251
0.283302990251
0.283302990251
0.283302990251
0.283302990251
0.283302990251
0.283302990251
0.283302990251
0.283302990251
0.283302990251
0.283302990251
0.283302990251
0.283302990251
0.283302990251
0.283302990251
0.283302990251
0.283302990251
0.283302990251
0.283302990251
0.283302990251
0.283302990251
0.283302990251
0.283302990251
0.283302990251
0.283302990251
0.283302990251
0.283302990251
0.283302990251
0.283302990251
0.283302990251
0.283302990251
0.283302990251
0.283302990251
0.283302990251
0.283302990251
0.283302990251
0.283302990251
0.283302990251
0.283302990251
0.283302990251
0.283302990251
0.283302990251
0.283302990251
0.282388892428
0.282388892428
0.282388892428
0.282388892428
0.282388892428
0.282388892428
0.282388892428
0.282388892428
0.282388892428
0.282388892428
0.282388892428
0.282388892428
0.282388892428
0.282388892428
0.282388892428
0.282388892428
0.282388892428
0.282388892428
0.282388892428
0.282388892428
0.282388892428
0.282388892428
0.282388892428
0.282388892428
0.282388892428
0.282388892428
0.282388892428
0.282388892428
0.282388892428
0.282388892428
0.282388892428
0.282388892428
0.282388892428
0.282388892428
0.282388892428
0.282388892428
0.282388892428
0.282388892428
0.282388892428
0.282388892428
0.282388892428
0.282388892428
0.282388892428
0.282388892428
0.282388892428
0.282388892428
0.282388892428
0.282388892428
0.282388892428
0.282388892428
0.282388892428
0.282388892428
0.282388892428
0.282388892428
0.282388892428
0.282388892428
0.282388892428
0.282388892428
0.282388892428
0.282388892428
0.282388892428
0.282388892428
0.282388892428
0.282388892428
0.282388892428
0.282388892428
0.282388892428
0.282388892428
0.282388892428
0.282388892428
0.282388892428
0.282388892428
0.282388892428
0.282388892428
0.282388892428
0.282388892428
0.282388892428
0.282388892428
0.282388892428
0.282388892428
0.282388892428
0.282388892428
0.282388892428
0.282388892428
0.282388892428
0.282388892428
0.282388892428
0.282388892428
0.282388892428
0.282388892428
0.282388892428
0.282388892428
0.282388892428
0.282388892428
0.282388892428
0.282388892428
0.282388892428
0.282388892428
0.282388892428
0.282388892428
0.282388892428
0.282388892428
0.282388892428
0.282388892428
0.282388892428
0.282388892428
0.282388892428
0.282388892428
0.282388892428
0.282388892428
0.282388892428
0.282388892428
0.282388892428
0.280379349109
0.280379349109
0.280379349109
0.280379349109
0.280379349109
0.280379349109
0.280379349109
0.280379349109
0.280379349109
0.280379349109
0.280379349109
0.280379349109
0.280379349109
0.280379349109
0.280379349109
0.280379349109
0.280379349109
0.280379349109
0.280379349109
0.280379349109
0.280379349109
0.280379349109
0.280379349109
0.280379349109
0.280379349109
0.280379349109
0.280379349109
0.280379349109
0.280379349109
0.280379349109
0.280379349109
0.280379349109
0.280379349109
0.280379349109
0.280379349109
0.280379349109
0.280379349109
0.280379349109
0.280379349109
0.280379349109
0.280379349109
0.280379349109
0.280379349109
0.280379349109
0.280379349109
0.280379349109
0.280379349109
0.280379349109
0.280379349109
0.280379349109
0.280379349109
0.280379349109
0.280379349109
0.280379349109
0.280379349109
0.280379349109
0.280379349109
0.280379349109
0.280379349109
0.280379349109
0.280379349109
0.280379349109
0.280379349109
0.280379349109
0.280379349109
0.280379349109
0.280379349109
0.280379349109
0.280379349109
0.280379349109
0.280379349109
0.280379349109
0.280379349109
0.280379349109
0.280379349109
0.280379349109
0.280379349109
0.280379349109
0.280379349109
0.280379349109
0.280379349109
0.280379349109
0.280379349109
0.280379349109
0.280379349109
0.279600961835
0.279600961835
0.279600961835
0.279600961835
0.279600961835
0.279600961835
0.279600961835
0.279600961835
0.279600961835
0.279600961835
0.279600961835
0.279600961835
0.279600961835
0.279600961835
0.279600961835
0.279600961835
0.279600961835
0.279600961835
0.279600961835
0.279600961835
0.279600961835
0.279600961835
0.279600961835
0.279600961835
0.279600961835
0.279600961835
0.279600961835
0.279600961835
0.279600961835
0.279600961835
0.279600961835
0.279600961835
0.279600961835
0.279600961835
0.279600961835
0.279600961835
0.279600961835
0.279600961835
0.279600961835
0.279600961835
0.279600961835
0.279600961835
0.279600961835
0.279600961835
0.279600961835
0.279600961835
0.279600961835
0.279600961835
0.279600961835
0.279600961835
0.279600961835
0.279600961835
0.279600961835
0.279600961835
0.279600961835
0.279600961835
0.279600961835
0.279600961835
0.279600961835
0.279600961835
0.279600961835
0.279600961835
0.279600961835
0.279600961835
0.279600961835
0.279600961835
0.279600961835
0.279600961835
0.279600961835
0.279600961835
0.279600961835
0.279600961835
0.279600961835
0.279600961835
0.279600961835
0.279600961835
0.279600961835
0.279600961835
0.279600961835
0.279600961835
0.279600961835
0.279600961835
0.279600961835
0.279600961835
0.279600961835
0.279600961835
0.279600961835
0.279600961835
0.279600961835
0.279600961835
0.279600961835
0.279600961835
0.279600961835
0.279600961835
0.279600961835
0.279600961835
0.279600961835
0.279600961835
0.279600961835
0.279600961835
0.279600961835
0.279600961835
0.279600961835
0.279600961835
0.279600961835
