0.27756721092
0.241118939985
0.219116819615
0.208368090114
0.208368090114
0.208368090114
0.208368090114
0.208368090114
0.208368090114
0.208368090114
0.208368090114
0.202907856115
0.201800951342
0.201800951342
0.201015959589
0.19488884774
0.19488884774
0.19488884774
0.19488884774
0.19488884774
0.19488884774
0.194498345957
0.194498345957
0.194498345957
0.194498345957
0.194498345957
0.194498345957
0.194498345957
0.194498345957
0.194498345957
0.194498345957
0.194498345957
0.194498345957
0.194498345957
0.193027225965
0.193027225965
0.193027225965
0.193027225965
0.193027225965
0.193027225965
0.193027225965
0.193027225965
0.193027225965
0.193027225965
0.193027225965
0.193027225965
0.193027225965
0.193027225965
0.193027225965
0.193027225965
0.193027225965
0.193027225965
0.193027225965
0.193027225965
0.193027225965
0.193027225965
0.193027225965
0.193027225965
0.193027225965
0.193027225965
0.193027225965
0.193027225965
0.193027225965
0.193027225965
0.193027225965
0.193027225965
0.193027225965
0.193027225965
0.193027225965
0.193027225965
0.193027225965
0.193027225965
0.193027225965
0.193027225965
0.193027225965
0.193027225965
0.193027225965
0.193027225965
0.193027225965
0.193027225965
0.193027225965
0.193027225965
0.193027225965
0.193027225965
0.193027225965
0.193027225965
0.193027225965
0.193027225965
0.193027225965
0.193027225965
0.193027225965
0.193027225965
0.193027225965
0.193027225965
0.193027225965
0.193027225965
0.193027225965
0.192148970206
0.192148970206
0.192148970206
0.192148970206
0.192148970206
0.192148970206
0.192148970206
0.192148970206
0.192148970206
0.192148970206
0.192148970206
0.192148970206
0.192148970206
0.192148970206
0.192148970206
0.192148970206
0.192148970206
0.192148970206
0.192148970206
0.192148970206
0.192148970206
0.192148970206
0.192148970206
0.192148970206
0.192148970206
0.192148970206
0.192148970206
0.192148970206
0.192148970206
0.192148970206
0.192148970206
0.192148970206
0.192148970206
0.192148970206
0.192148970206
0.192148970206
0.192148970206
0.192148970206
0.192148970206
0.192148970206
0.192148970206
0.192148970206
0.192148970206
0.192148970206
0.192148970206
0.192148970206
0.192148970206
0.192148970206
0.192148970206
0.192148970206
0.192148970206
0.192148970206
0.192148970206
0.192148970206
0.192148970206
0.192148970206
0.192148970206
0.192148970206
0.192148970206
0.192148970206
0.192148970206
0.192148970206
0.192148970206
0.192148970206
0.192148970206
0.192148970206
0.192148970206
0.192148970206
0.192148970206
0.192148970206
0.192148970206
0.192148970206
0.192148970206
0.192148970206
0.192148970206
0.192148970206
0.192148970206
0.192148970206
0.192148970206
0.192148970206
0.192148970206
0.192148970206
0.192148970206
0.192148970206
0.192148970206
0.192148970206
0.192148970206
0.192148970206
0.192148970206
0.192148970206
0.192148970206
0.191506988699
0.191506988699
0.191506988699
0.191506988699
0.191506988699
0.191506988699
0.191506988699
0.191506988699
0.191506988699
0.191506988699
0.191506988699
0.191506988699
0.191506988699
0.191506988699
0.191506988699
0.191506988699
0.191506988699
0.191506988699
0.191506988699
0.191506988699
0.191506988699
0.191506988699
0.191506988699
0.191506988699
0.191506988699
0.191506988699
0.191506988699
0.19107175264
0.19107175264
0.19107175264
0.19107175264
0.19107175264
0.19107175264
0.19107175264
0.19107175264
0.19107175264
0.19107175264
0.19107175264
0.19107175264
0.19107175264
0.19107175264
0.19107175264
0.19107175264
0.19107175264
0.190974260657
0.190974260657
0.190974260657
0.190974260657
0.190974260657
0.190974260657
0.190974260657
0.190974260657
0.190974260657
0.190974260657
0.190974260657
0.190974260657
0.190974260657
0.190974260657
0.190974260657
0.190974260657
0.190974260657
0.190974260657
0.190974260657
0.190974260657
0.190974260657
0.190974260657
0.190974260657
0.190974260657
0.190974260657
0.190974260657
0.190974260657
0.190974260657
0.190974260657
0.190974260657
0.190974260657
0.190974260657
0.190974260657
0.190974260657
0.190974260657
0.190974260657
0.190974260657
0.190974260657
0.190974260657
0.190974260657
0.190974260657
0.190974260657
0.190974260657
0.190974260657
0.190974260657
0.190974260657
0.190974260657
0.190974260657
0.190974260657
0.190974260657
0.190974260657
0.190974260657
0.190974260657
0.190974260657
0.190974260657
0.190974260657
0.190974260657
0.190974260657
0.190974260657
0.190974260657
0.190974260657
0.188512776414
0.188512776414
0.188512776414
0.188512776414
0.188512776414
0.188512776414
0.188512776414
