0.419188049197
0.321168839224
0.311395765593
0.309937899236
0.299251393909
0.295460136299
0.295460136299
0.295460136299
0.292317994142
0.292317994142
0.292317994142
0.292317994142
0.292317994142
0.292317994142
0.292317994142
0.292317994142
0.292317994142
0.292317994142
0.292317994142
0.292317994142
0.292317994142
0.292317994142
0.292317994142
0.292317994142
0.292317994142
0.292317994142
0.292317994142
0.292317994142
0.292317994142
0.292317994142
0.292317994142
0.292317994142
0.292317994142
0.292317994142
0.292317994142
0.292317994142
0.292317994142
0.292317994142
0.292317994142
0.292317994142
0.291185909103
0.291185909103
0.291185909103
0.291185909103
0.291185909103
0.291185909103
0.291185909103
0.291185909103
0.291185909103
0.291185909103
0.291185909103
0.291185909103
0.291185909103
0.291185909103
0.289453676074
0.289453676074
0.289453676074
0.289453676074
0.289453676074
0.289453676074
0.289453676074
0.289453676074
0.289453676074
0.289453676074
0.289453676074
0.289453676074
0.289453676074
0.289453676074
0.289453676074
0.289453676074
0.289453676074
0.289453676074
0.289453676074
0.289453676074
0.289453676074
0.289453676074
0.289453676074
0.289453676074
0.28868049284
0.28868049284
0.28868049284
0.28868049284
0.28868049284
0.28868049284
0.28868049284
0.28868049284
0.28868049284
0.28868049284
0.28868049284
0.28868049284
0.28868049284
0.28868049284
0.28868049284
0.28868049284
0.28868049284
0.28868049284
0.28868049284
0.28868049284
0.28868049284
0.28868049284
0.28868049284
0.28868049284
0.28868049284
0.28868049284
0.28868049284
0.28868049284
0.28868049284
0.28868049284
0.28868049284
0.28868049284
0.28868049284
0.28868049284
0.28868049284
0.28868049284
0.28868049284
0.28868049284
0.28868049284
0.28868049284
0.28868049284
0.28868049284
0.28868049284
0.28868049284
0.28868049284
0.28868049284
0.28868049284
0.28868049284
0.28868049284
0.28868049284
0.28868049284
0.28868049284
0.28868049284
0.28868049284
0.28868049284
0.28868049284
0.28868049284
0.28868049284
0.28868049284
0.28868049284
0.28868049284
0.28868049284
0.28868049284
0.28868049284
0.28868049284
0.28868049284
0.28868049284
0.28868049284
0.28868049284
0.28868049284
0.28868049284
0.28868049284
0.28868049284
0.28868049284
0.28868049284
0.28868049284
0.28868049284
0.28868049284
0.28868049284
0.28868049284
0.28868049284
0.28868049284
0.28868049284
0.285160287597
0.285160287597
0.285160287597
0.285160287597
0.285160287597
0.285160287597
0.285160287597
0.285160287597
0.285160287597
0.285160287597
0.285160287597
0.285160287597
0.285160287597
0.285160287597
0.285160287597
0.285160287597
0.285160287597
0.285160287597
0.285160287597
0.285160287597
0.285160287597
0.285160287597
0.285160287597
0.285160287597
0.285160287597
0.285160287597
0.285160287597
0.285160287597
0.285160287597
0.285160287597
0.285160287597
0.285160287597
0.285160287597
0.285160287597
0.285160287597
0.285160287597
0.285160287597
0.285160287597
0.285160287597
0.285160287597
0.285160287597
0.285160287597
0.285160287597
0.285160287597
0.285160287597
0.285160287597
0.285160287597
0.285160287597
0.285160287597
0.285160287597
0.285160287597
0.285160287597
0.285160287597
0.285160287597
0.285160287597
0.285160287597
0.285160287597
0.285160287597
0.285160287597
0.285160287597
0.285160287597
0.285160287597
0.285160287597
0.285160287597
0.285160287597
0.285160287597
0.285160287597
0.285160287597
0.285160287597
0.285160287597
0.285160287597
0.285160287597
0.285160287597
0.285160287597
0.285160287597
0.285160287597
0.285160287597
0.285160287597
0.285160287597
0.285160287597
0.285160287597
0.285160287597
0.285160287597
0.285160287597
0.285160287597
0.285160287597
0.285160287597
0.285160287597
0.285160287597
0.285160287597
0.285160287597
0.285160287597
0.285160287597
0.285160287597
0.285160287597
0.285160287597
0.285160287597
0.285160287597
0.285160287597
0.285160287597
0.285160287597
0.285160287597
0.285160287597
0.285160287597
0.285160287597
0.285160287597
0.285160287597
0.285160287597
0.285160287597
0.285160287597
0.285160287597
0.285160287597
0.285160287597
0.285160287597
0.285160287597
0.285160287597
0.285160287597
0.285160287597
0.285160287597
0.285160287597
0.285160287597
0.285160287597
0.285160287597
0.285160287597
0.285160287597
0.285160287597
0.285160287597
0.285160287597
0.285160287597
0.285160287597
0.285160287597
0.285160287597
0.285160287597
0.285160287597
0.285160287597
0.285160287597
0.285160287597
0.285160287597
0.285160287597
0.285160287597
0.285160287597
0.285160287597
0.285160287597
0.285160287597
0.285160287597
0.285160287597
0.285160287597
0.285160287597
0.285160287597
0.285160287597
0.285160287597
0.285160287597
0.285160287597
0.285160287597
0.285160287597
0.285160287597
0.285160287597
0.285160287597
0.285160287597
0.285160287597
0.285160287597
0.285160287597
0.285160287597
0.285160287597
0.285160287597
0.285160287597
0.285160287597
0.285160287597
0.285160287597
0.285160287597
0.285160287597
0.285160287597
0.285160287597
0.285160287597
0.285160287597
0.285160287597
0.285160287597
0.285160287597
0.285160287597
0.285160287597
0.285160287597
0.285160287597
0.285160287597
0.285160287597
0.285160287597
0.285160287597
0.285160287597
0.285160287597
0.285160287597
0.285160287597
0.285160287597
0.285160287597
0.285160287597
0.285160287597
0.285160287597
0.285160287597
0.285160287597
0.285160287597
0.285160287597
0.285160287597
0.285160287597
0.285160287597
0.285160287597
0.285160287597
0.285160287597
0.285160287597
0.285160287597
0.285160287597
0.285160287597
0.285160287597
0.285160287597
0.285160287597
0.285160287597
0.285160287597
0.285160287597
0.285160287597
0.285160287597
0.285160287597
0.285160287597
0.285160287597
0.285160287597
0.285160287597
0.285160287597
0.285160287597
0.285160287597
0.285160287597
0.285160287597
0.285160287597
0.285160287597
0.285160287597
0.285160287597
0.285160287597
0.285160287597
0.285160287597
0.285160287597
0.285160287597
0.285160287597
0.285160287597
0.285160287597
