0.424872426552
0.342320462121
0.311265471874
0.30761932844
0.30761932844
0.299604350418
0.299604350418
0.289800843774
0.289800843774
0.289800843774
0.289800843774
0.289800843774
0.289800843774
0.289800843774
0.289800843774
0.289800843774
0.289800843774
0.289800843774
0.289800843774
0.289800843774
0.289800843774
0.289800843774
0.289800843774
0.289800843774
0.289800843774
0.289800843774
0.289800843774
0.289800843774
0.289800843774
0.289800843774
0.289800843774
0.289800843774
0.289800843774
0.289800843774
0.289800843774
0.289800843774
0.289800843774
0.288849485846
0.288849485846
0.288849485846
0.284210894188
0.284210894188
0.283956584629
0.283956584629
0.283956584629
0.283956584629
0.283956584629
0.283956584629
0.283956584629
0.283956584629
0.283956584629
0.283956584629
0.283956584629
0.283956584629
0.283956584629
0.283956584629
0.283956584629
0.283956584629
0.283956584629
0.283956584629
0.283956584629
0.283956584629
0.283956584629
0.283956584629
0.283956584629
0.283956584629
0.283956584629
0.283956584629
0.283956584629
0.283956584629
0.283956584629
0.283956584629
0.283956584629
0.283956584629
0.283956584629
0.283956584629
0.283956584629
0.283956584629
0.283956584629
0.283956584629
0.283956584629
0.283956584629
0.283956584629
0.283956584629
0.283956584629
0.283956584629
0.283956584629
0.283956584629
0.283956584629
0.283956584629
0.283956584629
0.283956584629
0.283956584629
0.283956584629
0.283956584629
0.283956584629
0.283956584629
0.283956584629
0.283956584629
0.283956584629
0.283956584629
0.283956584629
0.283956584629
0.283956584629
0.283956584629
0.283956584629
0.283956584629
0.283956584629
0.283956584629
0.283956584629
0.283956584629
0.283956584629
0.283956584629
0.283956584629
0.283956584629
0.283956584629
0.283956584629
0.283956584629
0.283956584629
0.283956584629
0.283956584629
0.283956584629
0.283956584629
0.283956584629
0.283956584629
0.283956584629
0.283956584629
0.283956584629
0.283956584629
0.283956584629
0.283956584629
0.283956584629
0.283956584629
0.283956584629
0.283956584629
0.283956584629
0.283956584629
0.283956584629
0.283956584629
0.280337518781
0.280337518781
0.280337518781
0.280337518781
0.280337518781
0.280337518781
0.280337518781
0.280337518781
0.280337518781
0.280337518781
0.280337518781
0.280337518781
0.280337518781
0.280337518781
0.280337518781
0.280337518781
0.280337518781
0.280337518781
0.280337518781
0.280337518781
0.280337518781
0.280337518781
0.280337518781
0.280337518781
0.280337518781
0.280337518781
0.280337518781
0.280337518781
0.280337518781
0.280337518781
0.280337518781
0.280337518781
0.280337518781
0.280337518781
0.280337518781
0.280337518781
0.280337518781
0.280337518781
0.280337518781
0.280337518781
0.280337518781
0.280337518781
0.280337518781
0.280337518781
0.280337518781
0.280337518781
0.280337518781
0.280337518781
0.280337518781
0.280337518781
0.280337518781
0.280337518781
0.280337518781
0.280337518781
0.280337518781
0.280337518781
0.280337518781
0.280337518781
0.280337518781
0.280337518781
0.280337518781
0.280337518781
0.280337518781
0.280337518781
0.280337518781
0.280337518781
0.280337518781
0.280337518781
0.280337518781
0.280337518781
0.280337518781
0.280337518781
0.280337518781
0.280337518781
0.280337518781
0.280337518781
0.280337518781
0.280337518781
0.280337518781
0.280337518781
0.280337518781
0.280337518781
0.280337518781
0.280337518781
0.280337518781
0.280337518781
0.280337518781
0.280337518781
0.280337518781
0.280337518781
0.280337518781
0.280337518781
0.280337518781
0.280337518781
0.280337518781
0.280337518781
0.280337518781
0.280337518781
0.280337518781
0.280337518781
0.280337518781
0.280337518781
0.280337518781
0.280337518781
0.280337518781
0.280337518781
0.280337518781
0.280337518781
0.280337518781
0.280337518781
0.280337518781
0.280337518781
0.280337518781
0.280337518781
0.280337518781
0.280337518781
0.280337518781
0.280337518781
0.280337518781
0.280337518781
0.280337518781
0.280337518781
0.280337518781
0.280337518781
0.280337518781
0.280337518781
0.280337518781
0.280337518781
0.280337518781
0.280337518781
0.280337518781
0.280337518781
0.280337518781
0.280337518781
0.280337518781
0.280337518781
0.280337518781
0.280337518781
0.280337518781
0.280337518781
0.280337518781
0.280337518781
0.280337518781
0.280337518781
0.280337518781
0.280337518781
0.280337518781
0.280337518781
0.280337518781
0.280337518781
0.280337518781
0.280337518781
0.280337518781
0.280337518781
0.280337518781
0.280337518781
0.280337518781
0.280337518781
0.280337518781
0.280337518781
0.280337518781
0.280337518781
0.280337518781
0.280337518781
0.280337518781
0.280337518781
0.280337518781
0.280337518781
0.280337518781
0.280337518781
0.280337518781
0.280337518781
0.280337518781
0.280337518781
0.280337518781
0.280337518781
0.280337518781
0.280337518781
0.280337518781
0.280337518781
0.280337518781
0.280337518781
0.280337518781
0.280337518781
0.280337518781
0.280337518781
0.280337518781
0.280337518781
0.280337518781
0.280337518781
0.280337518781
0.280337518781
0.280337518781
0.280337518781
0.280337518781
0.280337518781
0.280337518781
0.280337518781
0.280337518781
0.280337518781
0.280337518781
0.280337518781
0.280337518781
0.280337518781
0.280337518781
0.280337518781
0.280337518781
0.280337518781
0.280337518781
0.280337518781
0.280337518781
0.280337518781
0.280337518781
0.280337518781
0.280337518781
0.280337518781
0.280337518781
0.280337518781
0.280337518781
0.280337518781
0.280337518781
0.280337518781
0.280337518781
0.280337518781
0.280337518781
0.280337518781
0.280337518781
0.280337518781
0.280337518781
0.280337518781
0.280337518781
0.280337518781
0.280337518781
0.280337518781
0.280337518781
0.280337518781
0.280337518781
0.280337518781
0.280337518781
0.280337518781
0.280337518781
0.280337518781
0.280337518781
0.280337518781
0.280337518781
0.280337518781
0.280337518781
0.280337518781
0.280337518781
0.280337518781
0.280337518781
0.280337518781
0.280337518781
0.280337518781
0.280337518781
0.280337518781
0.280337518781
0.280337518781
0.280337518781
0.280337518781
0.280337518781
