0.306655930654
0.228953921828
0.211744091307
0.210657652354
0.210657652354
0.208575609525
0.197702993029
0.197702993029
0.197702993029
0.197702993029
0.197702993029
0.197702993029
0.197702993029
0.197702993029
0.197702993029
0.197702993029
0.194920795766
0.194920795766
0.194920795766
0.194920795766
0.194920795766
0.194920795766
0.194920795766
0.194920795766
0.194201153931
0.194201153931
0.194201153931
0.194201153931
0.194201153931
0.194201153931
0.194201153931
0.194201153931
0.194201153931
0.194201153931
0.194201153931
0.194201153931
0.194201153931
0.194201153931
0.182301445954
0.182301445954
0.182301445954
0.182301445954
0.182301445954
0.182301445954
0.182301445954
0.182301445954
0.182301445954
0.182301445954
0.182301445954
0.182301445954
0.182301445954
0.182301445954
0.182301445954
0.182301445954
0.182301445954
0.182301445954
0.182301445954
0.182301445954
0.182301445954
0.182301445954
0.182301445954
0.182301445954
0.182301445954
0.182301445954
0.182301445954
0.182301445954
0.182301445954
0.182301445954
0.182301445954
0.182301445954
0.182301445954
0.182301445954
0.182301445954
0.182301445954
0.182301445954
0.182301445954
0.182301445954
0.182301445954
0.182301445954
0.182301445954
0.182301445954
0.182301445954
0.182301445954
0.182301445954
0.182301445954
0.182301445954
0.182301445954
0.182301445954
0.182301445954
0.182301445954
0.182301445954
0.182301445954
0.182301445954
0.182301445954
0.182301445954
0.182301445954
0.182301445954
0.182301445954
0.182301445954
0.182301445954
0.182301445954
0.182301445954
0.182301445954
0.182301445954
0.182301445954
0.182301445954
0.182301445954
0.182301445954
0.182301445954
0.182301445954
0.182301445954
0.182301445954
0.182301445954
0.182301445954
0.182301445954
0.182301445954
0.182301445954
0.182301445954
0.182301445954
0.182301445954
0.182301445954
0.182301445954
0.182301445954
0.182301445954
0.182301445954
0.182301445954
0.182301445954
0.182301445954
0.182301445954
0.182301445954
0.182301445954
0.182301445954
0.182301445954
0.182301445954
0.182301445954
0.182301445954
0.182301445954
0.182301445954
0.182301445954
0.182301445954
0.182301445954
0.182301445954
0.182301445954
0.182301445954
0.182301445954
0.182301445954
0.182301445954
0.182301445954
0.182301445954
0.182301445954
0.182301445954
0.182301445954
0.182301445954
0.182301445954
0.182301445954
0.182301445954
0.182301445954
0.182301445954
0.182301445954
0.182301445954
0.182301445954
0.182301445954
0.182301445954
0.182301445954
0.182301445954
0.182301445954
0.182301445954
0.182301445954
0.182301445954
0.182301445954
0.182301445954
0.182301445954
0.182301445954
0.182301445954
0.182301445954
0.182301445954
0.182301445954
0.182301445954
0.182301445954
0.182301445954
0.182301445954
0.182301445954
0.182301445954
0.182301445954
0.182301445954
0.182301445954
0.182301445954
0.182301445954
0.182301445954
0.182301445954
0.182301445954
0.182301445954
0.182301445954
0.182301445954
0.182301445954
0.182301445954
0.182301445954
0.182301445954
0.182301445954
0.182301445954
0.182301445954
0.182301445954
0.182301445954
0.182301445954
0.182301445954
0.182301445954
0.182301445954
0.182301445954
0.182301445954
0.182301445954
0.182301445954
0.182301445954
0.182301445954
0.182301445954
0.182301445954
0.182301445954
0.182301445954
0.182301445954
0.182301445954
0.182301445954
0.182301445954
0.182301445954
0.182301445954
0.182301445954
0.182301445954
0.182301445954
0.182301445954
0.182301445954
0.182301445954
0.182301445954
0.182301445954
0.182301445954
0.182301445954
0.182301445954
0.182301445954
0.182301445954
0.182301445954
0.182301445954
0.182301445954
0.182301445954
0.182301445954
0.182301445954
0.182301445954
0.182301445954
0.182301445954
0.182301445954
0.182301445954
0.182301445954
0.182301445954
0.182301445954
0.182301445954
0.182301445954
0.182301445954
0.182301445954
0.182301445954
0.182301445954
0.182301445954
0.182301445954
0.182301445954
0.182301445954
0.182301445954
0.182301445954
0.182301445954
0.182301445954
0.182301445954
0.182301445954
0.182301445954
0.182301445954
0.182301445954
0.182301445954
0.182301445954
0.182301445954
0.182301445954
0.182301445954
0.182301445954
0.182301445954
0.182301445954
0.182301445954
0.182301445954
0.182301445954
0.182301445954
0.182301445954
0.182301445954
0.182301445954
0.182301445954
0.182301445954
0.182301445954
0.182301445954
0.182301445954
0.182301445954
0.182301445954
0.182301445954
0.182301445954
0.17862522146
0.17862522146
0.17862522146
0.17862522146
0.17862522146
0.17862522146
0.177314753437
0.287081693334
0.246991594728
0.216498873288
