0.302205521672
0.239945100932
0.223144896821
0.223144896821
0.200289978758
0.200289978758
0.200289978758
0.19881834535
0.198076068903
0.198076068903
0.198076068903
0.198076068903
0.198076068903
0.198076068903
0.198076068903
0.198076068903
0.198076068903
0.198076068903
0.187227196443
0.187227196443
0.187227196443
0.187227196443
0.187227196443
0.187227196443
0.187227196443
0.187227196443
0.187227196443
0.187227196443
0.187227196443
0.187227196443
0.187227196443
0.187227196443
0.187227196443
0.187227196443
0.187227196443
0.187227196443
0.187227196443
0.187227196443
0.187227196443
0.187227196443
0.187227196443
0.187227196443
0.187227196443
0.187227196443
0.187227196443
0.187227196443
0.187227196443
0.187227196443
0.187227196443
0.187227196443
0.187227196443
0.187227196443
0.187227196443
0.187227196443
0.187227196443
0.187227196443
0.187227196443
0.187227196443
0.187227196443
0.187227196443
0.187227196443
0.187227196443
0.187227196443
0.187227196443
0.187227196443
0.187227196443
0.187227196443
0.187227196443
0.187227196443
0.187227196443
0.187227196443
0.187227196443
0.187227196443
0.187227196443
0.187227196443
0.187227196443
0.187227196443
0.187227196443
0.187227196443
0.187227196443
0.187227196443
0.187227196443
0.187227196443
0.187227196443
0.187227196443
0.187227196443
0.187227196443
0.187227196443
0.187227196443
0.187227196443
0.187227196443
0.187227196443
0.187227196443
0.187227196443
0.187227196443
0.187227196443
0.187227196443
0.187227196443
0.187227196443
0.187227196443
0.187227196443
0.187227196443
0.187227196443
0.187227196443
0.187227196443
0.187227196443
0.187227196443
0.187227196443
0.187227196443
0.187227196443
0.187227196443
0.187227196443
0.187227196443
0.187227196443
0.187227196443
0.187227196443
0.187227196443
0.187227196443
0.187227196443
0.187227196443
0.187227196443
0.187227196443
0.187227196443
0.187227196443
0.187227196443
0.187227196443
0.187227196443
0.187227196443
0.187227196443
0.187227196443
0.187227196443
0.187227196443
0.187227196443
0.187227196443
0.187227196443
0.187227196443
0.187227196443
0.187227196443
0.187227196443
0.187227196443
0.187227196443
0.187227196443
0.187227196443
0.187227196443
0.187227196443
0.187227196443
0.187227196443
0.187227196443
0.187227196443
0.187227196443
0.187227196443
0.187227196443
0.187227196443
0.187227196443
0.187227196443
0.187227196443
0.187227196443
0.187227196443
0.187227196443
0.187227196443
0.187227196443
0.187227196443
0.187227196443
0.187227196443
0.187227196443
0.187227196443
0.187227196443
0.187227196443
0.187227196443
0.187227196443
0.187227196443
0.187227196443
0.187227196443
0.187227196443
0.187227196443
0.187227196443
0.187227196443
0.187227196443
0.187227196443
0.187227196443
0.187227196443
0.187227196443
0.187227196443
0.187227196443
0.187227196443
0.187227196443
0.187227196443
0.187227196443
0.187227196443
0.187227196443
0.187227196443
0.187227196443
0.187227196443
0.187227196443
0.187227196443
0.187227196443
0.187227196443
0.187227196443
0.187227196443
0.187227196443
0.187227196443
0.187227196443
0.187227196443
0.187227196443
0.187227196443
0.187227196443
0.187227196443
0.187227196443
0.187227196443
0.187227196443
0.187227196443
0.187227196443
0.187227196443
0.187227196443
0.187227196443
0.187227196443
0.187227196443
0.187227196443
0.187227196443
0.187227196443
0.187227196443
0.187227196443
0.187227196443
0.187227196443
0.187227196443
0.187227196443
0.187227196443
0.187227196443
0.187227196443
0.187227196443
0.187227196443
0.187227196443
0.187227196443
0.187227196443
0.187227196443
0.187227196443
0.187227196443
0.187227196443
0.187227196443
0.187227196443
0.187227196443
0.187227196443
0.187227196443
0.187227196443
0.187227196443
0.187227196443
0.187227196443
0.187227196443
0.187227196443
0.187227196443
0.187227196443
0.187227196443
0.187227196443
0.187227196443
0.187227196443
0.187227196443
0.187227196443
0.187227196443
0.187227196443
0.187227196443
0.187227196443
0.187227196443
0.187227196443
0.187227196443
0.187227196443
0.187227196443
0.187227196443
0.187227196443
0.187227196443
0.187227196443
0.187227196443
0.187227196443
0.187227196443
0.187227196443
0.187227196443
0.187227196443
0.187227196443
0.187227196443
0.187227196443
0.187227196443
0.187227196443
0.187227196443
0.187227196443
0.187227196443
0.187227196443
0.187227196443
0.187227196443
0.187227196443
0.187227196443
0.187227196443
0.187227196443
0.187227196443
0.187227196443
0.187227196443
0.187227196443
0.187227196443
0.187227196443
0.187227196443
0.187227196443
0.187227196443
