0.425107135121
0.326454129345
0.306686942503
0.298871939386
0.298871939386
0.29739888519
0.29739888519
0.29739888519
0.296073850409
0.296073850409
0.296073850409
0.296073850409
0.292378626695
0.287243470863
0.287243470863
0.287243470863
0.287243470863
0.287243470863
0.287243470863
0.287243470863
0.287243470863
0.287243470863
0.287243470863
0.285383147126
0.285383147126
0.285383147126
0.285383147126
0.285383147126
0.285383147126
0.285383147126
0.285383147126
0.285383147126
0.285383147126
0.285383147126
0.285383147126
0.285383147126
0.285383147126
0.285383147126
0.285383147126
0.285383147126
0.285383147126
0.285383147126
0.285383147126
0.285383147126
0.285383147126
0.285383147126
0.285383147126
0.285383147126
0.285383147126
0.285383147126
0.285383147126
0.285383147126
0.285383147126
0.285383147126
0.285383147126
0.285383147126
0.285383147126
0.285383147126
0.285383147126
0.285383147126
0.285383147126
0.285383147126
0.285383147126
0.285383147126
0.285383147126
0.285383147126
0.285383147126
0.285383147126
0.285383147126
0.285383147126
0.285383147126
0.285383147126
0.285383147126
0.285383147126
0.285383147126
0.285383147126
0.285383147126
0.285383147126
0.280069446774
0.280069446774
0.280069446774
0.280069446774
0.280069446774
0.280069446774
0.280069446774
0.280069446774
0.280069446774
0.280069446774
0.280069446774
0.280069446774
0.280069446774
0.280069446774
0.280069446774
0.280069446774
0.280069446774
0.280069446774
0.280069446774
0.280069446774
0.280069446774
0.280069446774
0.280069446774
0.280069446774
0.280069446774
0.280069446774
0.280069446774
0.280069446774
0.280069446774
0.280069446774
0.280069446774
0.280069446774
0.280069446774
0.280069446774
0.280069446774
0.280069446774
0.280069446774
0.280069446774
0.280069446774
0.280069446774
0.280069446774
0.280069446774
0.280069446774
0.280069446774
0.280069446774
0.280069446774
0.280069446774
0.280069446774
0.280069446774
0.280069446774
0.280069446774
0.280069446774
0.280069446774
0.280069446774
0.280069446774
0.280069446774
0.280069446774
0.280069446774
0.280069446774
0.280069446774
0.280069446774
0.280069446774
0.280069446774
0.280069446774
0.280069446774
0.280069446774
0.280069446774
0.280069446774
0.280069446774
0.280069446774
0.280069446774
0.280069446774
0.280069446774
0.280069446774
0.280069446774
0.280069446774
0.280069446774
0.280069446774
0.280069446774
0.280069446774
0.280069446774
0.280069446774
0.280069446774
0.280069446774
0.280069446774
0.280069446774
0.280069446774
0.280069446774
0.280069446774
0.280069446774
0.280069446774
0.280069446774
0.280069446774
0.280069446774
0.280069446774
0.280069446774
0.280069446774
0.280069446774
0.280069446774
0.280069446774
0.280069446774
0.280069446774
0.280069446774
0.280069446774
0.280069446774
0.280069446774
0.280069446774
0.280069446774
0.280069446774
0.280069446774
0.280069446774
0.280069446774
0.280069446774
0.280069446774
0.280069446774
0.280069446774
0.280069446774
0.280069446774
0.280069446774
0.280069446774
0.280069446774
0.280069446774
0.280069446774
0.280069446774
0.280069446774
0.280069446774
0.280069446774
0.280069446774
0.280069446774
0.280069446774
0.280069446774
0.280069446774
0.280069446774
0.280069446774
0.280069446774
0.280069446774
0.280069446774
0.280069446774
0.280069446774
0.280069446774
0.280069446774
0.280069446774
0.280069446774
0.280069446774
0.280069446774
0.280069446774
0.280069446774
0.280069446774
0.280069446774
0.280069446774
0.280069446774
0.280069446774
0.280069446774
0.280069446774
0.280069446774
0.280069446774
0.280069446774
0.280069446774
0.280069446774
0.280069446774
0.280069446774
0.280069446774
0.280069446774
0.280069446774
0.280069446774
0.280069446774
0.280069446774
0.280069446774
0.280069446774
0.280069446774
0.280069446774
0.280069446774
0.280069446774
0.280069446774
0.280069446774
0.280069446774
0.280069446774
0.280069446774
0.280069446774
0.280069446774
0.280069446774
0.280069446774
0.280069446774
0.280069446774
0.280069446774
0.280069446774
0.280069446774
0.280069446774
0.280069446774
0.280069446774
0.280069446774
0.280069446774
0.280069446774
0.280069446774
0.280069446774
0.280069446774
0.280069446774
0.280069446774
0.280069446774
0.280069446774
0.280069446774
0.280069446774
0.280069446774
0.280069446774
0.280069446774
0.280069446774
0.280069446774
0.280069446774
0.280069446774
0.280069446774
0.280069446774
0.280069446774
0.280069446774
0.280069446774
0.280069446774
0.280069446774
0.280069446774
0.280069446774
0.280069446774
0.280069446774
0.280069446774
0.280069446774
0.280069446774
0.280069446774
0.280069446774
0.280069446774
0.280069446774
0.280069446774
0.280069446774
0.280069446774
0.280069446774
0.280069446774
0.280069446774
0.280069446774
0.280069446774
0.280069446774
0.280069446774
0.280069446774
0.280069446774
0.280069446774
0.280069446774
0.280069446774
0.280069446774
0.280069446774
0.280069446774
0.280069446774
0.280069446774
0.280069446774
0.280069446774
0.280069446774
0.280069446774
0.280069446774
0.280069446774
0.280069446774
0.280069446774
0.280069446774
0.280069446774
0.280069446774
0.280069446774
0.280069446774
0.280069446774
0.280069446774
0.280069446774
0.280069446774
0.280069446774
0.280069446774
0.280069446774
0.280069446774
0.280069446774
0.280069446774
0.280069446774
0.280069446774
0.280069446774
0.280069446774
0.280069446774
0.280069446774
0.280069446774
0.280069446774
0.280069446774
0.280069446774
0.280069446774
0.280069446774
0.280069446774
0.280069446774
0.280069446774
0.280069446774
0.280069446774
0.280069446774
0.280069446774
0.280069446774
0.280069446774
0.280069446774
0.280069446774
0.280069446774
0.280069446774
0.280069446774
0.280069446774
0.280069446774
0.280069446774
0.280069446774
0.280069446774
0.280069446774
0.280069446774
0.280069446774
0.280069446774
0.280069446774
0.280069446774
0.280069446774
0.280069446774
0.280069446774
0.280069446774
0.280069446774
0.280069446774
0.280069446774
0.280069446774
0.280069446774
0.280069446774
0.280069446774
0.280069446774
0.280069446774
0.280069446774
0.280069446774
