0.298655122961
0.236571611655
0.223399114767
0.217245613358
0.21052838538
0.209162920752
0.209162920752
0.209162920752
0.19866391772
0.19866391772
0.19866391772
0.19866391772
0.19866391772
0.19866391772
0.19866391772
0.19866391772
0.19866391772
0.19866391772
0.19866391772
0.19866391772
0.19866391772
0.19866391772
0.19866391772
0.19866391772
0.19866391772
0.19866391772
0.19866391772
0.19866391772
0.19866391772
0.19866391772
0.19866391772
0.19866391772
0.19866391772
0.19866391772
0.19866391772
0.19866391772
0.19866391772
0.19866391772
0.19866391772
0.19866391772
0.19866391772
0.19866391772
0.19866391772
0.19866391772
0.178236422103
0.178236422103
0.178236422103
0.178236422103
0.178236422103
0.178236422103
0.178236422103
0.178236422103
0.178236422103
0.178236422103
0.178236422103
0.178236422103
0.178236422103
0.178236422103
0.178236422103
0.178236422103
0.178236422103
0.178236422103
0.178236422103
0.178236422103
0.178236422103
0.178236422103
0.178236422103
0.178236422103
0.178236422103
0.178236422103
0.178236422103
0.178236422103
0.178236422103
0.178236422103
0.178236422103
0.178236422103
0.178236422103
0.178236422103
0.178236422103
0.178236422103
0.178236422103
0.178236422103
0.178236422103
0.178236422103
0.178236422103
0.178236422103
0.178236422103
0.178236422103
0.178236422103
0.178236422103
0.178236422103
0.178236422103
0.178236422103
0.178236422103
0.178236422103
0.178236422103
0.178236422103
0.178236422103
0.178236422103
0.178236422103
0.178236422103
0.178236422103
0.178236422103
0.178236422103
0.178236422103
0.178236422103
0.178236422103
0.178236422103
0.178236422103
0.178236422103
0.178236422103
0.178236422103
0.178236422103
0.178236422103
0.178236422103
0.178236422103
0.178236422103
0.178236422103
0.178236422103
0.178236422103
0.178236422103
0.178236422103
0.178236422103
0.178236422103
0.178236422103
0.178236422103
0.178236422103
0.178236422103
0.178236422103
0.178236422103
0.178236422103
0.178236422103
0.178236422103
0.178236422103
0.178236422103
0.178236422103
0.178236422103
0.178236422103
0.178236422103
0.178236422103
0.178236422103
0.178236422103
0.178236422103
0.178236422103
0.178236422103
0.178236422103
0.178236422103
0.178236422103
0.178236422103
0.178236422103
0.178236422103
0.178236422103
0.178236422103
0.178236422103
0.178236422103
0.178236422103
0.178236422103
0.178236422103
0.178236422103
0.178236422103
0.178236422103
0.178236422103
0.178236422103
0.178236422103
0.178236422103
0.178236422103
0.178236422103
0.178236422103
0.178236422103
0.178236422103
0.178236422103
0.178236422103
0.178236422103
0.178236422103
0.178236422103
0.178236422103
0.178236422103
0.178236422103
0.178236422103
0.178236422103
0.178236422103
0.178236422103
0.178236422103
0.178236422103
0.178236422103
0.178236422103
0.178236422103
0.178236422103
0.178236422103
0.178236422103
0.178236422103
0.178236422103
0.178236422103
0.178236422103
0.178236422103
0.178236422103
0.178236422103
0.178236422103
0.178236422103
0.178236422103
0.178236422103
0.178236422103
0.178236422103
0.178236422103
0.178236422103
0.178236422103
0.178236422103
0.178236422103
0.178236422103
0.178236422103
0.178236422103
0.178236422103
0.178236422103
0.178236422103
0.178236422103
0.178236422103
0.178236422103
0.178236422103
0.178236422103
0.178236422103
0.178236422103
0.178236422103
0.178236422103
0.178236422103
0.178236422103
0.178236422103
0.178236422103
0.178236422103
0.178236422103
0.178236422103
0.178236422103
0.178236422103
0.178236422103
0.178236422103
0.178236422103
0.178236422103
0.178236422103
0.178236422103
0.178236422103
0.178236422103
0.178236422103
0.178236422103
0.178236422103
0.178236422103
0.178236422103
0.178236422103
0.178236422103
0.178236422103
0.178236422103
0.178236422103
0.178236422103
0.178236422103
0.178236422103
0.178236422103
0.178236422103
0.178236422103
0.178236422103
0.178236422103
0.178236422103
0.178236422103
0.178236422103
0.178236422103
0.178236422103
0.178236422103
0.178236422103
0.178236422103
0.178236422103
0.178236422103
0.178236422103
0.178236422103
0.178236422103
0.178236422103
0.178236422103
0.178236422103
0.178236422103
0.178236422103
0.178236422103
0.178236422103
0.178236422103
0.178236422103
0.178236422103
0.178236422103
0.178236422103
0.178236422103
0.178236422103
0.178236422103
0.178236422103
0.178236422103
0.178236422103
0.178236422103
0.178236422103
0.178236422103
0.178236422103
0.178236422103
0.178236422103
0.178236422103
0.178236422103
0.178236422103
0.178236422103
0.178236422103
