0.321072659739
0.241117395011
0.215011220042
0.215011220042
0.215011220042
0.213236879873
0.213236879873
0.213236879873
0.205562460025
0.205562460025
0.192961129409
0.192961129409
0.192961129409
0.192961129409
0.192961129409
0.192961129409
0.192961129409
0.192961129409
0.192961129409
0.192961129409
0.192961129409
0.192961129409
0.192961129409
0.192961129409
0.192961129409
0.192961129409
0.192961129409
0.192961129409
0.192961129409
0.192961129409
0.192961129409
0.192961129409
0.192961129409
0.192961129409
0.192961129409
0.192961129409
0.192961129409
0.192961129409
0.192961129409
0.192961129409
0.192961129409
0.192961129409
0.192961129409
0.192961129409
0.192961129409
0.192961129409
0.192961129409
0.192961129409
0.192961129409
0.192961129409
0.192961129409
0.192961129409
0.192961129409
0.192961129409
0.192961129409
0.192961129409
0.192961129409
0.192961129409
0.192961129409
0.192961129409
0.192961129409
0.192961129409
0.192961129409
0.192961129409
0.192961129409
0.192961129409
0.188758335796
0.188758335796
0.188758335796
0.188758335796
0.188758335796
0.188758335796
0.188758335796
0.188758335796
0.188758335796
0.188758335796
0.188758335796
0.188758335796
0.188758335796
0.188758335796
0.188758335796
0.188758335796
0.188758335796
0.188758335796
0.188758335796
0.188758335796
0.188758335796
0.188758335796
0.188758335796
0.188758335796
0.188758335796
0.188758335796
0.188758335796
0.188758335796
0.188758335796
0.188758335796
0.188758335796
0.188758335796
0.188758335796
0.188758335796
0.188758335796
0.188758335796
0.188758335796
0.188758335796
0.188758335796
0.188758335796
0.188758335796
0.188758335796
0.188758335796
0.188758335796
0.188758335796
0.188758335796
0.188758335796
0.188758335796
0.188758335796
0.188758335796
0.188758335796
0.188758335796
0.188758335796
0.188758335796
0.188758335796
0.188758335796
0.188758335796
0.188758335796
0.188758335796
0.188758335796
0.188758335796
0.188758335796
0.188758335796
0.188758335796
0.188758335796
0.188758335796
0.188758335796
0.188758335796
0.188758335796
0.188758335796
0.188758335796
0.188758335796
0.188758335796
0.188758335796
0.188758335796
0.188758335796
0.188758335796
0.188758335796
0.188758335796
0.188758335796
0.188758335796
0.188758335796
0.188758335796
0.188758335796
0.188758335796
0.188758335796
0.188758335796
0.188758335796
0.188758335796
0.188758335796
0.188758335796
0.188758335796
0.188758335796
0.188758335796
0.188758335796
0.188758335796
0.188758335796
0.188758335796
0.188758335796
0.188758335796
0.188758335796
0.188758335796
0.188758335796
0.188758335796
0.188758335796
0.188758335796
0.188758335796
0.188758335796
0.188758335796
0.188758335796
0.188758335796
0.188758335796
0.188758335796
0.188758335796
0.188758335796
0.188758335796
0.188758335796
0.188758335796
0.188758335796
0.188758335796
0.188758335796
0.188758335796
0.188758335796
0.188758335796
0.188758335796
0.188758335796
0.188758335796
0.188758335796
0.188758335796
0.188758335796
0.188758335796
0.188758335796
0.188758335796
0.188758335796
0.188758335796
0.188758335796
0.188758335796
0.188758335796
0.188758335796
0.188758335796
0.188758335796
0.188758335796
0.188758335796
0.188758335796
0.188758335796
0.188758335796
0.188758335796
0.188758335796
0.188758335796
0.188758335796
0.188758335796
0.188758335796
0.188758335796
0.188758335796
0.188758335796
0.188758335796
0.188758335796
0.188758335796
0.188758335796
0.188758335796
0.188758335796
0.188758335796
0.188758335796
0.188758335796
0.188758335796
0.188758335796
0.188758335796
0.188758335796
0.188758335796
0.188758335796
0.188758335796
0.188758335796
0.188758335796
0.188758335796
0.188758335796
0.188758335796
0.188758335796
0.188758335796
0.188758335796
0.188758335796
0.188758335796
0.188758335796
0.188758335796
0.188758335796
0.188758335796
0.188758335796
0.188758335796
0.188758335796
0.188758335796
0.188758335796
0.188758335796
0.188758335796
0.188758335796
0.188758335796
0.188758335796
0.188758335796
0.188758335796
0.188758335796
0.188758335796
0.188758335796
0.188758335796
0.188758335796
0.188758335796
0.188758335796
0.188758335796
0.188758335796
0.188758335796
0.188758335796
0.188758335796
0.188758335796
0.188758335796
0.188758335796
0.188758335796
0.188758335796
0.188758335796
0.188758335796
0.188758335796
0.188758335796
0.188758335796
0.188758335796
0.188758335796
0.188758335796
0.188758335796
0.188758335796
0.188758335796
0.188758335796
0.188758335796
0.188758335796
0.188758335796
0.188758335796
0.188758335796
0.188758335796
0.188758335796
0.188758335796
