0.311402869925
0.25140538119
0.222005615627
0.208792653863
0.207136278845
0.207136278845
0.207136278845
0.204590279645
0.204590279645
0.204590279645
0.204590279645
0.204590279645
0.204590279645
0.204590279645
0.204590279645
0.197069504913
0.197069504913
0.197069504913
0.194133478886
0.194133478886
0.194133478886
0.194133478886
0.194133478886
0.194133478886
0.194133478886
0.194133478886
0.194133478886
0.194133478886
0.194133478886
0.194133478886
0.194133478886
0.194133478886
0.194133478886
0.194133478886
0.194133478886
0.194133478886
0.194133478886
0.194133478886
0.181616787865
0.181616787865
0.181616787865
0.181616787865
0.181616787865
0.181616787865
0.181616787865
0.181616787865
0.181616787865
0.181616787865
0.181616787865
0.181616787865
0.181616787865
0.181616787865
0.181616787865
0.181616787865
0.181616787865
0.181616787865
0.181616787865
0.181616787865
0.181616787865
0.181616787865
0.181616787865
0.181616787865
0.181616787865
0.181616787865
0.181616787865
0.181616787865
0.181616787865
0.181616787865
0.181616787865
0.181616787865
0.181616787865
0.181616787865
0.181616787865
0.181616787865
0.181616787865
0.181616787865
0.181616787865
0.181616787865
0.181616787865
0.181616787865
0.181616787865
0.181616787865
0.181616787865
0.181616787865
0.181616787865
0.181616787865
0.181616787865
0.181616787865
0.181616787865
0.181616787865
0.181616787865
0.181616787865
0.181616787865
0.181616787865
0.181616787865
0.181616787865
0.181616787865
0.181616787865
0.181616787865
0.181616787865
0.181616787865
0.181616787865
0.181616787865
0.181616787865
0.181616787865
0.181616787865
0.181616787865
0.181616787865
0.181616787865
0.181616787865
0.181616787865
0.181616787865
0.181616787865
0.181616787865
0.181616787865
0.181616787865
0.181616787865
0.181616787865
0.181616787865
0.181616787865
0.181616787865
0.181616787865
0.181616787865
0.181616787865
0.181616787865
0.181616787865
0.181616787865
0.180171548017
0.180171548017
0.180171548017
0.180171548017
0.180171548017
0.180171548017
0.180171548017
0.180171548017
0.180171548017
0.180171548017
0.180171548017
0.180171548017
0.180171548017
0.180171548017
0.180171548017
0.180171548017
0.180171548017
0.180171548017
0.180171548017
0.180171548017
0.180171548017
0.180171548017
0.180171548017
0.180171548017
0.180171548017
0.180171548017
0.180171548017
0.180171548017
0.180171548017
0.180171548017
0.180171548017
0.180171548017
0.180171548017
0.180171548017
0.180171548017
0.180171548017
0.180171548017
0.180171548017
0.180171548017
0.180171548017
0.180171548017
0.180171548017
0.180171548017
0.180171548017
0.180171548017
0.180171548017
0.180171548017
0.180171548017
0.180171548017
0.180171548017
0.180171548017
0.180171548017
0.180171548017
0.180171548017
0.180171548017
0.180171548017
0.180171548017
0.180171548017
0.180171548017
0.180171548017
0.180171548017
0.180171548017
0.180171548017
0.180171548017
0.180171548017
0.180171548017
0.180171548017
0.180171548017
0.180171548017
0.180171548017
0.180171548017
0.180171548017
0.180171548017
0.180171548017
0.180171548017
0.180171548017
0.180171548017
0.180171548017
0.180171548017
0.180171548017
0.180171548017
0.180171548017
0.180171548017
0.180171548017
0.180171548017
0.180171548017
0.180171548017
0.180171548017
0.180171548017
0.180171548017
0.180171548017
0.180171548017
0.180171548017
0.180171548017
0.180171548017
0.180171548017
0.180171548017
0.180171548017
0.180171548017
0.180171548017
0.180171548017
0.180171548017
0.180171548017
0.180171548017
0.180171548017
0.180171548017
0.180171548017
0.180171548017
0.180171548017
0.180171548017
0.180171548017
0.180171548017
0.180171548017
0.180171548017
0.180171548017
0.180171548017
0.180171548017
0.180171548017
0.180171548017
0.180171548017
0.180171548017
0.180171548017
0.180171548017
0.180171548017
0.180171548017
0.180171548017
0.180171548017
0.180171548017
0.180171548017
0.180171548017
0.180171548017
0.180171548017
0.180171548017
0.180171548017
0.180171548017
0.180171548017
0.180171548017
0.180171548017
0.180171548017
0.180171548017
0.180171548017
0.180171548017
0.180171548017
0.180171548017
0.180171548017
0.180171548017
0.180171548017
0.180171548017
0.180171548017
0.180171548017
0.180171548017
0.180171548017
0.180171548017
0.180171548017
0.180171548017
0.180171548017
0.180171548017
0.180171548017
0.180171548017
0.180171548017
0.180171548017
0.180171548017
0.180171548017
0.180171548017
0.180171548017
0.180171548017
0.180171548017
0.180171548017
0.180171548017
0.180171548017
0.180171548017
0.180171548017
0.180171548017
