0.403701775451
0.334873023501
0.316089170611
0.299478635118
0.298370133643
0.294971831285
0.294971831285
0.294971831285
0.289448050772
0.289448050772
0.28885526374
0.28885526374
0.28885526374
0.28692158236
0.28692158236
0.28692158236
0.28692158236
0.28692158236
0.28692158236
0.28692158236
0.28692158236
0.28692158236
0.28692158236
0.28692158236
0.28692158236
0.28692158236
0.28692158236
0.28692158236
0.28692158236
0.28692158236
0.28692158236
0.28692158236
0.28692158236
0.28692158236
0.28692158236
0.28692158236
0.28692158236
0.28692158236
0.28692158236
0.28692158236
0.28692158236
0.28692158236
0.28692158236
0.28692158236
0.28692158236
0.28692158236
0.28692158236
0.28692158236
0.28692158236
0.28692158236
0.28692158236
0.28692158236
0.28692158236
0.28692158236
0.28692158236
0.28692158236
0.28692158236
0.28692158236
0.28692158236
0.28692158236
0.285116437928
0.285116437928
0.285116437928
0.285116437928
0.285116437928
0.285116437928
0.285116437928
0.285116437928
0.285116437928
0.285116437928
0.283165198027
0.283165198027
0.283165198027
0.283165198027
0.283165198027
0.283165198027
0.283165198027
0.283165198027
0.283165198027
0.283165198027
0.283165198027
0.283165198027
0.283165198027
0.283165198027
0.283165198027
0.283165198027
0.283165198027
0.283165198027
0.283165198027
0.283165198027
0.283165198027
0.283165198027
0.283165198027
0.283165198027
0.283165198027
0.283165198027
0.283165198027
0.283165198027
0.283165198027
0.283165198027
0.283165198027
0.283165198027
0.283165198027
0.283165198027
0.283165198027
0.283165198027
0.283165198027
0.283165198027
0.283165198027
0.283165198027
0.283165198027
0.283165198027
0.283165198027
0.283165198027
0.283165198027
0.283165198027
0.283165198027
0.283165198027
0.283165198027
0.283165198027
0.283165198027
0.283165198027
0.283165198027
0.283165198027
0.283165198027
0.283165198027
0.283165198027
0.283165198027
0.283165198027
0.283165198027
0.283165198027
0.283165198027
0.283165198027
0.283165198027
0.283165198027
0.283165198027
0.283165198027
0.283165198027
0.283165198027
0.283165198027
0.283165198027
0.283165198027
0.283165198027
0.283165198027
0.283165198027
0.283165198027
0.283165198027
0.283165198027
0.283165198027
0.283165198027
0.283165198027
0.283165198027
0.283165198027
0.283165198027
0.283165198027
0.283165198027
0.283165198027
0.283165198027
0.283165198027
0.283165198027
0.283165198027
0.283165198027
0.283165198027
0.283165198027
0.283165198027
0.283165198027
0.283165198027
0.283165198027
0.283165198027
0.283165198027
0.283165198027
0.283165198027
0.283165198027
0.283165198027
0.283165198027
0.283165198027
0.283165198027
0.283165198027
0.283165198027
0.283165198027
0.283165198027
0.283165198027
0.283165198027
0.283165198027
0.283165198027
0.283165198027
0.283165198027
0.283165198027
0.283165198027
0.283165198027
0.283165198027
0.283165198027
0.283165198027
0.283165198027
0.283165198027
0.283165198027
0.283165198027
0.283165198027
0.283165198027
0.283165198027
0.283165198027
0.283165198027
0.283165198027
0.283165198027
0.283165198027
0.283165198027
0.283165198027
0.283165198027
0.283165198027
0.283165198027
0.283165198027
0.283165198027
0.283165198027
0.283165198027
0.283165198027
0.283165198027
0.283165198027
0.283165198027
0.283165198027
0.283165198027
0.283165198027
0.283165198027
0.283165198027
0.283165198027
0.283165198027
0.283165198027
0.283165198027
0.283165198027
0.283165198027
0.283165198027
0.283165198027
0.283165198027
0.283165198027
0.283165198027
0.283165198027
0.283165198027
0.283165198027
0.283165198027
0.283165198027
0.283165198027
0.283165198027
0.283165198027
0.283165198027
0.283165198027
0.283165198027
0.283165198027
0.283165198027
0.283165198027
0.283165198027
0.283165198027
0.283165198027
0.283165198027
0.283165198027
0.283165198027
0.283165198027
0.283165198027
0.283165198027
0.283165198027
0.283165198027
0.283165198027
0.283165198027
0.283165198027
0.283165198027
0.283165198027
0.283165198027
0.283165198027
0.283165198027
0.283165198027
0.283165198027
0.283165198027
0.283165198027
0.283165198027
0.283165198027
0.283165198027
0.283165198027
0.283165198027
0.283165198027
0.283165198027
0.283165198027
0.283165198027
0.283165198027
0.283165198027
0.283165198027
0.283165198027
0.283165198027
0.283165198027
0.283165198027
0.283165198027
0.283165198027
0.283165198027
0.283165198027
0.283165198027
0.283165198027
0.283165198027
0.283165198027
0.283165198027
0.283165198027
0.283165198027
0.283165198027
0.283165198027
0.283165198027
0.283165198027
0.283165198027
0.283165198027
0.283165198027
0.283165198027
0.283165198027
0.283165198027
0.283165198027
0.283165198027
0.283165198027
0.283165198027
0.283165198027
0.283165198027
0.283165198027
0.283165198027
0.283165198027
0.283165198027
0.283165198027
0.283165198027
0.283165198027
0.283165198027
0.283165198027
0.283165198027
0.283165198027
0.283165198027
0.283165198027
0.283165198027
0.283165198027
0.283165198027
0.283165198027
0.283165198027
0.283165198027
0.283165198027
0.283165198027
0.283165198027
0.283165198027
0.283165198027
0.283165198027
0.283165198027
0.283165198027
0.283165198027
0.283165198027
0.283165198027
0.283165198027
0.283165198027
0.283165198027
0.283165198027
0.283165198027
0.283165198027
0.283165198027
0.283165198027
0.283165198027
0.283165198027
0.283165198027
0.283165198027
0.283165198027
0.283165198027
0.283165198027
0.283165198027
0.283165198027
0.283165198027
0.283165198027
0.283165198027
0.283165198027
0.283165198027
0.283165198027
0.283165198027
0.283165198027
0.283165198027
0.283165198027
0.283165198027
0.283165198027
0.283165198027
0.283165198027
0.283165198027
0.283165198027
0.283165198027
0.283165198027
0.283165198027
0.283165198027
0.283165198027
0.283165198027
0.283165198027
0.283165198027
0.283165198027
0.283165198027
0.283165198027
0.283165198027
0.283165198027
0.283165198027
0.283165198027
0.283165198027
0.283165198027
0.283165198027
0.283165198027
0.283165198027
0.283165198027
0.283165198027
0.283165198027
