0.322060003273
0.246270805176
0.21233987645
0.21233987645
0.21233987645
0.21233987645
0.21233987645
0.21233987645
0.208889035111
0.208889035111
0.208889035111
0.19824029775
0.19824029775
0.19824029775
0.19824029775
0.19824029775
0.19824029775
0.19824029775
0.19824029775
0.19824029775
0.19575549678
0.19575549678
0.19575549678
0.19575549678
0.19575549678
0.19575549678
0.19116480111
0.19116480111
0.187848578766
0.187848578766
0.187848578766
0.187848578766
0.187848578766
0.187848578766
0.187848578766
0.187848578766
0.187848578766
0.187848578766
0.187848578766
0.187848578766
0.187848578766
0.187848578766
0.187848578766
0.187848578766
0.187848578766
0.187848578766
0.187848578766
0.187848578766
0.187848578766
0.187848578766
0.187848578766
0.187848578766
0.187848578766
0.179498977876
0.179498977876
0.179498977876
0.179498977876
0.179498977876
0.179498977876
0.179498977876
0.179498977876
0.179498977876
0.179498977876
0.179498977876
0.179498977876
0.179498977876
0.179498977876
0.179498977876
0.179498977876
0.179498977876
0.179498977876
0.179498977876
0.179498977876
0.179498977876
0.179498977876
0.179498977876
0.179498977876
0.179498977876
0.179498977876
0.179498977876
0.179498977876
0.179498977876
0.179498977876
0.179498977876
0.179498977876
0.179498977876
0.179498977876
0.179498977876
0.179498977876
0.179498977876
0.179498977876
0.179498977876
0.179498977876
0.179498977876
0.179498977876
0.179498977876
0.179498977876
0.179498977876
0.179498977876
0.179498977876
0.179498977876
0.179498977876
0.179498977876
0.179498977876
0.179498977876
0.179498977876
0.179498977876
0.179498977876
0.179498977876
0.179498977876
0.179498977876
0.179498977876
0.179498977876
0.179498977876
0.179498977876
0.179498977876
0.179498977876
0.173753533828
0.173753533828
0.173753533828
0.173753533828
0.173753533828
0.173753533828
0.173753533828
0.173753533828
0.173753533828
0.173753533828
0.173753533828
0.173753533828
0.173753533828
0.173753533828
0.173753533828
0.173753533828
0.173753533828
0.173753533828
0.173753533828
0.173753533828
0.173753533828
0.173753533828
0.173753533828
0.173753533828
0.173753533828
0.173753533828
0.173753533828
0.173753533828
0.173753533828
0.173753533828
0.173753533828
0.173753533828
0.173753533828
0.173753533828
0.173753533828
0.173753533828
0.173753533828
0.173753533828
0.173753533828
0.173753533828
0.173753533828
0.173753533828
0.173753533828
0.173753533828
0.173753533828
0.173753533828
0.173753533828
0.173753533828
0.173753533828
0.173753533828
0.173753533828
0.173753533828
0.173753533828
0.173753533828
0.173753533828
0.173753533828
0.173753533828
0.173753533828
0.173753533828
0.173753533828
0.173753533828
0.173753533828
0.173753533828
0.173753533828
0.173753533828
0.173753533828
0.173753533828
0.173753533828
0.173753533828
0.173753533828
0.173753533828
0.173753533828
0.173753533828
0.173753533828
0.173753533828
0.173753533828
0.173753533828
0.173753533828
0.173753533828
0.173753533828
0.173753533828
0.173753533828
0.173753533828
0.173753533828
0.173753533828
0.173753533828
0.173753533828
0.173753533828
0.173753533828
0.173753533828
0.173753533828
0.173753533828
0.173753533828
0.173753533828
0.173753533828
0.173753533828
0.173753533828
0.173753533828
0.173753533828
0.173753533828
0.173753533828
0.173753533828
0.173753533828
0.173753533828
0.173753533828
0.173753533828
0.173753533828
0.173753533828
0.173753533828
0.173753533828
0.173753533828
0.173753533828
0.173753533828
0.173753533828
0.173753533828
0.173753533828
0.173753533828
0.173753533828
0.173753533828
0.173753533828
0.173753533828
0.173753533828
0.173753533828
0.173753533828
0.173753533828
0.173753533828
0.173753533828
0.173753533828
0.173753533828
0.173753533828
0.173753533828
0.173753533828
0.173753533828
0.173753533828
0.173753533828
0.173753533828
0.173753533828
0.173753533828
0.173753533828
0.173753533828
0.173753533828
0.173753533828
0.173753533828
0.173753533828
0.173753533828
0.173753533828
0.173753533828
0.173753533828
0.173753533828
0.173753533828
0.173753533828
0.173753533828
0.173753533828
0.173753533828
0.173753533828
0.173753533828
0.173753533828
0.173753533828
0.173753533828
0.173753533828
0.173753533828
0.173753533828
0.173753533828
0.173753533828
0.173753533828
0.173753533828
0.173753533828
0.173753533828
0.173753533828
0.173753533828
0.173753533828
0.173753533828
0.173753533828
0.173753533828
0.173753533828
0.173753533828
0.173753533828
0.173753533828
0.173753533828
0.173753533828
0.173753533828
0.173753533828
0.173753533828
