0.420330650839
0.328031327398
0.286122984357
0.286122984357
0.286122984357
0.286122984357
0.286122984357
0.286122984357
0.286122984357
0.286122984357
0.286122984357
0.286122984357
0.286122984357
0.286122984357
0.286122984357
0.286122984357
0.286122984357
0.286122984357
0.286122984357
0.286122984357
0.286122984357
0.286122984357
0.286122984357
0.286122984357
0.286122984357
0.286122984357
0.286122984357
0.286122984357
0.286122984357
0.286122984357
0.286122984357
0.286122984357
0.286122984357
0.286122984357
0.286122984357
0.286122984357
0.28593459231
0.28593459231
0.28593459231
0.28593459231
0.28593459231
0.28593459231
0.28593459231
0.28593459231
0.28593459231
0.28593459231
0.28593459231
0.28593459231
0.28593459231
0.28593459231
0.285194291083
0.285194291083
0.285194291083
0.285194291083
0.285194291083
0.285194291083
0.285194291083
0.285194291083
0.285194291083
0.285194291083
0.285194291083
0.285194291083
0.285194291083
0.285194291083
0.285194291083
0.285194291083
0.285194291083
0.285194291083
0.285194291083
0.285194291083
0.285194291083
0.285194291083
0.285194291083
0.285194291083
0.285194291083
0.285194291083
0.285194291083
0.285194291083
0.285194291083
0.285194291083
0.285194291083
0.285194291083
0.285194291083
0.285194291083
0.285194291083
0.285194291083
0.285194291083
0.285194291083
0.285194291083
0.285194291083
0.285194291083
0.285194291083
0.285194291083
0.285194291083
0.285194291083
0.285194291083
0.285194291083
0.285194291083
0.285194291083
0.285194291083
0.285194291083
0.285194291083
0.285194291083
0.285194291083
0.285194291083
0.285194291083
0.285194291083
0.285194291083
0.285194291083
0.285194291083
0.285194291083
0.285194291083
0.285194291083
0.285194291083
0.28343669909
0.28343669909
0.28343669909
0.28343669909
0.28343669909
0.28343669909
0.28343669909
0.28343669909
0.28343669909
0.28343669909
0.28343669909
0.28343669909
0.28343669909
0.28343669909
0.28343669909
0.28343669909
0.28343669909
0.28343669909
0.28343669909
0.28343669909
0.28343669909
0.28343669909
0.28343669909
0.28343669909
0.28343669909
0.28343669909
0.28343669909
0.28343669909
0.28343669909
0.28343669909
0.28343669909
0.28343669909
0.28343669909
0.28343669909
0.28343669909
0.28343669909
0.28343669909
0.28343669909
0.28343669909
0.28343669909
0.28343669909
0.28343669909
0.28343669909
0.28343669909
0.28343669909
0.28343669909
0.28343669909
0.28343669909
0.28343669909
0.28343669909
0.28343669909
0.28343669909
0.28343669909
0.28343669909
0.28343669909
0.28343669909
0.28288439843
0.28288439843
0.28288439843
0.28288439843
0.28288439843
0.28288439843
0.28288439843
0.28288439843
0.28288439843
0.28288439843
0.28288439843
0.28288439843
0.28288439843
0.28288439843
0.28288439843
0.28288439843
0.28288439843
0.28288439843
0.28288439843
0.28288439843
0.28288439843
0.28288439843
0.28288439843
0.28288439843
0.28288439843
0.28288439843
0.28288439843
0.28288439843
0.28288439843
0.28288439843
0.28288439843
0.28288439843
0.28288439843
0.28288439843
0.28288439843
0.28288439843
0.28288439843
0.28288439843
0.28288439843
0.28288439843
0.28288439843
0.28288439843
0.28288439843
0.28288439843
0.28288439843
0.28288439843
0.28288439843
0.28288439843
0.28288439843
0.28288439843
0.28288439843
0.28288439843
0.28288439843
0.28288439843
0.28288439843
0.28288439843
0.28288439843
0.28288439843
0.28288439843
0.28288439843
0.28288439843
0.28288439843
0.28288439843
0.28288439843
0.28288439843
0.28288439843
0.28288439843
0.28288439843
0.28288439843
0.28288439843
0.28288439843
0.28288439843
0.28288439843
0.28288439843
0.28288439843
0.28288439843
0.28288439843
0.28288439843
0.28288439843
0.28288439843
0.28288439843
0.28288439843
0.28288439843
0.28288439843
0.28288439843
0.28288439843
0.28288439843
0.28288439843
0.28288439843
0.28288439843
0.28288439843
0.28288439843
0.28288439843
0.28288439843
0.28288439843
0.28288439843
0.28288439843
0.28288439843
0.28288439843
0.28288439843
0.28288439843
0.28288439843
0.28288439843
0.28288439843
0.28288439843
0.28288439843
0.28288439843
0.28288439843
0.28288439843
0.28288439843
0.28288439843
0.28288439843
0.28288439843
0.28288439843
0.28288439843
0.28288439843
0.28288439843
0.28288439843
0.28288439843
0.28288439843
0.28288439843
0.28288439843
0.28288439843
0.28288439843
0.28288439843
0.28288439843
0.28288439843
0.28288439843
0.28288439843
0.28288439843
0.28288439843
0.28288439843
0.28288439843
0.28288439843
0.28288439843
0.28288439843
0.28288439843
0.28288439843
0.28288439843
0.28288439843
0.28288439843
0.280234560242
0.280234560242
0.280234560242
0.280234560242
0.280234560242
0.280234560242
0.280234560242
0.280234560242
0.280234560242
0.280234560242
0.280234560242
0.280234560242
0.280234560242
0.280234560242
0.280234560242
0.280234560242
0.280234560242
0.280234560242
0.280234560242
0.280234560242
0.280234560242
0.280234560242
0.280234560242
0.280234560242
0.280234560242
0.280234560242
0.280234560242
0.280234560242
0.280234560242
0.280234560242
0.280234560242
0.280234560242
0.280234560242
0.280234560242
0.280234560242
0.280234560242
0.280234560242
0.280234560242
0.280234560242
0.280234560242
0.280234560242
0.280234560242
0.280234560242
0.280234560242
0.280234560242
0.280234560242
0.280234560242
0.280234560242
0.280234560242
0.280234560242
0.280234560242
0.280234560242
0.280234560242
0.280234560242
0.280234560242
0.280234560242
0.280234560242
0.280234560242
0.280234560242
0.280234560242
0.280234560242
0.280234560242
0.280234560242
0.280234560242
0.280234560242
0.280234560242
0.280234560242
0.280234560242
0.280234560242
0.280234560242
0.280234560242
0.280234560242
0.280234560242
0.280234560242
0.280234560242
0.280234560242
0.280234560242
0.280234560242
0.280234560242
0.280234560242
0.280234560242
0.280234560242
0.280234560242
0.280234560242
0.280234560242
0.280234560242
0.280234560242
0.278887912498
0.278887912498
