0.296701186689
0.244953502958
0.223625147272
0.215752248974
0.197994041016
0.197994041016
0.197994041016
0.197994041016
0.197994041016
0.197994041016
0.190298413985
0.190298413985
0.190298413985
0.190298413985
0.190298413985
0.190298413985
0.190298413985
0.190298413985
0.190298413985
0.190298413985
0.190298413985
0.190298413985
0.190298413985
0.190298413985
0.190298413985
0.190298413985
0.190298413985
0.190298413985
0.190298413985
0.190298413985
0.190298413985
0.190298413985
0.190298413985
0.190298413985
0.190298413985
0.190298413985
0.190298413985
0.190298413985
0.190298413985
0.190298413985
0.190298413985
0.190298413985
0.190298413985
0.190298413985
0.190298413985
0.190298413985
0.190298413985
0.190298413985
0.190298413985
0.190298413985
0.190298413985
0.190298413985
0.190298413985
0.190298413985
0.190298413985
0.190298413985
0.190298413985
0.190298413985
0.190298413985
0.190298413985
0.190298413985
0.190298413985
0.190298413985
0.190298413985
0.190298413985
0.190298413985
0.190298413985
0.190298413985
0.190298413985
0.190298413985
0.190298413985
0.190298413985
0.190298413985
0.187469560572
0.187469560572
0.187469560572
0.187469560572
0.187469560572
0.185566361307
0.185566361307
0.185566361307
0.185566361307
0.185566361307
0.185566361307
0.185566361307
0.185566361307
0.185566361307
0.185566361307
0.185566361307
0.185566361307
0.185566361307
0.185566361307
0.185566361307
0.185566361307
0.185566361307
0.185566361307
0.185566361307
0.185566361307
0.185566361307
0.185566361307
0.185566361307
0.185566361307
0.185566361307
0.185566361307
0.185566361307
0.185566361307
0.185566361307
0.185566361307
0.185566361307
0.185566361307
0.185566361307
0.185566361307
0.185566361307
0.185566361307
0.185566361307
0.185566361307
0.185566361307
0.185566361307
0.185566361307
0.185566361307
0.185566361307
0.185566361307
0.185566361307
0.185566361307
0.185566361307
0.185566361307
0.185566361307
0.185566361307
0.185566361307
0.185566361307
0.185566361307
0.185566361307
0.185566361307
0.185566361307
0.185566361307
0.185566361307
0.185566361307
0.185566361307
0.185566361307
0.185566361307
0.185566361307
0.185566361307
0.185566361307
0.185566361307
0.185566361307
0.185566361307
0.185566361307
0.185566361307
0.185566361307
0.185566361307
0.185566361307
0.185566361307
0.185566361307
0.185566361307
0.185566361307
0.185566361307
0.185566361307
0.185566361307
0.185566361307
0.185566361307
0.185566361307
0.185566361307
0.185566361307
0.185566361307
0.185566361307
0.185566361307
0.185566361307
0.185566361307
0.185566361307
0.185566361307
0.185566361307
0.185566361307
0.185566361307
0.185566361307
0.185566361307
0.185566361307
0.185566361307
0.185566361307
0.185566361307
0.185566361307
0.185566361307
0.185566361307
0.185566361307
0.185566361307
0.185566361307
0.185566361307
0.185566361307
0.185566361307
0.185566361307
0.185566361307
0.185566361307
0.185566361307
0.185566361307
0.185566361307
0.185566361307
0.185566361307
0.185566361307
0.185566361307
0.185566361307
0.185566361307
0.185566361307
0.185566361307
0.185566361307
0.185566361307
0.185566361307
0.185566361307
0.185566361307
0.185566361307
0.185566361307
0.185566361307
0.185566361307
0.185566361307
0.185566361307
0.185566361307
0.185566361307
0.185566361307
0.185566361307
0.185566361307
0.185566361307
0.185566361307
0.185566361307
0.185566361307
0.185566361307
0.185566361307
0.185566361307
0.185566361307
0.185566361307
0.185566361307
0.185566361307
0.185566361307
0.185566361307
0.185566361307
0.185566361307
0.185566361307
0.185566361307
0.185566361307
0.185566361307
0.185566361307
0.185566361307
0.185566361307
0.185566361307
0.185566361307
0.185566361307
0.185566361307
0.185566361307
0.185566361307
0.185566361307
0.185566361307
0.185566361307
0.185566361307
0.185566361307
0.185566361307
0.185566361307
0.185566361307
0.185566361307
0.185566361307
0.185566361307
0.185566361307
0.185566361307
0.185566361307
0.185566361307
0.185566361307
0.185566361307
0.185566361307
0.185566361307
0.185566361307
0.185566361307
0.185566361307
0.185566361307
0.185566361307
0.185566361307
0.185566361307
0.185566361307
0.185566361307
0.185566361307
0.185566361307
0.185566361307
0.185566361307
0.185566361307
0.185566361307
0.185566361307
0.185566361307
0.185566361307
0.185566361307
0.185566361307
0.185566361307
0.185566361307
0.185566361307
0.185566361307
0.185566361307
0.185566361307
0.185566361307
0.185566361307
0.185566361307
0.185566361307
0.185566361307
0.185566361307
0.185566361307
0.185566361307
0.185566361307
