0.309415795001
0.238355373001
0.231025456883
0.214432022957
0.208888455656
0.208888455656
0.208888455656
0.208888455656
0.208709995491
0.208709995491
0.207378896601
0.206672237256
0.206672237256
0.206672237256
0.206672237256
0.197448591331
0.197448591331
0.197448591331
0.197448591331
0.197448591331
0.197448591331
0.197448591331
0.197448591331
0.197448591331
0.197448591331
0.197448591331
0.197448591331
0.197448591331
0.197448591331
0.197448591331
0.197448591331
0.191360920271
0.191360920271
0.191360920271
0.191360920271
0.191360920271
0.191360920271
0.191360920271
0.191360920271
0.191360920271
0.191360920271
0.191360920271
0.191360920271
0.191360920271
0.191360920271
0.191360920271
0.191360920271
0.191360920271
0.191360920271
0.191360920271
0.191360920271
0.191360920271
0.191360920271
0.191265246818
0.191265246818
0.191265246818
0.191265246818
0.191265246818
0.191265246818
0.191265246818
0.191265246818
0.191243603781
0.191243603781
0.191243603781
0.191243603781
0.191243603781
0.191243603781
0.191243603781
0.191243603781
0.191243603781
0.191243603781
0.191243603781
0.191243603781
0.191243603781
0.191243603781
0.191243603781
0.191243603781
0.191243603781
0.191243603781
0.191243603781
0.191243603781
0.191243603781
0.191243603781
0.191243603781
0.191243603781
0.191243603781
0.191243603781
0.191243603781
0.191243603781
0.191243603781
0.191243603781
0.191243603781
0.191243603781
0.191243603781
0.191243603781
0.191243603781
0.191243603781
0.191243603781
0.191243603781
0.191243603781
0.191243603781
0.191243603781
0.191243603781
0.191243603781
0.191243603781
0.191243603781
0.191243603781
0.191243603781
0.191243603781
0.191243603781
0.191243603781
0.191243603781
0.191243603781
0.191243603781
0.191243603781
0.191243603781
0.191243603781
0.191243603781
0.191243603781
0.191243603781
0.191243603781
0.191243603781
0.191243603781
0.191243603781
0.191243603781
0.191243603781
0.191243603781
0.191243603781
0.191243603781
0.191243603781
0.191243603781
0.191243603781
0.191243603781
0.191243603781
0.191243603781
0.191243603781
0.191243603781
0.188707304838
0.188707304838
0.188707304838
0.188707304838
0.188707304838
0.188707304838
0.188707304838
0.188707304838
0.188707304838
0.188707304838
0.188707304838
0.188707304838
0.188707304838
0.188707304838
0.188707304838
0.188707304838
0.188707304838
0.188707304838
0.188707304838
0.188707304838
0.188707304838
0.188707304838
0.188707304838
0.188707304838
0.188707304838
0.188707304838
0.188707304838
0.188707304838
0.188707304838
0.188707304838
0.188707304838
0.188707304838
0.188707304838
0.188707304838
0.188707304838
0.188707304838
0.188707304838
0.188707304838
0.188707304838
0.188707304838
0.188707304838
0.188707304838
0.188707304838
0.188707304838
0.188707304838
0.188707304838
0.188707304838
0.188707304838
0.188707304838
0.188707304838
0.188707304838
0.188707304838
0.188707304838
0.188707304838
0.188707304838
0.188707304838
0.188707304838
0.188707304838
0.188707304838
0.188707304838
0.188707304838
0.188707304838
0.188707304838
0.188707304838
0.188707304838
0.188707304838
0.188707304838
0.188707304838
0.188707304838
0.188707304838
0.188707304838
0.188707304838
0.188707304838
0.188707304838
0.188707304838
0.188707304838
0.188707304838
0.188707304838
0.188707304838
0.188707304838
0.188707304838
0.188707304838
0.188707304838
0.188707304838
0.188707304838
0.188707304838
0.188707304838
0.188707304838
0.188707304838
0.188707304838
0.188707304838
0.188707304838
0.188707304838
0.188707304838
0.188707304838
0.188707304838
0.188707304838
0.188707304838
0.188707304838
0.188707304838
0.188707304838
0.188707304838
0.188707304838
0.188707304838
0.188707304838
0.188707304838
0.188707304838
0.188707304838
0.188707304838
0.188707304838
0.188707304838
0.188707304838
0.188707304838
0.188707304838
0.188707304838
0.188707304838
0.188707304838
0.188707304838
0.188707304838
0.188707304838
0.188707304838
0.188707304838
0.188707304838
0.188707304838
0.188707304838
0.188707304838
0.188707304838
0.188707304838
0.188707304838
0.188707304838
0.188707304838
0.188707304838
0.188707304838
0.188707304838
0.188707304838
0.188707304838
0.188707304838
0.188707304838
0.188707304838
0.188707304838
0.188707304838
0.188707304838
0.188707304838
0.188707304838
0.188707304838
0.188707304838
0.188707304838
0.188707304838
0.188707304838
0.188707304838
0.188707304838
0.188707304838
0.188707304838
0.188707304838
0.188707304838
0.188707304838
0.188707304838
0.188707304838
0.188707304838
0.188707304838
0.188707304838
0.188707304838
0.188707304838
