0.297279979094
0.248708478503
0.214884488637
0.214884488637
0.201426633078
0.201426633078
0.201426633078
0.201426633078
0.201426633078
0.201426633078
0.201426633078
0.201426633078
0.201426592146
0.201426592146
0.201426592146
0.201426592146
0.201426592146
0.201426592146
0.201426592146
0.201426592146
0.201426592146
0.201426592146
0.201426592146
0.201426592146
0.197868199364
0.197868199364
0.197868199364
0.196611037193
0.196611037193
0.196611037193
0.196611037193
0.196611037193
0.196611037193
0.196611037193
0.196611037193
0.196611037193
0.196611037193
0.196611037193
0.196611037193
0.196611037193
0.196611037193
0.196611037193
0.196611037193
0.196611037193
0.196611037193
0.196611037193
0.196611037193
0.196611037193
0.196611037193
0.196611037193
0.196611037193
0.196611037193
0.196611037193
0.196611037193
0.196611037193
0.196611037193
0.196611037193
0.196611037193
0.196611037193
0.196611037193
0.196611037193
0.196611037193
0.196611037193
0.196611037193
0.196611037193
0.196611037193
0.190305486067
0.190305486067
0.190305486067
0.190305486067
0.190305486067
0.190305486067
0.190305486067
0.190305486067
0.190305486067
0.190305486067
0.190305486067
0.190305486067
0.190305486067
0.190305486067
0.190305486067
0.190305486067
0.190305486067
0.190305486067
0.190305486067
0.190305486067
0.190305486067
0.190305486067
0.190305486067
0.190305486067
0.190305486067
0.190305486067
0.190305486067
0.190305486067
0.190305486067
0.190305486067
0.190305486067
0.190305486067
0.190305486067
0.190305486067
0.190305486067
0.190305486067
0.190305486067
0.190305486067
0.190305486067
0.190305486067
0.190305486067
0.190305486067
0.190305486067
0.190305486067
0.190305486067
0.190305486067
0.190305486067
0.190305486067
0.190305486067
0.190305486067
0.190305486067
0.190305486067
0.190305486067
0.190305486067
0.190305486067
0.190305486067
0.190305486067
0.190305486067
0.190305486067
0.190305486067
0.190305486067
0.190305486067
0.190305486067
0.190305486067
0.190305486067
0.190305486067
0.190305486067
0.190305486067
0.190305486067
0.190305486067
0.190305486067
0.190305486067
0.190305486067
0.190305486067
0.190305486067
0.190305486067
0.190305486067
0.190305486067
0.190305486067
0.190305486067
0.190305486067
0.190305486067
0.190305486067
0.190305486067
0.190305486067
0.190305486067
0.190305486067
0.190305486067
0.190305486067
0.190305486067
0.190305486067
0.190305486067
0.190305486067
0.190305486067
0.190305486067
0.190305486067
0.190305486067
0.190305486067
0.190305486067
0.190305486067
0.190305486067
0.190305486067
0.190305486067
0.190305486067
0.190305486067
0.190305486067
0.190305486067
0.190305486067
0.190305486067
0.190305486067
0.190305486067
0.190305486067
0.190305486067
0.190305486067
0.190305486067
0.190305486067
0.190305486067
0.190305486067
0.190305486067
0.190305486067
0.190305486067
0.190305486067
0.190305486067
0.190305486067
0.190305486067
0.190305486067
0.190305486067
0.190305486067
0.190305486067
0.190305486067
0.190305486067
0.190305486067
0.190305486067
0.190305486067
0.190305486067
0.190305486067
0.190305486067
0.190305486067
0.190305486067
0.190305486067
0.190305486067
0.190305486067
0.190305486067
0.190305486067
0.190305486067
0.190305486067
0.190305486067
0.190305486067
0.190305486067
0.190305486067
0.190305486067
0.190305486067
0.190305486067
0.190305486067
0.190305486067
0.190305486067
0.190305486067
0.190305486067
0.190305486067
0.190305486067
0.190305486067
0.190305486067
0.190305486067
0.190305486067
0.190305486067
0.190305486067
0.190305486067
0.190305486067
0.190305486067
0.190305486067
0.190305486067
0.190305486067
0.190305486067
0.190305486067
0.190305486067
0.190305486067
0.190305486067
0.190305486067
0.190305486067
0.190305486067
0.190305486067
0.190305486067
0.189300974186
0.189300974186
0.189300974186
0.189300974186
0.189300974186
0.189300974186
0.189300974186
0.189300974186
0.189300974186
0.189300974186
0.189300974186
0.189300974186
0.189300974186
0.189300974186
0.189300974186
0.189300974186
0.189300974186
0.189300974186
0.189300974186
0.189300974186
0.189300974186
0.189300974186
0.189300974186
0.189300974186
0.189300974186
0.189300974186
0.189300974186
0.189300974186
0.189300974186
0.189300974186
0.189300974186
0.189300974186
0.189300974186
0.189300974186
0.189300974186
0.189300974186
0.189300974186
0.189300974186
0.189300974186
0.189300974186
0.189300974186
0.189300974186
0.189300974186
0.189300974186
0.189300974186
0.189300974186
0.189300974186
0.189300974186
0.189300974186
0.189300974186
0.189300974186
0.189300974186
