0.272269372533
0.238243804639
0.219380300923
0.218067424244
0.212584117943
0.211353675262
0.207187930594
0.207187930594
0.207187930594
0.207187930594
0.207187930594
0.207187930594
0.203080877538
0.190880576127
0.190880576127
0.190880576127
0.190880576127
0.190880576127
0.190880576127
0.190880576127
0.190880576127
0.190880576127
0.190880576127
0.190880576127
0.190880576127
0.190880576127
0.190880576127
0.190880576127
0.190880576127
0.190880576127
0.190880576127
0.190880576127
0.190880576127
0.190880576127
0.190880576127
0.190880576127
0.190880576127
0.190880576127
0.190880576127
0.190880576127
0.190880576127
0.190880576127
0.190880576127
0.190880576127
0.190880576127
0.190880576127
0.190880576127
0.190880576127
0.190880576127
0.190880576127
0.190880576127
0.190880576127
0.190880576127
0.190880576127
0.190880576127
0.190880576127
0.190880576127
0.190880576127
0.190880576127
0.190880576127
0.190880576127
0.190880576127
0.190880576127
0.190880576127
0.190880576127
0.190880576127
0.190880576127
0.190880576127
0.190880576127
0.188220892662
0.188220892662
0.188220892662
0.188220892662
0.188220892662
0.188220892662
0.188220892662
0.188220892662
0.188220892662
0.188220892662
0.188220892662
0.188220892662
0.188220892662
0.188220892662
0.188220892662
0.188220892662
0.188220892662
0.188220892662
0.188220892662
0.188220892662
0.188220892662
0.188220892662
0.188220892662
0.188220892662
0.188220892662
0.188220892662
0.188220892662
0.188220892662
0.188220892662
0.188220892662
0.188220892662
0.188220892662
0.188220892662
0.188220892662
0.188220892662
0.188220892662
0.188220892662
0.188220892662
0.188220892662
0.188220892662
0.188220892662
0.188220892662
0.188220892662
0.188220892662
0.188220892662
0.188220892662
0.188220892662
0.188220892662
0.188220892662
0.188220892662
0.188220892662
0.188220892662
0.188220892662
0.188220892662
0.188220892662
0.188220892662
0.188220892662
0.188220892662
0.188220892662
0.188220892662
0.188220892662
0.188220892662
0.188220892662
0.188220892662
0.188220892662
0.186128574399
0.186128574399
0.186128574399
0.186128574399
0.186128574399
0.186128574399
0.186128574399
0.186128574399
0.186128574399
0.186128574399
0.186128574399
0.186128574399
0.186128574399
0.186128574399
0.186128574399
0.186128574399
0.186128574399
0.186128574399
0.186128574399
0.186128574399
0.186128574399
0.186128574399
0.186128574399
0.186128574399
0.186128574399
0.186128574399
0.186128574399
0.186128574399
0.186128574399
0.186128574399
0.186128574399
0.186128574399
0.186128574399
0.186128574399
0.186128574399
0.186128574399
0.186128574399
0.186128574399
0.186128574399
0.186128574399
0.186128574399
0.186128574399
0.185547738434
0.185547738434
0.185547738434
0.185547738434
0.185547738434
0.185547738434
0.185547738434
0.185547738434
0.185547738434
0.185547738434
0.185547738434
0.185547738434
0.185547738434
0.185547738434
0.185547738434
0.185547738434
0.185547738434
0.185547738434
0.185547738434
0.185547738434
0.185547738434
0.185547738434
0.185547738434
0.185547738434
0.185547738434
0.185547738434
0.185547738434
0.185547738434
0.185547738434
0.185547738434
0.185547738434
0.185547738434
0.185547738434
0.185547738434
0.185547738434
0.185547738434
0.185547738434
0.185547738434
0.185547738434
0.185547738434
0.185547738434
0.185547738434
0.185547738434
0.185547738434
0.185547738434
0.185547738434
0.185547738434
0.185547738434
0.185547738434
0.185547738434
0.185547738434
0.185547738434
0.185547738434
0.185547738434
0.185547738434
0.185547738434
0.185547738434
0.185547738434
0.185547738434
0.185547738434
0.185547738434
0.185547738434
0.185547738434
0.185547738434
0.185547738434
0.185547738434
0.185547738434
0.185547738434
0.185547738434
0.185547738434
0.185547738434
0.185547738434
0.185547738434
0.185547738434
0.185547738434
0.185547738434
0.185547738434
0.185547738434
0.185547738434
0.185547738434
0.185547738434
0.185547738434
0.185547738434
0.185547738434
0.185547738434
0.185547738434
0.185547738434
0.185547738434
0.185547738434
0.185547738434
0.185547738434
0.185547738434
0.185547738434
0.185547738434
0.185547738434
0.185547738434
0.185547738434
0.185547738434
0.185547738434
0.185547738434
0.185547738434
0.185547738434
0.185547738434
0.185547738434
0.185547738434
0.185547738434
0.185547738434
0.185547738434
0.185547738434
0.185547738434
0.185547738434
0.185547738434
0.185547738434
0.185547738434
0.185547738434
0.185547738434
0.185547738434
0.185547738434
0.185547738434
0.185547738434
0.185547738434
0.185547738434
0.185547738434
0.185547738434
