0.304752091714
0.248012757824
0.228668536949
0.211181360222
0.211181360222
0.211181360222
0.183696712621
0.183696712621
0.183696712621
0.183696712621
0.183696712621
0.183696712621
0.183696712621
0.183696712621
0.183696712621
0.183696712621
0.183696712621
0.183696712621
0.183696712621
0.183696712621
0.183696712621
0.183696712621
0.183696712621
0.183696712621
0.183696712621
0.183696712621
0.183696712621
0.183696712621
0.183696712621
0.183696712621
0.183696712621
0.183696712621
0.183696712621
0.183696712621
0.183696712621
0.183696712621
0.183696712621
0.183696712621
0.183696712621
0.183696712621
0.183696712621
0.183696712621
0.183696712621
0.183696712621
0.183696712621
0.183696712621
0.183696712621
0.183696712621
0.183696712621
0.183696712621
0.183696712621
0.183696712621
0.183696712621
0.183696712621
0.183696712621
0.183696712621
0.183696712621
0.183696712621
0.183696712621
0.183696712621
0.183696712621
0.183696712621
0.183696712621
0.183696712621
0.183696712621
0.183696712621
0.183696712621
0.183696712621
0.183696712621
0.183696712621
0.183696712621
0.183696712621
0.183696712621
0.183696712621
0.183696712621
0.183696712621
0.183696712621
0.183696712621
0.183696712621
0.183696712621
0.183696712621
0.183696712621
0.183696712621
0.183696712621
0.183696712621
0.183696712621
0.183696712621
0.183696712621
0.183696712621
0.183696712621
0.183696712621
0.183696712621
0.183696712621
0.183696712621
0.183696712621
0.183696712621
0.183696712621
0.183696712621
0.183696712621
0.183696712621
0.183696712621
0.183696712621
0.183696712621
0.183696712621
0.183696712621
0.183696712621
0.183696712621
0.183696712621
0.183696712621
0.183696712621
0.183696712621
0.183696712621
0.183696712621
0.183696712621
0.183696712621
0.183696712621
0.183696712621
0.183696712621
0.183696712621
0.183696712621
0.183696712621
0.183696712621
0.183696712621
0.183696712621
0.183696712621
0.183696712621
0.183064241633
0.183064241633
0.183064241633
0.183064241633
0.183064241633
0.183064241633
0.183064241633
0.183064241633
0.183064241633
0.183064241633
0.183064241633
0.183064241633
0.183064241633
0.183064241633
0.183064241633
0.183064241633
0.183064241633
0.183064241633
0.183064241633
0.183064241633
0.183064241633
0.183064241633
0.183064241633
0.183064241633
0.183064241633
0.183064241633
0.183064241633
0.183064241633
0.183064241633
0.183064241633
0.183064241633
0.183064241633
0.183064241633
0.183064241633
0.183064241633
0.183064241633
0.183064241633
0.183064241633
0.183064241633
0.183064241633
0.183064241633
0.183064241633
0.183064241633
0.183064241633
0.183064241633
0.183064241633
0.183064241633
0.183064241633
0.183064241633
0.183064241633
0.183064241633
0.183064241633
0.183064241633
0.183064241633
0.183064241633
0.183064241633
0.183064241633
0.183064241633
0.183064241633
0.183064241633
0.183064241633
0.183064241633
0.183064241633
0.183064241633
0.183064241633
0.183064241633
0.183064241633
0.183064241633
0.183064241633
0.183064241633
0.183064241633
0.183064241633
0.183064241633
0.183064241633
0.183064241633
0.183064241633
0.183064241633
0.183064241633
0.183064241633
0.183064241633
0.183064241633
0.183064241633
0.183064241633
0.183064241633
0.183064241633
0.183064241633
0.183064241633
0.183064241633
0.183064241633
0.183064241633
0.183064241633
0.183064241633
0.183064241633
0.183064241633
0.183064241633
0.183064241633
0.183064241633
0.183064241633
0.183064241633
0.183064241633
0.183064241633
0.183064241633
0.183064241633
0.183064241633
0.183064241633
0.183064241633
0.183064241633
0.183064241633
0.183064241633
0.183064241633
0.183064241633
0.183064241633
0.183064241633
0.183064241633
0.183064241633
0.183064241633
0.183064241633
0.183064241633
0.183064241633
0.183064241633
0.183064241633
0.183064241633
0.183064241633
0.183064241633
0.183064241633
0.183064241633
0.183064241633
0.183064241633
0.183064241633
0.183064241633
0.183064241633
0.183064241633
0.183064241633
0.183064241633
0.183064241633
0.183064241633
0.183064241633
0.183064241633
0.183064241633
0.183064241633
0.183064241633
0.183064241633
0.183064241633
0.183064241633
0.183064241633
0.183064241633
0.183064241633
0.183064241633
0.183064241633
0.183064241633
0.183064241633
0.183064241633
0.183064241633
0.183064241633
0.183064241633
0.183064241633
0.183064241633
0.183064241633
0.183064241633
0.183064241633
0.183064241633
0.183064241633
0.183064241633
0.183064241633
0.183064241633
0.183064241633
0.183064241633
0.183064241633
0.183064241633
0.183064241633
0.183064241633
0.183064241633
0.183064241633
0.183064241633
