0.295128544992
0.228405633491
0.2171177404
0.205473385436
0.202419429169
0.202419429169
0.202419429169
0.202419429169
0.202419429169
0.200104352123
0.200104352123
0.200104352123
0.200104352123
0.200104352123
0.200104352123
0.200079481486
0.200079481486
0.198620804202
0.198620804202
0.198620804202
0.198620804202
0.198620804202
0.198620804202
0.198620804202
0.198620804202
0.198620804202
0.198620804202
0.198620804202
0.198620804202
0.198620804202
0.198620804202
0.198620804202
0.193809494802
0.193809494802
0.193809494802
0.193809494802
0.193809494802
0.193809494802
0.193809494802
0.193809494802
0.193809494802
0.193809494802
0.193809494802
0.193809494802
0.193809494802
0.193809494802
0.193809494802
0.193809494802
0.193809494802
0.193809494802
0.193809494802
0.193809494802
0.193809494802
0.193809494802
0.193809494802
0.193809494802
0.193809494802
0.193809494802
0.193809494802
0.193809494802
0.193809494802
0.193809494802
0.193809494802
0.193809494802
0.193809494802
0.193809494802
0.193809494802
0.193809494802
0.193809494802
0.193809494802
0.193809494802
0.193809494802
0.193809494802
0.193809494802
0.193809494802
0.193809494802
0.193809494802
0.193809494802
0.193809494802
0.193809494802
0.193809494802
0.193809494802
0.193809494802
0.193809494802
0.193809494802
0.193809494802
0.193809494802
0.193809494802
0.190098106478
0.190098106478
0.190098106478
0.190098106478
0.190098106478
0.190098106478
0.190098106478
0.190098106478
0.190098106478
0.190098106478
0.190098106478
0.190098106478
0.190098106478
0.190098106478
0.190098106478
0.190098106478
0.190098106478
0.190098106478
0.190098106478
0.190098106478
0.190098106478
0.190098106478
0.190098106478
0.190098106478
0.190098106478
0.190098106478
0.190098106478
0.190098106478
0.190098106478
0.190098106478
0.190098106478
0.190098106478
0.190098106478
0.190098106478
0.190098106478
0.190098106478
0.190098106478
0.190098106478
0.184605769081
0.184605769081
0.184605769081
0.184605769081
0.184605769081
0.184605769081
0.184605769081
0.184605769081
0.184605769081
0.184605769081
0.184605769081
0.184605769081
0.184605769081
0.184605769081
0.184605769081
0.184605769081
0.184605769081
0.184605769081
0.184605769081
0.184605769081
0.184605769081
0.184605769081
0.184605769081
0.184605769081
0.184605769081
0.184605769081
0.184605769081
0.184605769081
0.184605769081
0.184605769081
0.184605769081
0.184605769081
0.184605769081
0.184605769081
0.184605769081
0.184605769081
0.184605769081
0.184605769081
0.184605769081
0.184605769081
0.184605769081
0.184605769081
0.184605769081
0.184605769081
0.184605769081
0.184605769081
0.184605769081
0.184605769081
0.184605769081
0.184605769081
0.184605769081
0.184605769081
0.184605769081
0.184605769081
0.184605769081
0.184605769081
0.184605769081
0.184605769081
0.184605769081
0.184605769081
0.184605769081
0.184605769081
0.184605769081
0.184605769081
0.184605769081
0.184605769081
0.184605769081
0.184605769081
0.184605769081
0.184605769081
0.184605769081
0.184605769081
0.184605769081
0.184605769081
0.184605769081
0.184605769081
0.184605769081
0.184605769081
0.184605769081
0.184605769081
0.184605769081
0.184605769081
0.184605769081
0.184605769081
0.184605769081
0.184605769081
0.184605769081
0.184605769081
0.184605769081
0.184605769081
0.184605769081
0.184605769081
0.184605769081
0.184605769081
0.184605769081
0.184605769081
0.184605769081
0.184605769081
0.184605769081
0.184605769081
0.184605769081
0.184605769081
0.184605769081
0.184605769081
0.184605769081
0.184605769081
0.184605769081
0.184605769081
0.184605769081
0.184605769081
0.184605769081
0.184605769081
0.184605769081
0.184605769081
0.184605769081
0.184605769081
0.184605769081
0.184605769081
0.184605769081
0.184605769081
0.184605769081
0.184605769081
0.184605769081
0.184605769081
0.184605769081
0.184605769081
0.184605769081
0.184605769081
0.184605769081
0.184605769081
0.184605769081
0.184605769081
0.184605769081
0.184605769081
0.184605769081
0.184605769081
0.184605769081
0.184605769081
0.184605769081
0.184605769081
0.184605769081
0.184605769081
0.184605769081
0.184605769081
0.184605769081
0.184605769081
0.184605769081
0.184605769081
0.184605769081
0.184605769081
0.184605769081
0.184605769081
0.184605769081
0.184605769081
0.184605769081
0.184605769081
0.184605769081
0.184605769081
0.184605769081
0.184605769081
0.184605769081
0.184605769081
0.184605769081
0.184605769081
0.184605769081
0.184605769081
0.184605769081
0.184605769081
0.184605769081
0.184605769081
0.184605769081
0.184605769081
0.184605769081
0.184605769081
