0.331746432058
0.231943160471
0.200621989825
0.200621989825
0.200621989825
0.200621989825
0.200621989825
0.200621989825
0.200621989825
0.200621989825
0.196980556374
0.196785704784
0.196785704784
0.196785704784
0.196785704784
0.196785704784
0.196785704784
0.196785704784
0.196785704784
0.196785704784
0.196785704784
0.196785704784
0.196785704784
0.196785704784
0.196785704784
0.196785704784
0.196785704784
0.196785704784
0.196785704784
0.196785704784
0.180598745701
0.180598745701
0.180598745701
0.180598745701
0.180598745701
0.180598745701
0.180598745701
0.180598745701
0.180598745701
0.180598745701
0.180598745701
0.180598745701
0.180598745701
0.180598745701
0.180598745701
0.180598745701
0.180598745701
0.180598745701
0.180598745701
0.180598745701
0.180598745701
0.180598745701
0.180598745701
0.180598745701
0.180598745701
0.180598745701
0.180598745701
0.180598745701
0.180598745701
0.180598745701
0.180598745701
0.180598745701
0.180598745701
0.180598745701
0.180598745701
0.180598745701
0.180598745701
0.180598745701
0.180598745701
0.180598745701
0.180598745701
0.180598745701
0.180598745701
0.180598745701
0.180598745701
0.180598745701
0.180598745701
0.180598745701
0.180598745701
0.180598745701
0.180598745701
0.180598745701
0.180598745701
0.180598745701
0.180598745701
0.180598745701
0.180598745701
0.180598745701
0.180598745701
0.180598745701
0.180598745701
0.180598745701
0.180598745701
0.180598745701
0.180598745701
0.180598745701
0.180598745701
0.180598745701
0.180598745701
0.180598745701
0.180598745701
0.180598745701
0.180598745701
0.180598745701
0.180598745701
0.180598745701
0.180598745701
0.180598745701
0.180598745701
0.180598745701
0.180598745701
0.180598745701
0.180598745701
0.180598745701
0.180598745701
0.180598745701
0.180598745701
0.180598745701
0.180598745701
0.180598745701
0.180598745701
0.180598745701
0.180598745701
0.180598745701
0.180598745701
0.180598745701
0.180598745701
0.180598745701
0.180598745701
0.180598745701
0.180598745701
0.180598745701
0.180598745701
0.180598745701
0.180598745701
0.180598745701
0.180598745701
0.180598745701
0.180598745701
0.180598745701
0.180598745701
0.180598745701
0.180598745701
0.180598745701
0.180598745701
0.180598745701
0.180598745701
0.180598745701
0.180598745701
0.180598745701
0.180598745701
0.180598745701
0.180598745701
0.180598745701
0.180598745701
0.180598745701
0.180598745701
0.180598745701
0.180598745701
0.180598745701
0.180598745701
0.180598745701
0.180598745701
0.180598745701
0.180598745701
0.180598745701
0.180598745701
0.180598745701
0.180598745701
0.180598745701
0.180598745701
0.180598745701
0.180598745701
0.180598745701
0.180598745701
0.180598745701
0.180598745701
0.180598745701
0.180598745701
0.180598745701
0.180598745701
0.180598745701
0.180598745701
0.180598745701
0.180598745701
0.180598745701
0.180598745701
0.180598745701
0.180598745701
0.180598745701
0.180598745701
0.180598745701
0.180598745701
0.180598745701
0.180598745701
0.180598745701
0.180598745701
0.180598745701
0.180598745701
0.180598745701
0.180598745701
0.180598745701
0.180598745701
0.180598745701
0.180598745701
0.180598745701
0.180598745701
0.180598745701
0.180598745701
0.180598745701
0.180598745701
0.180598745701
0.180598745701
0.180598745701
0.180598745701
0.180598745701
0.180598745701
0.180598745701
0.180598745701
0.180598745701
0.180598745701
0.180598745701
0.180598745701
0.180598745701
0.180598745701
0.180598745701
0.180598745701
0.180598745701
0.180598745701
0.180598745701
0.180598745701
0.180598745701
0.180598745701
0.180598745701
0.180598745701
0.180598745701
0.180598745701
0.180598745701
0.180598745701
0.180598745701
0.180598745701
0.180598745701
0.180598745701
0.180598745701
0.180598745701
0.180598745701
0.180598745701
0.180598745701
0.180598745701
0.180598745701
0.180598745701
0.180598745701
0.180598745701
0.180598745701
0.180598745701
0.180598745701
0.180598745701
0.180598745701
0.180598745701
0.180598745701
0.180598745701
0.180598745701
0.180598745701
0.180598745701
0.180598745701
0.180598745701
0.180598745701
0.180598745701
0.180598745701
0.180598745701
0.180598745701
0.180598745701
0.180598745701
0.180598745701
0.180598745701
0.180598745701
0.180598745701
0.180598745701
0.180598745701
0.180598745701
0.180598745701
0.180598745701
0.180598745701
0.180598745701
0.180598745701
0.180598745701
0.180598745701
0.180598745701
0.180598745701
0.180598745701
0.180598745701
0.180598745701
0.180598745701
0.180598745701
0.180598745701
0.180598745701
0.180598745701
0.180598745701
0.180598745701
0.180598745701
