0.407271718343
0.321987595458
0.300377056962
0.300377056962
0.297174559903
0.291521472833
0.291521472833
0.291521472833
0.291521472833
0.286599869161
0.286599869161
0.286599869161
0.286599869161
0.286599869161
0.286599869161
0.286599869161
0.286599869161
0.286599869161
0.286599869161
0.286599869161
0.286599869161
0.286599869161
0.286599869161
0.286599869161
0.286599869161
0.286599869161
0.286599869161
0.286599869161
0.286599869161
0.286599869161
0.286599869161
0.286599869161
0.286599869161
0.286599869161
0.286599869161
0.286599869161
0.286599869161
0.286599869161
0.286599869161
0.286599869161
0.286599869161
0.286599869161
0.286599869161
0.286599869161
0.286599869161
0.286599869161
0.286599869161
0.286599869161
0.286599869161
0.286599869161
0.286599869161
0.286599869161
0.286599869161
0.286599869161
0.286599869161
0.286599869161
0.286599869161
0.286599869161
0.286599869161
0.286599869161
0.286599869161
0.286599869161
0.286599869161
0.286599869161
0.286599869161
0.286599869161
0.286599869161
0.286599869161
0.286599869161
0.286599869161
0.286067742641
0.284009424258
0.284009424258
0.284009424258
0.284009424258
0.284009424258
0.284009424258
0.284009424258
0.284009424258
0.284009424258
0.284009424258
0.284009424258
0.284009424258
0.284009424258
0.284009424258
0.284009424258
0.284009424258
0.284009424258
0.284009424258
0.284009424258
0.284009424258
0.284009424258
0.284009424258
0.284009424258
0.284009424258
0.284009424258
0.284009424258
0.284009424258
0.284009424258
0.284009424258
0.282680080309
0.282680080309
0.282680080309
0.282680080309
0.282680080309
0.282680080309
0.282680080309
0.282680080309
0.282680080309
0.282680080309
0.282680080309
0.282680080309
0.282680080309
0.282680080309
0.282680080309
0.282680080309
0.282680080309
0.282680080309
0.282680080309
0.282680080309
0.282680080309
0.282680080309
0.282680080309
0.282680080309
0.282680080309
0.282680080309
0.282680080309
0.282680080309
0.282680080309
0.282680080309
0.282680080309
0.282680080309
0.282680080309
0.282680080309
0.282680080309
0.282680080309
0.282680080309
0.282680080309
0.282680080309
0.282680080309
0.282680080309
0.282680080309
0.282680080309
0.282680080309
0.282680080309
0.282680080309
0.282680080309
0.282680080309
0.282680080309
0.282680080309
0.282680080309
0.282680080309
0.282680080309
0.282680080309
0.282680080309
0.282680080309
0.282680080309
0.282680080309
0.282680080309
0.282680080309
0.282680080309
0.282680080309
0.282680080309
0.282680080309
0.282680080309
0.282680080309
0.282680080309
0.282680080309
0.282680080309
0.282680080309
0.282680080309
0.282680080309
0.282680080309
0.282680080309
0.282680080309
0.282680080309
0.282680080309
0.282680080309
0.282680080309
0.282680080309
0.282680080309
0.282680080309
0.282680080309
0.282680080309
0.282680080309
0.282680080309
0.281875488356
0.281875488356
0.281875488356
0.281875488356
0.281875488356
0.281875488356
0.281875488356
0.281875488356
0.281875488356
0.281875488356
0.281875488356
0.281875488356
0.281875488356
0.281875488356
0.281875488356
0.281875488356
0.281875488356
0.281875488356
0.281875488356
0.281875488356
0.281875488356
0.281875488356
0.281875488356
0.281875488356
0.281875488356
0.281875488356
0.281875488356
0.281875488356
0.281875488356
0.281875488356
0.281875488356
0.281875488356
0.281875488356
0.281875488356
0.281875488356
0.281875488356
0.281875488356
0.281875488356
0.281875488356
0.281875488356
0.281875488356
0.281875488356
0.281875488356
0.281875488356
0.281875488356
0.281875488356
0.281875488356
0.281875488356
0.281875488356
0.281875488356
0.281875488356
0.281875488356
0.281875488356
0.281875488356
0.281875488356
0.281875488356
0.281875488356
0.281875488356
0.281875488356
0.281875488356
0.281875488356
0.281875488356
0.281875488356
0.281875488356
0.281875488356
0.281875488356
0.281875488356
0.281875488356
0.281875488356
0.281875488356
0.281875488356
0.281875488356
0.281875488356
0.281875488356
0.281875488356
0.281875488356
0.281875488356
0.281875488356
0.281875488356
0.281875488356
0.281875488356
0.281875488356
0.281875488356
0.281875488356
0.281875488356
0.281875488356
0.281875488356
0.281875488356
0.281875488356
0.281875488356
0.281875488356
0.281875488356
0.281875488356
0.281875488356
0.281875488356
0.281875488356
0.281875488356
0.281875488356
0.281875488356
0.281875488356
0.281875488356
0.281875488356
0.281875488356
0.281875488356
0.281875488356
0.281875488356
0.281875488356
0.281875488356
0.281875488356
0.281875488356
0.281875488356
0.281875488356
0.281875488356
0.281875488356
0.281875488356
0.281875488356
0.281875488356
0.281875488356
0.281875488356
0.281875488356
0.281875488356
0.281875488356
0.281875488356
0.281875488356
0.281875488356
0.281875488356
0.281875488356
0.281875488356
0.281875488356
0.281875488356
0.281875488356
0.281875488356
0.281875488356
0.281875488356
0.281875488356
0.281875488356
0.281875488356
0.281875488356
0.281875488356
0.281875488356
0.281875488356
0.281875488356
0.281875488356
0.281875488356
0.281875488356
0.281875488356
0.281875488356
0.281875488356
0.281875488356
0.281875488356
0.281875488356
0.281875488356
0.281875488356
0.281875488356
0.281875488356
0.281875488356
0.281875488356
0.281875488356
0.281875488356
0.281875488356
0.281875488356
0.281875488356
0.281875488356
0.281875488356
0.281875488356
0.281875488356
0.281875488356
0.281875488356
0.281875488356
0.281875488356
0.281875488356
0.281875488356
0.281875488356
0.281875488356
0.281875488356
0.281875488356
0.281875488356
0.281875488356
0.281875488356
0.281875488356
0.281875488356
0.281875488356
0.281875488356
0.281875488356
0.281875488356
0.281875488356
0.281875488356
0.281875488356
0.281875488356
0.281875488356
0.281875488356
0.281875488356
0.281875488356
0.281875488356
0.281875488356
0.281875488356
0.281875488356
0.281875488356
0.281875488356
0.281875488356
0.281875488356
0.281875488356
0.281875488356
0.281875488356
0.281875488356
0.281875488356
0.281875488356
0.281875488356
0.281875488356
0.281875488356
0.281875488356
0.281875488356
0.281875488356
0.281875488356
