0.295691504681
0.24193734053
0.222381940976
0.222381940976
0.195968780585
0.195968780585
0.195968780585
0.195968780585
0.195968780585
0.195968780585
0.195968780585
0.195968780585
0.195968780585
0.195968780585
0.195968780585
0.195968780585
0.195968780585
0.195968780585
0.195968780585
0.195968780585
0.195968780585
0.195968780585
0.195968780585
0.195968780585
0.195968780585
0.195968780585
0.195968780585
0.195968780585
0.195968780585
0.195968780585
0.195968780585
0.195968780585
0.195968780585
0.195968780585
0.195968780585
0.195968780585
0.195968780585
0.195968780585
0.195968780585
0.195968780585
0.195968780585
0.195968780585
0.185584579249
0.185584579249
0.185584579249
0.185584579249
0.185584579249
0.185584579249
0.185584579249
0.185584579249
0.185584579249
0.185584579249
0.185584579249
0.185584579249
0.185584579249
0.185584579249
0.185584579249
0.185584579249
0.185584579249
0.185584579249
0.185584579249
0.185584579249
0.185584579249
0.185584579249
0.185584579249
0.185584579249
0.185584579249
0.185584579249
0.185584579249
0.185584579249
0.185584579249
0.185584579249
0.185584579249
0.185584579249
0.185584579249
0.185584579249
0.185584579249
0.185584579249
0.185584579249
0.185584579249
0.185584579249
0.185584579249
0.185584579249
0.185584579249
0.185584579249
0.185584579249
0.185584579249
0.185584579249
0.185584579249
0.185584579249
0.185584579249
0.185584579249
0.185584579249
0.185584579249
0.185584579249
0.185584579249
0.185584579249
0.185584579249
0.185584579249
0.185584579249
0.185584579249
0.185584579249
0.185584579249
0.185584579249
0.185584579249
0.185584579249
0.185584579249
0.185584579249
0.185584579249
0.185584579249
0.185584579249
0.185584579249
0.185584579249
0.185584579249
0.185584579249
0.185584579249
0.185584579249
0.185584579249
0.185584579249
0.185584579249
0.185584579249
0.185584579249
0.185584579249
0.185584579249
0.185584579249
0.185584579249
0.185584579249
0.185584579249
0.185584579249
0.185584579249
0.185584579249
0.185584579249
0.185584579249
0.185584579249
0.185584579249
0.185584579249
0.185584579249
0.185584579249
0.185584579249
0.185584579249
0.185584579249
0.185584579249
0.185584579249
0.185584579249
0.185584579249
0.185584579249
0.185584579249
0.185584579249
0.185584579249
0.185584579249
0.185584579249
0.185584579249
0.185584579249
0.185584579249
0.185584579249
0.185584579249
0.185584579249
0.185584579249
0.185584579249
0.185584579249
0.185584579249
0.185584579249
0.185584579249
0.185584579249
0.185584579249
0.185584579249
0.185584579249
0.18090892929
0.18090892929
0.18090892929
0.18090892929
0.18090892929
0.18090892929
0.18090892929
0.18090892929
0.18090892929
0.18090892929
0.18090892929
0.18090892929
0.18090892929
0.18090892929
0.18090892929
0.18090892929
0.18090892929
0.18090892929
0.18090892929
0.18090892929
0.18090892929
0.18090892929
0.18090892929
0.18090892929
0.18090892929
0.18090892929
0.18090892929
0.18090892929
0.18090892929
0.18090892929
0.18090892929
0.18090892929
0.18090892929
0.18090892929
0.18090892929
0.18090892929
0.18090892929
0.18090892929
0.18090892929
0.18090892929
0.18090892929
0.18090892929
0.18090892929
0.18090892929
0.18090892929
0.18090892929
0.18090892929
0.18090892929
0.18090892929
0.18090892929
0.18090892929
0.18090892929
0.18090892929
0.18090892929
0.18090892929
0.18090892929
0.18090892929
0.18090892929
0.18090892929
0.18090892929
0.18090892929
0.18090892929
0.18090892929
0.18090892929
0.18090892929
0.18090892929
0.18090892929
0.18090892929
0.18090892929
0.18090892929
0.18090892929
0.18090892929
0.18090892929
0.18090892929
0.18090892929
0.18090892929
0.18090892929
0.18090892929
0.18090892929
0.18090892929
0.18090892929
0.18090892929
0.18090892929
0.18090892929
0.18090892929
0.18090892929
0.18090892929
0.18090892929
0.18090892929
0.18090892929
0.18090892929
0.18090892929
0.18090892929
0.18090892929
0.18090892929
0.18090892929
0.18090892929
0.18090892929
0.18090892929
0.18090892929
0.18090892929
0.18090892929
0.18090892929
0.18090892929
0.18090892929
0.18090892929
0.18090892929
0.18090892929
0.18090892929
0.18090892929
0.18090892929
0.18090892929
0.18090892929
0.18090892929
0.18090892929
0.18090892929
0.18090892929
0.18090892929
0.18090892929
0.18090892929
0.18090892929
0.18090892929
0.18090892929
0.18090892929
0.18090892929
0.18090892929
0.18090892929
0.18090892929
0.18090892929
0.18090892929
0.18090892929
0.18090892929
0.18090892929
