0.316173023938
0.231496933086
0.212252336515
0.209689989059
0.209689989059
0.209689989059
0.20768611228
0.20768611228
0.207427577932
0.207427577932
0.207427577932
0.20384408982
0.20384408982
0.20384408982
0.20384408982
0.20384408982
0.20384408982
0.202798198154
0.202798198154
0.201807344163
0.201807344163
0.201807344163
0.201807344163
0.201807344163
0.195303580512
0.195303580512
0.195303580512
0.195303580512
0.195303580512
0.195303580512
0.195303580512
0.195303580512
0.195303580512
0.195303580512
0.195303580512
0.195303580512
0.195303580512
0.195303580512
0.195303580512
0.195303580512
0.195303580512
0.195303580512
0.195303580512
0.195303580512
0.195303580512
0.195303580512
0.195303580512
0.195303580512
0.195303580512
0.195303580512
0.195303580512
0.195303580512
0.195303580512
0.195303580512
0.195303580512
0.195303580512
0.195303580512
0.195303580512
0.195303580512
0.195303580512
0.195303580512
0.195303580512
0.195303580512
0.195303580512
0.195303580512
0.195303580512
0.195303580512
0.1915828352
0.1915828352
0.1915828352
0.1915828352
0.1915828352
0.1915828352
0.1915828352
0.1915828352
0.1915828352
0.1915828352
0.1915828352
0.1915828352
0.1915828352
0.1915828352
0.1915828352
0.1915828352
0.1915828352
0.1915828352
0.1915828352
0.1915828352
0.1915828352
0.1915828352
0.1915828352
0.1915828352
0.1915828352
0.1915828352
0.1915828352
0.1915828352
0.1915828352
0.1915828352
0.1915828352
0.1915828352
0.1915828352
0.1915828352
0.1915828352
0.1915828352
0.1915828352
0.1915828352
0.1915828352
0.1915828352
0.1915828352
0.189381796862
0.189381796862
0.189381796862
0.189381796862
0.189381796862
0.189381796862
0.189381796862
0.189381796862
0.189381796862
0.189381796862
0.189381796862
0.189381796862
0.189381796862
0.189381796862
0.189381796862
0.189381796862
0.189381796862
0.189381796862
0.189381796862
0.189381796862
0.189381796862
0.189381796862
0.189381796862
0.189381796862
0.189381796862
0.189381796862
0.189381796862
0.189381796862
0.189381796862
0.189381796862
0.189381796862
0.189381796862
0.189381796862
0.189381796862
0.189381796862
0.189381796862
0.189381796862
0.188549854822
0.188549854822
0.188549854822
0.188549854822
0.188549854822
0.188549854822
0.188549854822
0.188549854822
0.188549854822
0.188549854822
0.188549854822
0.188549854822
0.188549854822
0.188549854822
0.188549854822
0.188549854822
0.188549854822
0.188549854822
0.188549854822
0.188549854822
0.188549854822
0.185205268846
0.185205268846
0.185205268846
0.185205268846
0.185205268846
0.185205268846
0.185205268846
0.185205268846
0.185205268846
0.185205268846
0.185205268846
0.185205268846
0.185205268846
0.185205268846
0.185205268846
0.185205268846
0.185205268846
0.185205268846
0.185205268846
0.185205268846
0.185205268846
0.185205268846
0.185205268846
0.185205268846
0.185205268846
0.185205268846
0.185205268846
0.185205268846
0.185205268846
0.185205268846
0.185205268846
0.185205268846
0.185205268846
0.185205268846
0.185205268846
0.185205268846
0.185205268846
0.185205268846
0.185205268846
0.185205268846
0.185205268846
0.185205268846
0.185205268846
0.185205268846
0.185205268846
0.185205268846
0.185205268846
0.185205268846
0.185205268846
0.185205268846
0.185205268846
0.185205268846
0.185205268846
0.185205268846
0.185205268846
0.185205268846
0.185205268846
0.185205268846
0.185205268846
0.185205268846
0.185205268846
0.185205268846
0.185205268846
0.185205268846
0.185205268846
0.185205268846
0.185205268846
0.185205268846
0.185205268846
0.185205268846
0.185205268846
0.185205268846
0.185205268846
0.185205268846
0.185205268846
0.185205268846
0.185205268846
0.185205268846
0.185205268846
0.185205268846
0.185205268846
0.185205268846
0.185205268846
0.185205268846
0.185205268846
0.185205268846
0.185205268846
0.185205268846
0.185205268846
0.185205268846
0.185205268846
0.185205268846
0.185205268846
0.185205268846
0.185205268846
0.185205268846
0.185205268846
0.185205268846
0.185205268846
0.185205268846
0.185205268846
0.185205268846
0.185205268846
0.185205268846
0.185205268846
0.185205268846
0.185205268846
0.185205268846
0.185205268846
0.185205268846
0.185205268846
0.185205268846
0.185205268846
0.185205268846
0.185205268846
0.185205268846
0.185205268846
0.185205268846
0.185205268846
0.185205268846
0.185205268846
0.185205268846
0.185205268846
0.185205268846
0.185205268846
0.185205268846
0.185205268846
0.185205268846
0.185205268846
0.185205268846
0.185205268846
0.185205268846
0.185205268846
0.185205268846
