0.411754889207
0.330907958254
0.311397436524
0.306080803845
0.290546519015
0.289386106691
0.289386106691
0.289386106691
0.289386106691
0.289386106691
0.280553709835
0.280553709835
0.280553709835
0.280553709835
0.280553709835
0.280553709835
0.280553709835
0.280553709835
0.280553709835
0.280553709835
0.280553709835
0.280553709835
0.280553709835
0.280553709835
0.280553709835
0.280553709835
0.280553709835
0.280553709835
0.280553709835
0.280553709835
0.280553709835
0.280553709835
0.280553709835
0.280553709835
0.280553709835
0.280553709835
0.280553709835
0.280553709835
0.280553709835
0.280553709835
0.280553709835
0.280553709835
0.280553709835
0.280553709835
0.280553709835
0.280553709835
0.280553709835
0.280553709835
0.280553709835
0.280553709835
0.280553709835
0.280553709835
0.280553709835
0.280553709835
0.280553709835
0.280553709835
0.280553709835
0.280553709835
0.280553709835
0.280553709835
0.280553709835
0.280553709835
0.280553709835
0.280553709835
0.280553709835
0.280553709835
0.280553709835
0.280553709835
0.280553709835
0.280553709835
0.280553709835
0.280553709835
0.280553709835
0.280553709835
0.280553709835
0.280553709835
0.280553709835
0.280553709835
0.280553709835
0.280553709835
0.280553709835
0.280553709835
0.280553709835
0.280553709835
0.280553709835
0.280553709835
0.280553709835
0.280553709835
0.280553709835
0.280553709835
0.280553709835
0.280553709835
0.280553709835
0.280553709835
0.280553709835
0.280553709835
0.280553709835
0.280553709835
0.280553709835
0.280553709835
0.280553709835
0.280553709835
0.280553709835
0.280553709835
0.280553709835
0.280553709835
0.280553709835
0.280553709835
0.280553709835
0.280553709835
0.280553709835
0.280553709835
0.280553709835
0.280553709835
0.280553709835
0.280553709835
0.280553709835
0.280553709835
0.280553709835
0.280553709835
0.280553709835
0.280553709835
0.280553709835
0.280553709835
0.280553709835
0.280553709835
0.280553709835
0.280553709835
0.280553709835
0.280553709835
0.280553709835
0.280553709835
0.280553709835
0.280553709835
0.280553709835
0.280553709835
0.280553709835
0.280553709835
0.280553709835
0.280553709835
0.280553709835
0.280553709835
0.280553709835
0.280553709835
0.280553709835
0.280553709835
0.280553709835
0.280553709835
0.280553709835
0.280553709835
0.280553709835
0.280553709835
0.280553709835
0.280553709835
0.280553709835
0.278241553175
0.278241553175
0.278241553175
0.278241553175
0.278241553175
0.278241553175
0.278241553175
0.278241553175
0.278241553175
0.278241553175
0.278241553175
0.278241553175
0.278241553175
0.278241553175
0.278241553175
0.278241553175
0.278241553175
0.278241553175
0.278241553175
0.278241553175
0.278241553175
0.278241553175
0.278241553175
0.278241553175
0.278241553175
0.278241553175
0.278241553175
0.278241553175
0.278241553175
0.278241553175
0.278241553175
0.278241553175
0.278241553175
0.278241553175
0.278241553175
0.278241553175
0.278241553175
0.278241553175
0.278241553175
0.278241553175
0.278241553175
0.278241553175
0.278241553175
0.278241553175
0.278241553175
0.278241553175
0.278241553175
0.278241553175
0.278241553175
0.278241553175
0.278241553175
0.278241553175
0.278241553175
0.278241553175
0.278241553175
0.278241553175
0.278241553175
0.278241553175
0.278241553175
0.278241553175
0.278241553175
0.278241553175
0.278241553175
0.278241553175
0.278241553175
0.278241553175
0.278241553175
0.278241553175
0.278241553175
0.278241553175
0.278241553175
0.278241553175
0.278241553175
0.278241553175
0.278241553175
0.278241553175
0.278241553175
0.278241553175
0.278241553175
0.278241553175
0.278241553175
0.278241553175
0.278241553175
0.278241553175
0.278241553175
0.278241553175
0.278241553175
0.278241553175
0.278241553175
0.278241553175
0.278241553175
0.278241553175
0.278241553175
0.278241553175
0.278241553175
0.278241553175
0.278241553175
0.278241553175
0.278241553175
0.278241553175
0.278241553175
0.278241553175
0.278241553175
0.278241553175
0.278241553175
0.278241553175
0.278241553175
0.278241553175
0.278241553175
0.278241553175
0.278241553175
0.278241553175
0.278241553175
0.278241553175
0.278241553175
0.278241553175
0.278241553175
0.278241553175
0.278241553175
0.278241553175
0.278241553175
0.278241553175
0.278241553175
0.278241553175
0.278241553175
0.278241553175
0.278241553175
0.278241553175
0.278241553175
0.278241553175
0.278241553175
0.278241553175
0.278241553175
0.278241553175
0.278241553175
0.278241553175
0.278241553175
0.278241553175
0.278241553175
0.278241553175
0.278241553175
0.278241553175
0.278241553175
0.278241553175
0.278241553175
0.278241553175
0.278241553175
0.278241553175
0.278241553175
0.278241553175
0.278241553175
0.278241553175
0.278241553175
0.278241553175
0.278241553175
0.278241553175
0.278241553175
0.278241553175
0.278241553175
0.278241553175
0.278241553175
0.278241553175
0.278241553175
0.278241553175
0.278241553175
0.278241553175
0.278241553175
0.278241553175
0.278241553175
0.278241553175
0.278241553175
0.278241553175
0.278241553175
0.278241553175
0.278241553175
0.278241553175
0.278241553175
0.278241553175
0.278241553175
0.278241553175
0.278241553175
0.278241553175
0.278241553175
0.278241553175
0.278241553175
0.278241553175
0.278241553175
0.278241553175
0.278241553175
0.278241553175
0.278241553175
0.278241553175
0.278241553175
0.278241553175
0.278241553175
0.278241553175
0.278241553175
0.278241553175
0.278241553175
0.278241553175
0.278241553175
0.278241553175
0.278241553175
0.278241553175
0.278241553175
0.278241553175
0.278241553175
0.278241553175
0.278241553175
0.278241553175
0.278241553175
0.278241553175
0.278241553175
0.278241553175
0.278241553175
0.278241553175
0.278241553175
0.278241553175
0.278241553175
0.278241553175
0.278241553175
0.278241553175
0.278241553175
0.278241553175
0.278241553175
0.278241553175
0.278241553175
0.278241553175
0.278241553175
0.278241553175
0.278241553175
0.278241553175
0.278241553175
0.278241553175
0.278241553175
0.278241553175
0.278241553175
0.278241553175
0.278241553175
0.278241553175
0.278241553175
0.278241553175
0.278241553175
0.278241553175
0.278241553175
