0.418015626283
0.31722787544
0.314463927684
0.30476105096
0.296002708783
0.296002708783
0.292586346215
0.292586346215
0.292586346215
0.290819050171
0.290819050171
0.290819050171
0.290819050171
0.290819050171
0.290819050171
0.290819050171
0.290819050171
0.286750024884
0.286750024884
0.278149885314
0.278149885314
0.278149885314
0.278149885314
0.278149885314
0.278149885314
0.278149885314
0.278149885314
0.278149885314
0.278149885314
0.278149885314
0.278149885314
0.278149885314
0.278149885314
0.278149885314
0.278149885314
0.278149885314
0.278149885314
0.278149885314
0.278149885314
0.278149885314
0.278149885314
0.278149885314
0.278149885314
0.278149885314
0.278149885314
0.278149885314
0.278149885314
0.278149885314
0.278149885314
0.278149885314
0.278149885314
0.278149885314
0.278149885314
0.278149885314
0.278149885314
0.278149885314
0.278149885314
0.278149885314
0.278149885314
0.278149885314
0.278149885314
0.278149885314
0.278149885314
0.278149885314
0.278149885314
0.278149885314
0.278149885314
0.278149885314
0.278149885314
0.278149885314
0.278149885314
0.278149885314
0.278149885314
0.278149885314
0.278149885314
0.278149885314
0.278149885314
0.278149885314
0.278149885314
0.278149885314
0.278149885314
0.278149885314
0.278149885314
0.278149885314
0.278149885314
0.278149885314
0.278149885314
0.278149885314
0.278149885314
0.278149885314
0.278149885314
0.278149885314
0.278149885314
0.278149885314
0.278149885314
0.278149885314
0.278149885314
0.278149885314
0.278149885314
0.278149885314
0.278149885314
0.278149885314
0.278149885314
0.278149885314
0.278149885314
0.278149885314
0.278149885314
0.278149885314
0.278149885314
0.278149885314
0.278149885314
0.278149885314
0.278149885314
0.278149885314
0.278149885314
0.278149885314
0.278149885314
0.278149885314
0.278149885314
0.278149885314
0.278149885314
0.278149885314
0.278149885314
0.278149885314
0.278149885314
0.278149885314
0.278149885314
0.278149885314
0.278149885314
0.278149885314
0.278149885314
0.278149885314
0.278149885314
0.278149885314
0.278149885314
0.278149885314
0.278149885314
0.278149885314
0.278149885314
0.278149885314
0.278149885314
0.278149885314
0.278149885314
0.278149885314
0.278149885314
0.278149885314
0.278149885314
0.278149885314
0.278149885314
0.278149885314
0.278149885314
0.278149885314
0.278149885314
0.278149885314
0.278149885314
0.278149885314
0.278149885314
0.278149885314
0.278149885314
0.278149885314
0.278149885314
0.278149885314
0.278149885314
0.278149885314
0.278149885314
0.278149885314
0.278149885314
0.278149885314
0.278149885314
0.278149885314
0.278149885314
0.278149885314
0.278149885314
0.278149885314
0.278149885314
0.278149885314
0.278149885314
0.278149885314
0.278149885314
0.278149885314
0.278149885314
0.278149885314
0.278149885314
0.278149885314
0.278149885314
0.278149885314
0.278149885314
0.278149885314
0.278149885314
0.278149885314
0.278149885314
0.278149885314
0.278149885314
0.278149885314
0.278149885314
0.278149885314
0.278149885314
0.278149885314
0.278149885314
0.278149885314
0.278149885314
0.278149885314
0.278149885314
0.278149885314
0.278149885314
0.278149885314
0.278149885314
0.278149885314
0.278149885314
0.278149885314
0.278149885314
0.278149885314
0.278149885314
0.278149885314
0.278149885314
0.278149885314
0.278149885314
0.278149885314
0.278149885314
0.278149885314
0.278149885314
0.278149885314
0.278149885314
0.278149885314
0.278149885314
0.278149885314
0.278149885314
0.278149885314
0.278149885314
0.278149885314
0.278149885314
0.278149885314
0.278149885314
0.278149885314
0.278149885314
0.278149885314
0.278149885314
0.278149885314
0.278149885314
0.278149885314
0.278149885314
0.278149885314
0.278149885314
0.278149885314
0.278149885314
0.278149885314
0.278149885314
0.278149885314
0.278149885314
0.278149885314
0.278149885314
0.278149885314
0.278149885314
0.278149885314
0.278149885314
0.278149885314
0.278149885314
0.278149885314
0.278149885314
0.278149885314
0.278149885314
0.278149885314
0.278149885314
0.278149885314
0.278149885314
0.278149885314
0.278149885314
0.278149885314
0.278149885314
0.278149885314
0.278149885314
0.278149885314
0.278149885314
0.278149885314
0.278149885314
0.278149885314
0.278149885314
0.278149885314
0.278149885314
0.278149885314
0.278149885314
0.278149885314
0.278149885314
0.278149885314
0.278149885314
0.278149885314
0.278149885314
0.278149885314
0.278149885314
0.278149885314
0.278149885314
0.278149885314
0.278149885314
0.278149885314
0.278149885314
0.278149885314
0.278149885314
0.278149885314
0.278149885314
0.278149885314
0.278149885314
0.278149885314
0.278149885314
0.278149885314
0.278149885314
0.278149885314
0.278149885314
0.278149885314
0.278149885314
0.278149885314
0.278149885314
0.278149885314
0.278149885314
0.278149885314
0.278149885314
0.278149885314
0.278149885314
0.278149885314
0.278149885314
0.278149885314
0.278149885314
0.278149885314
0.278149885314
0.278149885314
0.278149885314
0.278149885314
0.278149885314
0.278149885314
0.278149885314
0.278149885314
0.278149885314
0.278149885314
0.278149885314
0.278149885314
0.278149885314
0.278149885314
0.278149885314
0.278149885314
0.278149885314
0.278149885314
0.278149885314
0.278149885314
0.278149885314
0.278149885314
0.278149885314
0.278149885314
0.278149885314
0.278149885314
0.278149885314
0.278149885314
0.278149885314
0.278149885314
0.278149885314
0.278149885314
0.278149885314
0.278149885314
0.278149885314
0.278149885314
0.278149885314
0.278149885314
0.278149885314
0.278149885314
0.278149885314
0.278149885314
0.278149885314
0.278149885314
0.278149885314
0.278149885314
0.278149885314
0.278149885314
0.278149885314
0.278149885314
0.278149885314
0.278149885314
0.278149885314
0.278149885314
0.278149885314
0.278149885314
0.278149885314
0.278149885314
0.278149885314
0.278149885314
0.278149885314
0.278149885314
0.278149885314
0.278149885314
0.278149885314
0.278149885314
0.278149885314
0.278149885314
0.278149885314
0.278149885314
0.278149885314
0.278149885314
0.278149885314
0.278149885314
0.278149885314
0.278149885314
0.278149885314
0.278149885314
