0.411750552297
0.331596217815
0.298139274991
0.298139274991
0.295500099229
0.295500099229
0.295500099229
0.293309547045
0.293309547045
0.293309547045
0.293309547045
0.293309547045
0.293309547045
0.293309547045
0.293309547045
0.291517822012
0.291517822012
0.291517822012
0.291517822012
0.291517822012
0.291517822012
0.291517822012
0.291301729436
0.291301729436
0.291301729436
0.291301729436
0.291301729436
0.291301729436
0.291301729436
0.291301729436
0.290071834368
0.290071834368
0.290071834368
0.290071834368
0.286924884419
0.286924884419
0.286924884419
0.286924884419
0.286924884419
0.286924884419
0.286924884419
0.286924884419
0.286924884419
0.286924884419
0.286924884419
0.286924884419
0.286924884419
0.286924884419
0.286924884419
0.286924884419
0.286924884419
0.286924884419
0.286924884419
0.286924884419
0.286924884419
0.286924884419
0.286924884419
0.286924884419
0.286924884419
0.286924884419
0.286924884419
0.286924884419
0.286924884419
0.286924884419
0.286924884419
0.286924884419
0.286924884419
0.286924884419
0.286924884419
0.286924884419
0.286924884419
0.286924884419
0.286924884419
0.286924884419
0.286924884419
0.286924884419
0.286924884419
0.286924884419
0.286924884419
0.286924884419
0.286924884419
0.286924884419
0.286924884419
0.286924884419
0.286924884419
0.286924884419
0.286924884419
0.286924884419
0.286924884419
0.286924884419
0.286924884419
0.286924884419
0.286924884419
0.286924884419
0.286924884419
0.286924884419
0.286924884419
0.286924884419
0.286924884419
0.286924884419
0.286924884419
0.286924884419
0.286924884419
0.286924884419
0.286924884419
0.286924884419
0.286924884419
0.286924884419
0.286924884419
0.286924884419
0.286924884419
0.286924884419
0.286924884419
0.286924884419
0.286924884419
0.286924884419
0.286924884419
0.286924884419
0.286924884419
0.286924884419
0.286924884419
0.286924884419
0.286924884419
0.286924884419
0.286924884419
0.286924884419
0.286924884419
0.286924884419
0.286924884419
0.286924884419
0.286924884419
0.286924884419
0.286924884419
0.286924884419
0.286924884419
0.286924884419
0.286924884419
0.286924884419
0.286924884419
0.286924884419
0.286924884419
0.286924884419
0.286924884419
0.286924884419
0.286924884419
0.286924884419
0.286322376773
0.286322376773
0.286322376773
0.286322376773
0.286322376773
0.286322376773
0.286322376773
0.286322376773
0.286322376773
0.286322376773
0.286322376773
0.286322376773
0.286322376773
0.286322376773
0.286322376773
0.286322376773
0.286322376773
0.286322376773
0.286322376773
0.286322376773
0.286322376773
0.286322376773
0.286322376773
0.286322376773
0.286322376773
0.286322376773
0.286322376773
0.286322376773
0.286322376773
0.286322376773
0.286322376773
0.286322376773
0.286322376773
0.286322376773
0.286322376773
0.286322376773
0.286322376773
0.286322376773
0.286322376773
0.286322376773
0.286322376773
0.286322376773
0.286322376773
0.286322376773
0.286322376773
0.286322376773
0.286322376773
0.286322376773
0.286322376773
0.286322376773
0.286322376773
0.286322376773
0.286322376773
0.286322376773
0.286322376773
0.286322376773
0.286322376773
0.286322376773
0.286322376773
0.286322376773
0.286322376773
0.286322376773
0.286322376773
0.286322376773
0.286322376773
0.286322376773
0.286322376773
0.286322376773
0.286322376773
0.286322376773
0.286322376773
0.286322376773
0.286322376773
0.286322376773
0.286322376773
0.28487588625
0.28487588625
0.28487588625
0.28487588625
0.28487588625
0.28487588625
0.28487588625
0.28487588625
0.28487588625
0.28487588625
0.28487588625
0.28487588625
0.28487588625
0.28487588625
0.28487588625
0.28487588625
0.28487588625
0.28487588625
0.28487588625
0.28487588625
0.28487588625
0.28487588625
0.28487588625
0.28487588625
0.28487588625
0.28487588625
0.28487588625
0.28487588625
0.28487588625
0.28487588625
0.28487588625
0.28487588625
0.28487588625
0.28487588625
0.28487588625
0.28487588625
0.28487588625
0.28487588625
0.28487588625
0.28487588625
0.28487588625
0.28487588625
0.28487588625
0.28487588625
0.28487588625
0.28487588625
0.28487588625
0.28487588625
0.28487588625
0.28487588625
0.28487588625
0.28487588625
0.28487588625
0.28487588625
0.28487588625
0.28487588625
0.28487588625
0.28487588625
0.28487588625
0.28487588625
0.28487588625
0.28487588625
0.28487588625
0.28487588625
0.28487588625
0.28487588625
0.28487588625
0.28487588625
0.28487588625
0.28487588625
0.28487588625
0.28487588625
0.28487588625
0.28487588625
0.28487588625
0.28487588625
0.28487588625
0.28487588625
0.28487588625
0.28487588625
0.28487588625
0.28487588625
0.28487588625
0.28487588625
0.28487588625
0.28487588625
0.28487588625
0.28487588625
0.28487588625
0.28487588625
0.28487588625
0.28487588625
0.28487588625
0.28487588625
0.28487588625
0.28487588625
0.28487588625
0.28487588625
0.28487588625
0.28487588625
0.28487588625
0.28487588625
0.28487588625
0.28487588625
0.28487588625
0.28487588625
0.28487588625
0.28487588625
0.28487588625
0.28487588625
0.28487588625
0.28487588625
0.28487588625
0.28487588625
0.28487588625
0.28487588625
0.28487588625
0.28487588625
0.28487588625
0.28487588625
0.28487588625
0.28487588625
0.28487588625
0.28487588625
0.28487588625
0.28487588625
0.28487588625
0.283803793968
0.283803793968
0.283803793968
0.283803793968
0.283803793968
0.283803793968
0.283803793968
0.283803793968
0.283803793968
0.283803793968
0.283803793968
0.283803793968
0.283803793968
0.283803793968
0.28302166632
0.28302166632
0.28302166632
0.28302166632
0.28302166632
0.28302166632
0.28302166632
0.28302166632
0.28302166632
0.28302166632
0.28302166632
0.28302166632
0.28302166632
0.28302166632
0.28302166632
0.281225679689
0.281225679689
0.281225679689
0.281225679689
0.281225679689
0.281225679689
0.281225679689
0.281225679689
0.281225679689
0.281225679689
0.281225679689
0.281225679689
0.281225679689
0.281225679689
0.281225679689
0.281225679689
0.281225679689
0.281225679689
0.281225679689
0.281225679689
0.281225679689
0.281225679689
0.281225679689
