0.423372346945
0.330839184115
0.299420071026
0.299420071026
0.295018891423
0.295018891423
0.295018891423
0.295018891423
0.295018891423
0.295018891423
0.295018891423
0.295018891423
0.295018891423
0.295018891423
0.295018891423
0.294960309587
0.293421171404
0.293421171404
0.293421171404
0.290159106459
0.290159106459
0.290159106459
0.290159106459
0.290159106459
0.290159106459
0.290159106459
0.290159106459
0.290159106459
0.290159106459
0.290159106459
0.290159106459
0.290159106459
0.290159106459
0.290159106459
0.290159106459
0.290159106459
0.290159106459
0.290159106459
0.287849092214
0.287849092214
0.287849092214
0.287849092214
0.287849092214
0.287849092214
0.287849092214
0.287849092214
0.287849092214
0.287849092214
0.287849092214
0.287849092214
0.287849092214
0.287849092214
0.287849092214
0.287849092214
0.287849092214
0.287849092214
0.287849092214
0.287849092214
0.287849092214
0.287849092214
0.287849092214
0.287849092214
0.287849092214
0.287594593046
0.287594593046
0.287594593046
0.287594593046
0.287594593046
0.287594593046
0.287594593046
0.287594593046
0.287594593046
0.287594593046
0.287594593046
0.287594593046
0.287594593046
0.287594593046
0.287594593046
0.287594593046
0.287594593046
0.287594593046
0.287594593046
0.287428060504
0.287428060504
0.287428060504
0.287428060504
0.287428060504
0.287428060504
0.287428060504
0.287428060504
0.287428060504
0.287428060504
0.287428060504
0.287428060504
0.287428060504
0.287428060504
0.287428060504
0.287428060504
0.287428060504
0.287428060504
0.287428060504
0.287428060504
0.287428060504
0.287428060504
0.284249400066
0.284249400066
0.284249400066
0.284249400066
0.284249400066
0.284249400066
0.284249400066
0.284249400066
0.284249400066
0.284249400066
0.284249400066
0.284249400066
0.284249400066
0.284249400066
0.284249400066
0.284249400066
0.282416373154
0.282416373154
0.282416373154
0.282416373154
0.282416373154
0.282416373154
0.282416373154
0.282416373154
0.282416373154
0.282416373154
0.282416373154
0.282416373154
0.282416373154
0.282416373154
0.282416373154
0.282416373154
0.282416373154
0.282416373154
0.282416373154
0.282416373154
0.282416373154
0.282416373154
0.282416373154
0.282416373154
0.282416373154
0.282416373154
0.282416373154
0.282416373154
0.282416373154
0.282416373154
0.282416373154
0.282416373154
0.282416373154
0.282416373154
0.282416373154
0.282416373154
0.282416373154
0.282416373154
0.282416373154
0.282416373154
0.282416373154
0.282416373154
0.282416373154
0.282416373154
0.282416373154
0.282416373154
0.282416373154
0.282416373154
0.282416373154
0.282416373154
0.282416373154
0.282416373154
0.282416373154
0.282416373154
0.282416373154
0.282416373154
0.282416373154
0.282416373154
0.282416373154
0.282416373154
0.282416373154
0.282416373154
0.282416373154
0.282416373154
0.282416373154
0.282416373154
0.282416373154
0.282416373154
0.282416373154
0.282416373154
0.282416373154
0.282416373154
0.282416373154
0.282416373154
0.282416373154
0.282416373154
0.282416373154
0.282416373154
0.282416373154
0.282416373154
0.282416373154
0.282416373154
0.282416373154
0.282416373154
0.282416373154
0.282416373154
0.282416373154
0.282416373154
0.282416373154
0.282416373154
0.282416373154
0.282416373154
0.282416373154
0.282416373154
0.282416373154
0.282416373154
0.282416373154
0.282416373154
0.282416373154
0.282416373154
0.282416373154
0.282416373154
0.282416373154
0.282416373154
0.282416373154
0.282416373154
0.282416373154
0.282416373154
0.282416373154
0.282416373154
0.282416373154
0.282416373154
0.282416373154
0.282416373154
0.282416373154
0.282416373154
0.282416373154
0.282416373154
0.282416373154
0.282416373154
0.282416373154
0.282416373154
0.282416373154
0.282416373154
0.282416373154
0.282416373154
0.282416373154
0.282416373154
0.282416373154
0.282416373154
0.282416373154
0.282416373154
0.282416373154
0.282416373154
0.282416373154
0.282416373154
0.282416373154
0.282416373154
0.282416373154
0.282416373154
0.282416373154
0.282416373154
0.282416373154
0.282416373154
0.282416373154
0.282416373154
0.282416373154
0.282416373154
0.282416373154
0.282416373154
0.282416373154
0.282416373154
0.282416373154
0.282416373154
0.282416373154
0.282416373154
0.282416373154
0.282416373154
0.282416373154
0.282416373154
0.282416373154
0.282416373154
0.282416373154
0.282416373154
0.282416373154
0.282416373154
0.282416373154
0.282416373154
0.282416373154
0.282416373154
0.282416373154
0.282416373154
0.282416373154
0.282416373154
0.282416373154
0.282416373154
0.282416373154
0.282416373154
0.282416373154
0.282416373154
0.282416373154
0.282416373154
0.282416373154
0.282416373154
0.282416373154
0.282416373154
0.282416373154
0.282416373154
0.282416373154
0.282416373154
0.282416373154
0.282416373154
0.282416373154
0.282416373154
0.282416373154
0.282416373154
0.282416373154
0.282416373154
0.282416373154
0.282416373154
0.282416373154
0.282416373154
0.282416373154
0.282416373154
0.282416373154
0.282416373154
0.282416373154
0.282416373154
0.282416373154
0.282416373154
0.282416373154
0.282416373154
0.282416373154
0.282416373154
0.282416373154
0.282416373154
0.282416373154
0.282416373154
0.282416373154
0.282416373154
0.282416373154
0.282416373154
0.282416373154
0.282416373154
0.282416373154
0.282416373154
0.282416373154
0.282416373154
0.282416373154
0.282416373154
0.282416373154
0.282416373154
0.282416373154
0.282416373154
0.282416373154
0.282416373154
0.282416373154
0.282416373154
0.282416373154
0.282416373154
0.282416373154
0.282416373154
0.282416373154
0.282416373154
0.282416373154
0.282416373154
0.282416373154
0.282416373154
0.282416373154
0.282416373154
0.282416373154
0.282416373154
0.282416373154
0.282416373154
0.282416373154
0.282416373154
0.282416373154
0.282416373154
0.282416373154
0.282416373154
0.282416373154
0.282416373154
0.282416373154
0.282416373154
0.282416373154
0.282416373154
0.282416373154
0.282416373154
0.282416373154
0.282416373154
0.282416373154
0.282416373154
0.282416373154
0.282416373154
0.282416373154
0.282416373154
0.282416373154
0.282416373154
0.282416373154
0.282416373154
