0.413026633208
0.325890670322
0.309607502844
0.30367200326
0.30367200326
0.298648134086
0.298648134086
0.298648134086
0.296097430242
0.291082652745
0.291082652745
0.291082652745
0.291082652745
0.291082652745
0.291082652745
0.291082652745
0.291082652745
0.291082652745
0.291082652745
0.291082652745
0.291082652745
0.291082652745
0.291082652745
0.291082652745
0.291082652745
0.291082652745
0.291082652745
0.291082652745
0.291082652745
0.291082652745
0.291082652745
0.291082652745
0.291082652745
0.291082652745
0.291082652745
0.291082652745
0.291082652745
0.291082652745
0.291082652745
0.291082652745
0.291082652745
0.291082652745
0.291082652745
0.287434620192
0.287434620192
0.287434620192
0.287434620192
0.287434620192
0.287434620192
0.287434620192
0.287434620192
0.28517487908
0.28517487908
0.28517487908
0.28517487908
0.28517487908
0.28517487908
0.28517487908
0.28517487908
0.28517487908
0.28517487908
0.28517487908
0.28517487908
0.28517487908
0.28517487908
0.28517487908
0.28517487908
0.28517487908
0.28517487908
0.28517487908
0.28517487908
0.28517487908
0.28517487908
0.28517487908
0.28517487908
0.28517487908
0.28517487908
0.28517487908
0.28517487908
0.28517487908
0.28517487908
0.28517487908
0.28517487908
0.28517487908
0.28517487908
0.28517487908
0.28517487908
0.28517487908
0.28517487908
0.28517487908
0.28517487908
0.28517487908
0.28517487908
0.28517487908
0.28517487908
0.28517487908
0.28517487908
0.28517487908
0.28517487908
0.28517487908
0.28517487908
0.28517487908
0.28517487908
0.28517487908
0.28517487908
0.28517487908
0.28517487908
0.28517487908
0.28517487908
0.28517487908
0.28517487908
0.28517487908
0.28517487908
0.28517487908
0.28517487908
0.28517487908
0.28517487908
0.28517487908
0.28517487908
0.28517487908
0.28517487908
0.28517487908
0.28517487908
0.28517487908
0.28517487908
0.28517487908
0.28517487908
0.28517487908
0.28517487908
0.28517487908
0.28517487908
0.28517487908
0.28517487908
0.28517487908
0.28517487908
0.28517487908
0.28517487908
0.28517487908
0.28517487908
0.28517487908
0.28517487908
0.28517487908
0.28517487908
0.28517487908
0.28517487908
0.28517487908
0.28517487908
0.28517487908
0.28517487908
0.28517487908
0.28517487908
0.28517487908
0.28517487908
0.28517487908
0.28517487908
0.28517487908
0.28517487908
0.28517487908
0.28517487908
0.28517487908
0.28517487908
0.28517487908
0.28517487908
0.28517487908
0.28517487908
0.28517487908
0.28517487908
0.28517487908
0.28517487908
0.28517487908
0.28517487908
0.28517487908
0.28517487908
0.28517487908
0.284318186919
0.284318186919
0.284318186919
0.284318186919
0.284318186919
0.284318186919
0.284318186919
0.284318186919
0.284318186919
0.284318186919
0.284318186919
0.284318186919
0.284318186919
0.284318186919
0.284318186919
0.284318186919
0.284318186919
0.284318186919
0.284318186919
0.284318186919
0.284318186919
0.284318186919
0.284318186919
0.284318186919
0.284318186919
0.284318186919
0.284318186919
0.284318186919
0.284318186919
0.284318186919
0.284318186919
0.284318186919
0.284318186919
0.284318186919
0.284318186919
0.284318186919
0.284318186919
0.284318186919
0.284318186919
0.284318186919
0.284318186919
0.284318186919
0.284318186919
0.284318186919
0.284318186919
0.284318186919
0.284318186919
0.284318186919
0.284318186919
0.284318186919
0.284318186919
0.284318186919
0.284318186919
0.284318186919
0.284318186919
0.284318186919
0.284318186919
0.284318186919
0.284318186919
0.284318186919
0.284318186919
0.284318186919
0.284318186919
0.284318186919
0.284318186919
0.284318186919
0.284318186919
0.284318186919
0.284318186919
0.284318186919
0.284318186919
0.284318186919
0.284318186919
0.284318186919
0.284318186919
0.284318186919
0.284318186919
0.284318186919
0.284318186919
0.284318186919
0.284318186919
0.284318186919
0.284318186919
0.284318186919
0.284318186919
0.284318186919
0.2821715698
0.2821715698
0.2821715698
0.2821715698
0.2821715698
0.2821715698
0.2821715698
0.2821715698
0.2821715698
0.2821715698
0.2821715698
0.2821715698
0.2821715698
0.2821715698
0.2821715698
0.2821715698
0.2821715698
0.2821715698
0.2821715698
0.2821715698
0.2821715698
0.2821715698
0.2821715698
0.2821715698
0.2821715698
0.2821715698
0.2821715698
0.2821715698
0.2821715698
0.2821715698
0.2821715698
0.2821715698
0.2821715698
0.2821715698
0.2821715698
0.2821715698
0.2821715698
0.2821715698
0.2821715698
0.2821715698
0.2821715698
0.2821715698
0.2821715698
0.2821715698
0.2821715698
0.2821715698
0.2821715698
0.2821715698
0.2821715698
0.2821715698
0.2821715698
0.2821715698
0.2821715698
0.2821715698
0.2821715698
0.2821715698
0.2821715698
0.2821715698
0.2821715698
0.2821715698
0.2821715698
0.2821715698
0.2821715698
0.2821715698
0.2821715698
0.2821715698
0.2821715698
0.2821715698
0.2821715698
0.2821715698
0.2821715698
0.2821715698
0.2821715698
0.2821715698
0.2821715698
0.2821715698
0.2821715698
0.2821715698
0.2821715698
0.2821715698
0.2821715698
0.2821715698
0.2821715698
0.2821715698
0.2821715698
0.2821715698
0.2821715698
0.2821715698
0.2821715698
0.2821715698
0.2821715698
0.2821715698
0.2821715698
0.2821715698
0.2821715698
0.2821715698
0.2821715698
0.2821715698
0.2821715698
0.2821715698
0.2821715698
0.2821715698
0.2821715698
0.2821715698
0.2821715698
0.2821715698
0.2821715698
0.2821715698
0.2821715698
0.2821715698
0.2821715698
0.2821715698
0.2821715698
0.2821715698
0.2821715698
0.2821715698
0.2821715698
0.2821715698
0.2821715698
0.2821715698
0.2821715698
0.2821715698
0.2821715698
0.2821715698
0.2821715698
0.2821715698
0.2821715698
0.2821715698
0.2821715698
0.2821715698
0.2821715698
0.2821715698
0.2821715698
0.2821715698
0.2821715698
0.2821715698
0.2821715698
0.2821715698
0.2821715698
0.2821715698
