0.311398336427
0.238535392306
0.224770395567
0.21860879234
0.214694099407
0.212370698542
0.209663933052
0.209663933052
0.200205721192
0.200205721192
0.200205721192
0.200205721192
0.200205721192
0.199417352993
0.199417352993
0.199417352993
0.199417352993
0.199417352993
0.199417352993
0.199417352993
0.199417352993
0.199417352993
0.199417352993
0.199417352993
0.195121187028
0.195121187028
0.195121187028
0.195121187028
0.195121187028
0.195121187028
0.195121187028
0.195121187028
0.195121187028
0.195121187028
0.195121187028
0.195121187028
0.195121187028
0.195121187028
0.195121187028
0.195121187028
0.195121187028
0.195121187028
0.195121187028
0.195121187028
0.195121187028
0.195121187028
0.195121187028
0.195121187028
0.195121187028
0.195121187028
0.195121187028
0.195121187028
0.195121187028
0.195121187028
0.195121187028
0.195121187028
0.195121187028
0.195121187028
0.195121187028
0.195121187028
0.195121187028
0.195121187028
0.195121187028
0.195121187028
0.195121187028
0.195121187028
0.195121187028
0.195121187028
0.195121187028
0.195121187028
0.195121187028
0.195121187028
0.195121187028
0.195121187028
0.195121187028
0.195121187028
0.195121187028
0.195121187028
0.195121187028
0.195121187028
0.195121187028
0.195121187028
0.19446991297
0.19446991297
0.19446991297
0.19446991297
0.19446991297
0.19446991297
0.19446991297
0.19446991297
0.19446991297
0.19446991297
0.19446991297
0.19446991297
0.19446991297
0.19446991297
0.19446991297
0.19446991297
0.19446991297
0.19446991297
0.19446991297
0.192851545514
0.192851545514
0.192851545514
0.192851545514
0.192851545514
0.192851545514
0.192851545514
0.192851545514
0.192851545514
0.192851545514
0.192851545514
0.192851545514
0.192851545514
0.192851545514
0.192851545514
0.192851545514
0.192851545514
0.192851545514
0.192851545514
0.192851545514
0.192851545514
0.192851545514
0.192851545514
0.192851545514
0.192851545514
0.192851545514
0.192851545514
0.192851545514
0.192851545514
0.192851545514
0.192851545514
0.192851545514
0.192851545514
0.192851545514
0.192851545514
0.192851545514
0.192851545514
0.192851545514
0.192851545514
0.192851545514
0.192851545514
0.192851545514
0.192851545514
0.192851545514
0.192851545514
0.192851545514
0.192851545514
0.192851545514
0.192851545514
0.192851545514
0.192851545514
0.192851545514
0.192851545514
0.192851545514
0.192851545514
0.192851545514
0.192851545514
0.192851545514
0.192851545514
0.192851545514
0.192851545514
0.192851545514
0.192851545514
0.192851545514
0.192851545514
0.192851545514
0.192851545514
0.192851545514
0.192851545514
0.192851545514
0.192851545514
0.192851545514
0.192851545514
0.192851545514
0.192851545514
0.192851545514
0.192851545514
0.192851545514
0.192145874224
0.192145874224
0.192145874224
0.192145874224
0.192145874224
0.192145874224
0.192145874224
0.192145874224
0.192145874224
0.192145874224
0.192145874224
0.192145874224
0.192145874224
0.192145874224
0.192145874224
0.192145874224
0.192145874224
0.192145874224
0.192145874224
0.192145874224
0.192145874224
0.192145874224
0.192145874224
0.192145874224
0.192145874224
0.192145874224
0.192145874224
0.192145874224
0.192145874224
0.192145874224
0.192145874224
0.192145874224
0.192145874224
0.192145874224
0.192145874224
0.192145874224
0.192145874224
0.192145874224
0.192145874224
0.192145874224
0.192145874224
0.192145874224
0.192145874224
0.192145874224
0.192145874224
0.192145874224
0.192145874224
0.192145874224
0.192145874224
0.192145874224
0.192145874224
0.192145874224
0.192145874224
0.192145874224
0.192145874224
0.192145874224
0.192145874224
0.192145874224
0.192145874224
0.192145874224
0.192145874224
0.192145874224
0.192145874224
0.192145874224
0.192145874224
0.192145874224
0.192145874224
0.192145874224
0.192145874224
0.192145874224
0.192145874224
0.191942372223
0.191942372223
0.191942372223
0.191942372223
0.191942372223
0.191942372223
0.191942372223
0.191942372223
0.191942372223
0.191942372223
0.191942372223
0.191942372223
0.191942372223
0.191942372223
0.191942372223
0.191942372223
0.191942372223
0.191942372223
0.191942372223
0.191942372223
0.191942372223
0.191942372223
0.191942372223
0.191942372223
0.191942372223
0.191942372223
0.191942372223
0.191942372223
0.191942372223
0.191942372223
0.191942372223
0.191942372223
0.191942372223
0.191942372223
0.188468087011
0.188468087011
0.188468087011
0.188468087011
0.188468087011
0.188468087011
0.188468087011
0.188468087011
0.188468087011
0.188468087011
0.188468087011
0.188468087011
0.188468087011
0.188468087011
0.188468087011
0.188468087011
