0.316310055593
0.231141843413
0.218939536378
0.206370096392
0.206370096392
0.206370096392
0.197145224818
0.197145224818
0.197145224818
0.197145224818
0.197145224818
0.197145224818
0.197145224818
0.197145224818
0.197145224818
0.197145224818
0.196284073307
0.196284073307
0.196284073307
0.196284073307
0.196284073307
0.196284073307
0.196284073307
0.196284073307
0.196284073307
0.196284073307
0.196284073307
0.19238394328
0.19238394328
0.19238394328
0.19238394328
0.19238394328
0.19238394328
0.19238394328
0.19238394328
0.19238394328
0.19238394328
0.19238394328
0.19238394328
0.19238394328
0.19238394328
0.19238394328
0.19238394328
0.19238394328
0.19238394328
0.19238394328
0.19238394328
0.19238394328
0.19238394328
0.19238394328
0.19238394328
0.19238394328
0.19238394328
0.19238394328
0.19238394328
0.19238394328
0.19238394328
0.19238394328
0.19238394328
0.19238394328
0.19238394328
0.19238394328
0.19238394328
0.19238394328
0.19238394328
0.19238394328
0.19238394328
0.19238394328
0.19238394328
0.19238394328
0.19238394328
0.19238394328
0.19238394328
0.19238394328
0.19238394328
0.19238394328
0.19238394328
0.19238394328
0.19238394328
0.19238394328
0.19238394328
0.19238394328
0.19238394328
0.19238394328
0.19238394328
0.19238394328
0.19238394328
0.19238394328
0.19238394328
0.19238394328
0.19238394328
0.19238394328
0.19238394328
0.19238394328
0.19238394328
0.19238394328
0.19238394328
0.19238394328
0.19238394328
0.19238394328
0.19238394328
0.19238394328
0.19238394328
0.19238394328
0.19238394328
0.19238394328
0.19238394328
0.19238394328
0.19238394328
0.19238394328
0.19238394328
0.19238394328
0.19238394328
0.19238394328
0.19238394328
0.19238394328
0.19238394328
0.19238394328
0.19238394328
0.19238394328
0.19238394328
0.19238394328
0.19238394328
0.19238394328
0.19238394328
0.19238394328
0.19238394328
0.19238394328
0.19238394328
0.19238394328
0.19238394328
0.186674926222
0.186674926222
0.186674926222
0.186674926222
0.186674926222
0.186674926222
0.186674926222
0.186674926222
0.186674926222
0.186674926222
0.186674926222
0.186674926222
0.186674926222
0.186674926222
0.186674926222
0.186674926222
0.186674926222
0.186674926222
0.186674926222
0.186674926222
0.186674926222
0.186674926222
0.186674926222
0.186674926222
0.186674926222
0.186674926222
0.186674926222
0.186674926222
0.186674926222
0.186674926222
0.186674926222
0.186674926222
0.186674926222
0.186674926222
0.186674926222
0.186674926222
0.186674926222
0.186674926222
0.186674926222
0.186674926222
0.186674926222
0.186674926222
0.186674926222
0.186674926222
0.186674926222
0.186674926222
0.186674926222
0.186674926222
0.186674926222
0.186674926222
0.186674926222
0.186674926222
0.186674926222
0.186674926222
0.186674926222
0.186674926222
0.186674926222
0.186674926222
0.186674926222
0.186674926222
0.186674926222
0.186674926222
0.186674926222
0.186674926222
0.186674926222
0.186674926222
0.186674926222
0.186674926222
0.186674926222
0.186674926222
0.186674926222
0.186674926222
0.186674926222
0.186674926222
0.186674926222
0.186674926222
0.186674926222
0.186674926222
0.186674926222
0.186674926222
0.186674926222
0.186674926222
0.186674926222
0.186674926222
0.186674926222
0.186674926222
0.186674926222
0.186674926222
0.186674926222
0.186674926222
0.186674926222
0.186674926222
0.186674926222
0.186674926222
0.186674926222
0.186674926222
0.186674926222
0.186674926222
0.186674926222
0.186674926222
0.186674926222
0.186674926222
0.186674926222
0.186674926222
0.186674926222
0.186674926222
0.186674926222
0.186674926222
0.186674926222
0.186674926222
0.186674926222
0.186674926222
0.186674926222
0.186674926222
0.186674926222
0.186674926222
0.186674926222
0.186674926222
0.186674926222
0.186674926222
0.186674926222
0.186674926222
0.186674926222
0.186674926222
0.186674926222
0.186674926222
0.186674926222
0.186674926222
0.186674926222
0.186674926222
0.186674926222
0.186674926222
0.186674926222
0.186674926222
0.186674926222
0.186674926222
0.186674926222
0.186674926222
0.186674926222
0.186674926222
0.186674926222
0.186674926222
0.186674926222
0.186674926222
0.186674926222
0.186674926222
0.186674926222
0.186674926222
0.186674926222
0.186674926222
0.186674926222
0.186674926222
0.186674926222
0.186674926222
0.186674926222
0.186674926222
0.186674926222
0.186674926222
0.186674926222
0.186674926222
0.186674926222
0.186674926222
0.186674926222
0.186674926222
0.186674926222
0.186674926222
0.186674926222
0.186674926222
0.186674926222
