0.320728037177
0.24557556455
0.244902699578
0.224801361231
0.202735611821
0.191954772388
0.191954772388
0.191954772388
0.191954772388
0.191954772388
0.191954772388
0.191954772388
0.191954772388
0.191954772388
0.187795376627
0.187795376627
0.187795376627
0.187795376627
0.187795376627
0.187795376627
0.187795376627
0.187795376627
0.187795376627
0.187795376627
0.187795376627
0.187795376627
0.187795376627
0.187795376627
0.187795376627
0.187795376627
0.187795376627
0.187795376627
0.187795376627
0.187795376627
0.187795376627
0.187795376627
0.187795376627
0.187795376627
0.187795376627
0.187795376627
0.183436779427
0.183436779427
0.183436779427
0.183436779427
0.183436779427
0.183436779427
0.183436779427
0.183436779427
0.183436779427
0.183436779427
0.183436779427
0.183436779427
0.183436779427
0.183436779427
0.183436779427
0.183436779427
0.183436779427
0.183436779427
0.183436779427
0.183436779427
0.183436779427
0.183436779427
0.183436779427
0.183436779427
0.183436779427
0.183436779427
0.183436779427
0.183436779427
0.183436779427
0.183436779427
0.183436779427
0.183436779427
0.183436779427
0.183436779427
0.183436779427
0.183436779427
0.183436779427
0.183436779427
0.183436779427
0.183436779427
0.183436779427
0.183436779427
0.183436779427
0.183436779427
0.183436779427
0.183436779427
0.183436779427
0.183436779427
0.183436779427
0.183436779427
0.183436779427
0.183436779427
0.183436779427
0.183436779427
0.183436779427
0.183436779427
0.183436779427
0.183436779427
0.183436779427
0.183436779427
0.183436779427
0.183436779427
0.183436779427
0.183436779427
0.183436779427
0.183436779427
0.183436779427
0.183436779427
0.183436779427
0.183436779427
0.183436779427
0.183436779427
0.183436779427
0.183436779427
0.183436779427
0.183436779427
0.183436779427
0.183436779427
0.183436779427
0.183436779427
0.183436779427
0.183436779427
0.183436779427
0.183436779427
0.183436779427
0.183436779427
0.183436779427
0.183436779427
0.183436779427
0.183436779427
0.183436779427
0.183436779427
0.183436779427
0.183436779427
0.183436779427
0.183436779427
0.183436779427
0.183436779427
0.183436779427
0.183436779427
0.183436779427
0.183436779427
0.183436779427
0.183436779427
0.183436779427
0.183436779427
0.183436779427
0.183436779427
0.183436779427
0.183436779427
0.183436779427
0.183436779427
0.183436779427
0.183436779427
0.183436779427
0.183436779427
0.183436779427
0.183436779427
0.183436779427
0.183436779427
0.183436779427
0.183436779427
0.183436779427
0.183436779427
0.183436779427
0.183436779427
0.183436779427
0.183436779427
0.183436779427
0.183436779427
0.183436779427
0.183436779427
0.183436779427
0.183436779427
0.183436779427
0.183436779427
0.183436779427
0.183436779427
0.183436779427
0.183436779427
0.183436779427
0.183436779427
0.183436779427
0.183436779427
0.183436779427
0.183436779427
0.183436779427
0.183436779427
0.183436779427
0.183436779427
0.183436779427
0.183436779427
0.183436779427
0.183436779427
0.183436779427
0.183436779427
0.183436779427
0.183436779427
0.183436779427
0.183436779427
0.183436779427
0.183436779427
0.183436779427
0.183436779427
0.183436779427
0.183436779427
0.183436779427
0.183436779427
0.183436779427
0.183436779427
0.183436779427
0.183436779427
0.183436779427
0.183436779427
0.183436779427
0.183436779427
0.183436779427
0.183436779427
0.183436779427
0.183436779427
0.183436779427
0.183436779427
0.183436779427
0.183436779427
0.183436779427
0.183436779427
0.183436779427
0.183436779427
0.183436779427
0.183436779427
0.183436779427
0.183436779427
0.183436779427
0.183436779427
0.183436779427
0.183436779427
0.183436779427
0.183436779427
0.183436779427
0.183436779427
0.183436779427
0.183436779427
0.183436779427
0.183436779427
0.183436779427
0.183436779427
0.183436779427
0.183436779427
0.183436779427
0.183436779427
0.183436779427
0.183436779427
0.183436779427
0.183436779427
0.183436779427
0.183436779427
0.183436779427
0.183436779427
0.183436779427
0.183436779427
0.183436779427
0.183436779427
0.183436779427
0.183436779427
0.183436779427
0.183436779427
0.183436779427
0.183436779427
0.183436779427
0.183436779427
0.183436779427
0.183436779427
0.183436779427
0.183436779427
0.183436779427
0.183436779427
0.183436779427
0.183436779427
0.183436779427
0.183436779427
0.183436779427
0.183436779427
0.183436779427
0.183436779427
0.183436779427
0.183436779427
0.183436779427
0.183436779427
0.183436779427
0.183436779427
0.183436779427
0.183436779427
0.183436779427
0.183436779427
0.183436779427
0.183436779427
0.183436779427
0.183436779427
0.183436779427
0.183436779427
