0.419323480858
0.332688817678
0.309868214218
0.306065721145
0.306065721145
0.291668281305
0.291668281305
0.291668281305
0.291668281305
0.291668281305
0.291668281305
0.291668281305
0.291668281305
0.291668281305
0.291668281305
0.291668281305
0.291668281305
0.291668281305
0.291668281305
0.291668281305
0.291668281305
0.288531656917
0.288531656917
0.288531656917
0.288531656917
0.288531656917
0.288531656917
0.288531656917
0.288531656917
0.288531656917
0.288531656917
0.288531656917
0.288531656917
0.288531656917
0.288531656917
0.288531656917
0.287038888588
0.287038888588
0.287038888588
0.287038888588
0.287038888588
0.287038888588
0.287038888588
0.287038888588
0.287038888588
0.287038888588
0.287038888588
0.287038888588
0.287038888588
0.287038888588
0.287038888588
0.287038888588
0.287038888588
0.287038888588
0.287038888588
0.287038888588
0.287038888588
0.287038888588
0.287038888588
0.286566095362
0.286566095362
0.286566095362
0.286566095362
0.286566095362
0.286566095362
0.286566095362
0.286566095362
0.286566095362
0.286566095362
0.286566095362
0.286566095362
0.286566095362
0.286566095362
0.286566095362
0.286566095362
0.286566095362
0.286566095362
0.286566095362
0.286566095362
0.286566095362
0.286566095362
0.286566095362
0.286566095362
0.286566095362
0.286566095362
0.286566095362
0.286566095362
0.286566095362
0.286566095362
0.286566095362
0.286566095362
0.286566095362
0.286566095362
0.286566095362
0.286566095362
0.286566095362
0.286566095362
0.286566095362
0.286566095362
0.286566095362
0.286566095362
0.286566095362
0.286566095362
0.286566095362
0.286566095362
0.286566095362
0.286566095362
0.286566095362
0.286566095362
0.286566095362
0.286566095362
0.286566095362
0.286566095362
0.286566095362
0.286566095362
0.286566095362
0.286566095362
0.286566095362
0.286566095362
0.286566095362
0.286566095362
0.286566095362
0.286566095362
0.286566095362
0.286566095362
0.286566095362
0.286566095362
0.286566095362
0.286566095362
0.286566095362
0.286566095362
0.286566095362
0.286566095362
0.286566095362
0.286566095362
0.286566095362
0.286566095362
0.286566095362
0.286566095362
0.286566095362
0.286566095362
0.286566095362
0.286566095362
0.286566095362
0.286566095362
0.286566095362
0.286566095362
0.286566095362
0.286566095362
0.286566095362
0.286566095362
0.286566095362
0.286566095362
0.286566095362
0.286566095362
0.286566095362
0.286566095362
0.286566095362
0.286566095362
0.286566095362
0.286566095362
0.286566095362
0.286566095362
0.286566095362
0.286566095362
0.285302677561
0.285302677561
0.285302677561
0.285302677561
0.285302677561
0.285302677561
0.285302677561
0.285302677561
0.285302677561
0.285302677561
0.285302677561
0.285302677561
0.285302677561
0.285302677561
0.285302677561
0.285302677561
0.285302677561
0.285302677561
0.285302677561
0.285302677561
0.285302677561
0.285302677561
0.285302677561
0.285302677561
0.285302677561
0.285302677561
0.285302677561
0.285302677561
0.285302677561
0.285302677561
0.285302677561
0.285302677561
0.285302677561
0.285302677561
0.285302677561
0.285302677561
0.285302677561
0.285302677561
0.285302677561
0.285302677561
0.285302677561
0.285302677561
0.285302677561
0.285302677561
0.285302677561
0.285302677561
0.285302677561
0.285302677561
0.285302677561
0.285302677561
0.285302677561
0.285302677561
0.285302677561
0.285302677561
0.285302677561
0.285302677561
0.285302677561
0.285302677561
0.285302677561
0.285302677561
0.285302677561
0.285302677561
0.285302677561
0.285302677561
0.285302677561
0.285302677561
0.285302677561
0.285302677561
0.285302677561
0.285302677561
0.285302677561
0.285302677561
0.285302677561
0.285302677561
0.285302677561
0.285302677561
0.285302677561
0.285302677561
0.285302677561
0.285302677561
0.285302677561
0.285302677561
0.285302677561
0.285302677561
0.285302677561
0.285302677561
0.285302677561
0.285302677561
0.285302677561
0.285302677561
0.285302677561
0.285302677561
0.285302677561
0.285302677561
0.285302677561
0.285302677561
0.285302677561
0.285302677561
0.285302677561
0.285302677561
0.285302677561
0.285302677561
0.285302677561
0.285302677561
0.285302677561
0.285302677561
0.285302677561
0.285302677561
0.285302677561
0.285302677561
0.285302677561
0.285302677561
0.285302677561
0.285302677561
0.285302677561
0.285302677561
0.285302677561
0.285302677561
0.285302677561
0.285302677561
0.285302677561
0.285302677561
0.285302677561
0.285302677561
0.285302677561
0.285302677561
0.285302677561
0.285302677561
0.285302677561
0.285302677561
0.285302677561
0.285302677561
0.285302677561
0.285302677561
0.285302677561
0.285302677561
0.285302677561
0.285302677561
0.285302677561
0.285302677561
0.285302677561
0.285302677561
0.285302677561
0.285302677561
0.285302677561
0.285302677561
0.285302677561
0.285302677561
0.285302677561
0.285302677561
0.285302677561
0.285302677561
0.285302677561
0.285302677561
0.285302677561
0.285302677561
0.285302677561
0.285302677561
0.285302677561
0.285302677561
0.285302677561
0.285302677561
0.285302677561
0.285302677561
0.285302677561
0.285302677561
0.285302677561
0.285302677561
0.285302677561
0.285302677561
0.285302677561
0.285302677561
0.285302677561
0.285302677561
0.285302677561
0.285302677561
0.285302677561
0.285302677561
0.285302677561
0.285302677561
0.285302677561
0.285302677561
0.285302677561
0.285302677561
0.285302677561
0.285302677561
0.285302677561
0.285302677561
0.285302677561
0.285302677561
0.285302677561
0.285302677561
0.285302677561
0.285302677561
0.285302677561
0.285302677561
0.285302677561
0.285302677561
0.285302677561
0.285302677561
0.285302677561
0.285302677561
0.285302677561
0.285302677561
0.285302677561
0.285302677561
0.28466640569
0.28466640569
0.28466640569
0.28466640569
0.28466640569
0.28466640569
0.28466640569
0.28466640569
0.28466640569
0.28466640569
0.28466640569
0.28466640569
0.28466640569
0.28466640569
0.28466640569
0.28466640569
0.28466640569
0.28466640569
0.28466640569
0.28466640569
0.28466640569
0.28466640569
0.28466640569
0.28466640569
0.28466640569
0.28466640569
0.28466640569
0.28466640569
0.28466640569
