0.40828990513
0.338532108903
0.296272434928
0.294820499895
0.294820499895
0.294820499895
0.288411475908
0.288411475908
0.288411475908
0.288411475908
0.288411475908
0.288411475908
0.288411475908
0.288411475908
0.288411475908
0.288411475908
0.288411475908
0.288411475908
0.288411475908
0.288411475908
0.288411475908
0.288411475908
0.288411475908
0.288411475908
0.286139714735
0.286139714735
0.286139714735
0.286139714735
0.286139714735
0.286139714735
0.286139714735
0.286139714735
0.286139714735
0.286139714735
0.286139714735
0.286139714735
0.286139714735
0.286139714735
0.286139714735
0.286139714735
0.286139714735
0.286139714735
0.286139714735
0.286139714735
0.286139714735
0.286139714735
0.286139714735
0.286139714735
0.286139714735
0.286139714735
0.286139714735
0.286139714735
0.286139714735
0.286139714735
0.286139714735
0.286139714735
0.286139714735
0.286139714735
0.286139714735
0.286139714735
0.286139714735
0.286139714735
0.286139714735
0.286139714735
0.286139714735
0.286139714735
0.286139714735
0.286139714735
0.286139714735
0.286139714735
0.286139714735
0.286139714735
0.286139714735
0.286139714735
0.286139714735
0.286139714735
0.286139714735
0.286139714735
0.286139714735
0.286139714735
0.286139714735
0.286139714735
0.286139714735
0.286139714735
0.286139714735
0.286139714735
0.286139714735
0.286139714735
0.286139714735
0.286139714735
0.286139714735
0.286139714735
0.286139714735
0.286139714735
0.286139714735
0.286139714735
0.286139714735
0.286139714735
0.286139714735
0.286139714735
0.286139714735
0.286139714735
0.286139714735
0.286139714735
0.286139714735
0.286139714735
0.286139714735
0.286139714735
0.286139714735
0.286139714735
0.286139714735
0.286139714735
0.286139714735
0.286139714735
0.285929816225
0.285929816225
0.285929816225
0.285929816225
0.285929816225
0.285929816225
0.285929816225
0.285929816225
0.285929816225
0.285929816225
0.285929816225
0.285929816225
0.285929816225
0.285929816225
0.285929816225
0.285929816225
0.285929816225
0.285929816225
0.285929816225
0.285929816225
0.282526119935
0.282526119935
0.282526119935
0.282526119935
0.282526119935
0.282526119935
0.282526119935
0.282526119935
0.282526119935
0.282526119935
0.282526119935
0.282526119935
0.282526119935
0.282526119935
0.282526119935
0.282526119935
0.282526119935
0.282526119935
0.282526119935
0.282526119935
0.282526119935
0.282526119935
0.282526119935
0.282526119935
0.282526119935
0.282526119935
0.282526119935
0.282526119935
0.282526119935
0.282526119935
0.282526119935
0.282526119935
0.282526119935
0.282526119935
0.282526119935
0.282526119935
0.282526119935
0.282526119935
0.282526119935
0.282526119935
0.282526119935
0.282526119935
0.282526119935
0.282526119935
0.282526119935
0.282526119935
0.282526119935
0.282526119935
0.282526119935
0.282526119935
0.282526119935
0.282526119935
0.282526119935
0.282526119935
0.282526119935
0.282526119935
0.282526119935
0.282526119935
0.282526119935
0.282526119935
0.282526119935
0.282526119935
0.282526119935
0.282526119935
0.282526119935
0.282526119935
0.282526119935
0.282526119935
0.282526119935
0.282526119935
0.282526119935
0.282526119935
0.282526119935
0.282526119935
0.282526119935
0.282526119935
0.282526119935
0.282526119935
0.282526119935
0.282526119935
0.282526119935
0.282526119935
0.282526119935
0.282526119935
0.282526119935
0.282526119935
0.282526119935
0.282526119935
0.282526119935
0.282526119935
0.282526119935
0.282526119935
0.282526119935
0.282526119935
0.282526119935
0.282526119935
0.282526119935
0.282526119935
0.282526119935
0.282526119935
0.282526119935
0.282526119935
0.282526119935
0.282526119935
0.282526119935
0.282526119935
0.282526119935
0.282526119935
0.282526119935
0.282526119935
0.282526119935
0.282526119935
0.282526119935
0.282526119935
0.282526119935
0.282526119935
0.282526119935
0.282526119935
0.282526119935
0.282526119935
0.282526119935
0.282526119935
0.282526119935
0.282526119935
0.282526119935
0.282526119935
0.282526119935
0.282526119935
0.282526119935
0.282526119935
0.282526119935
0.282526119935
0.282526119935
0.282526119935
0.282526119935
0.282526119935
0.282526119935
0.282526119935
0.282526119935
0.282526119935
0.282526119935
0.282526119935
0.282526119935
0.282526119935
0.282526119935
0.282526119935
0.282526119935
0.282526119935
0.282526119935
0.282526119935
0.282526119935
0.282526119935
0.282526119935
0.282526119935
0.282526119935
0.282526119935
0.282526119935
0.282526119935
0.282526119935
0.282526119935
0.282526119935
0.282526119935
0.282526119935
0.282526119935
0.282526119935
0.282526119935
0.282526119935
0.282526119935
0.282526119935
0.282526119935
0.282526119935
0.282526119935
0.282526119935
0.282526119935
0.282526119935
0.282526119935
0.282526119935
0.282526119935
0.282526119935
0.282526119935
0.282526119935
0.282526119935
0.282526119935
0.282526119935
0.282526119935
0.282526119935
0.282526119935
0.282526119935
0.282526119935
0.282526119935
0.282526119935
0.282526119935
0.282526119935
0.282526119935
0.282526119935
0.282526119935
0.282526119935
0.282526119935
0.282526119935
0.282526119935
0.282526119935
0.282526119935
0.282526119935
0.282526119935
0.282526119935
0.282526119935
0.282526119935
0.282526119935
0.282526119935
0.282526119935
0.282526119935
0.282526119935
0.282526119935
0.282526119935
0.282526119935
0.282526119935
0.282526119935
0.282526119935
0.282526119935
0.282526119935
0.282526119935
0.282526119935
0.282526119935
0.282526119935
0.282526119935
0.282526119935
0.282526119935
0.282526119935
0.282526119935
0.282526119935
0.282526119935
0.282526119935
0.282526119935
0.282526119935
0.282526119935
0.282526119935
0.282526119935
0.282526119935
0.282526119935
0.282526119935
0.282526119935
0.282526119935
0.282526119935
0.282526119935
0.282526119935
0.282526119935
0.282526119935
0.282526119935
0.282526119935
0.282526119935
0.282526119935
0.282526119935
0.282526119935
0.282526119935
0.282526119935
0.282526119935
0.282526119935
0.282526119935
0.282526119935
0.282526119935
0.282526119935
0.282526119935
0.282526119935
0.282526119935
0.282526119935
0.282526119935
