0.418672016959
0.335455740214
0.317210214632
0.31011634565
0.299821171794
0.299821171794
0.299821171794
0.298444988768
0.298444988768
0.29386022259
0.292129915207
0.292129915207
0.292129915207
0.292129915207
0.292129915207
0.292129915207
0.292129915207
0.292129915207
0.292129915207
0.292129915207
0.292129915207
0.292129915207
0.292070985838
0.292024753535
0.292024753535
0.292024753535
0.292024753535
0.292024753535
0.292024753535
0.292024753535
0.289678936611
0.28821503648
0.28821503648
0.28821503648
0.28821503648
0.28821503648
0.28821503648
0.28821503648
0.28821503648
0.28821503648
0.28821503648
0.28821503648
0.28821503648
0.28821503648
0.28821503648
0.28821503648
0.28821503648
0.28821503648
0.28821503648
0.28821503648
0.28821503648
0.28821503648
0.28821503648
0.28821503648
0.28821503648
0.28821503648
0.28821503648
0.28821503648
0.28821503648
0.28821503648
0.28821503648
0.28821503648
0.28821503648
0.28821503648
0.28821503648
0.28821503648
0.28821503648
0.28821503648
0.286761727567
0.286761727567
0.286761727567
0.286761727567
0.286761727567
0.286761727567
0.286761727567
0.286761727567
0.286761727567
0.286761727567
0.286761727567
0.286761727567
0.286761727567
0.286761727567
0.286761727567
0.286761727567
0.286761727567
0.286761727567
0.286761727567
0.286761727567
0.286761727567
0.286761727567
0.286761727567
0.286761727567
0.286761727567
0.286761727567
0.286761727567
0.286761727567
0.286761727567
0.286761727567
0.286761727567
0.286761727567
0.286761727567
0.286761727567
0.286761727567
0.286761727567
0.286761727567
0.286761727567
0.286761727567
0.286761727567
0.286761727567
0.286761727567
0.286761727567
0.286761727567
0.286761727567
0.286761727567
0.286761727567
0.286761727567
0.286761727567
0.286761727567
0.286761727567
0.286761727567
0.286761727567
0.286761727567
0.286761727567
0.286761727567
0.286761727567
0.286761727567
0.286761727567
0.286761727567
0.286761727567
0.286761727567
0.286761727567
0.286761727567
0.286761727567
0.286761727567
0.286761727567
0.286761727567
0.286761727567
0.286761727567
0.286761727567
0.286761727567
0.286761727567
0.286761727567
0.286761727567
0.286761727567
0.286761727567
0.286761727567
0.286761727567
0.286761727567
0.286761727567
0.286761727567
0.286761727567
0.286761727567
0.286761727567
0.286761727567
0.286761727567
0.286761727567
0.286761727567
0.286761727567
0.286761727567
0.286761727567
0.286761727567
0.286761727567
0.286761727567
0.286761727567
0.286761727567
0.286761727567
0.286761727567
0.286761727567
0.286761727567
0.286761727567
0.286761727567
0.286761727567
0.286761727567
0.286761727567
0.286761727567
0.286761727567
0.286761727567
0.286761727567
0.286761727567
0.286761727567
0.286761727567
0.286761727567
0.286761727567
0.286761727567
0.286761727567
0.286761727567
0.286761727567
0.286761727567
0.286761727567
0.286761727567
0.286761727567
0.286761727567
0.286761727567
0.286761727567
0.286761727567
0.286761727567
0.286761727567
0.286761727567
0.286761727567
0.286761727567
0.286761727567
0.286761727567
0.286761727567
0.286761727567
0.286761727567
0.286761727567
0.286761727567
0.286761727567
0.286761727567
0.286761727567
0.286761727567
0.286761727567
0.286761727567
0.286761727567
0.286761727567
0.286761727567
0.286761727567
0.286761727567
0.286761727567
0.286761727567
0.286761727567
0.286761727567
0.286761727567
0.286761727567
0.286761727567
0.286761727567
0.286761727567
0.286761727567
0.286761727567
0.286761727567
0.286761727567
0.286761727567
0.286761727567
0.286761727567
0.286761727567
0.286761727567
0.286761727567
0.286761727567
0.283244679668
0.283244679668
0.283244679668
0.283244679668
0.283244679668
0.283244679668
0.283244679668
0.283244679668
0.283244679668
0.283244679668
0.283244679668
0.283244679668
0.283244679668
0.283244679668
0.283244679668
0.283244679668
0.283244679668
0.283244679668
0.283244679668
0.283244679668
0.283244679668
0.283244679668
0.283244679668
0.283244679668
0.283244679668
0.283244679668
0.283244679668
0.283244679668
0.283244679668
0.283244679668
0.283244679668
0.283244679668
0.283244679668
0.283244679668
0.283244679668
0.283244679668
0.283244679668
0.283244679668
0.283244679668
0.283244679668
0.283244679668
0.283244679668
0.283244679668
0.283244679668
0.283244679668
0.283244679668
0.283244679668
0.283244679668
0.283244679668
0.283244679668
0.283244679668
0.283244679668
0.283244679668
0.283244679668
0.283244679668
0.283244679668
0.283244679668
0.283244679668
0.283244679668
0.283244679668
0.283244679668
0.283244679668
0.283244679668
0.283244679668
0.283244679668
0.283244679668
0.283244679668
0.283244679668
0.283244679668
0.283244679668
0.283244679668
0.283244679668
0.283244679668
0.283244679668
0.283244679668
0.283244679668
0.283244679668
0.283244679668
0.283244679668
0.283244679668
0.283244679668
0.283244679668
0.283244679668
0.283244679668
0.283244679668
0.283244679668
0.283244679668
0.283244679668
0.283244679668
0.283244679668
0.283244679668
0.283244679668
0.283244679668
0.283244679668
0.283244679668
0.283244679668
0.283244679668
0.283244679668
0.283244679668
0.283244679668
0.283244679668
0.283244679668
0.283244679668
0.283244679668
0.283244679668
0.283244679668
0.283244679668
0.283244679668
0.283244679668
0.283244679668
0.283244679668
0.283244679668
0.283244679668
0.283244679668
0.283244679668
0.283244679668
0.283244679668
0.283244679668
0.283244679668
0.283244679668
0.283244679668
0.283244679668
0.283244679668
0.283244679668
0.283244679668
0.283244679668
0.283244679668
0.283244679668
0.283244679668
0.283244679668
0.283244679668
0.283244679668
0.283244679668
0.283244679668
0.283244679668
0.283244679668
0.283244679668
0.283244679668
0.283244679668
0.283244679668
0.283244679668
0.283244679668
0.283244679668
0.283244679668
0.283244679668
0.283244679668
0.283244679668
0.283244679668
0.283244679668
0.283244679668
0.283244679668
0.283244679668
0.283244679668
0.283244679668
0.283244679668
0.283244679668
0.283244679668
0.283244679668
0.283244679668
0.283244679668
0.283244679668
0.283244679668
