0.333020414763
0.245745596653
0.234210729641
0.214714222663
0.209912519834
0.209912519834
0.209291845709
0.209291845709
0.20758725893
0.20758725893
0.187587203519
0.187587203519
0.187587203519
0.187587203519
0.187587203519
0.187587203519
0.187587203519
0.187587203519
0.187587203519
0.187587203519
0.187587203519
0.187587203519
0.187587203519
0.187587203519
0.187587203519
0.187587203519
0.187587203519
0.187587203519
0.187587203519
0.187587203519
0.187587203519
0.187587203519
0.187587203519
0.187587203519
0.187587203519
0.187587203519
0.187587203519
0.187587203519
0.187587203519
0.187587203519
0.187587203519
0.187587203519
0.187587203519
0.187587203519
0.187587203519
0.187587203519
0.187587203519
0.187587203519
0.187587203519
0.187587203519
0.187587203519
0.187587203519
0.187587203519
0.187587203519
0.187587203519
0.187587203519
0.187587203519
0.187587203519
0.187587203519
0.187587203519
0.187587203519
0.187587203519
0.187587203519
0.187587203519
0.187587203519
0.187587203519
0.187587203519
0.187587203519
0.187587203519
0.187587203519
0.187587203519
0.187587203519
0.187587203519
0.187587203519
0.187587203519
0.187587203519
0.187587203519
0.187587203519
0.187587203519
0.187587203519
0.187587203519
0.187587203519
0.187587203519
0.187587203519
0.187587203519
0.187587203519
0.187587203519
0.187587203519
0.187587203519
0.187587203519
0.187587203519
0.187587203519
0.187587203519
0.187587203519
0.187587203519
0.187587203519
0.187587203519
0.187587203519
0.187587203519
0.187587203519
0.187587203519
0.187587203519
0.187587203519
0.187587203519
0.187587203519
0.187587203519
0.187587203519
0.187587203519
0.187587203519
0.187587203519
0.187587203519
0.187587203519
0.187587203519
0.187587203519
0.187587203519
0.187587203519
0.187587203519
0.187587203519
0.187587203519
0.187587203519
0.187587203519
0.187587203519
0.187587203519
0.187587203519
0.187587203519
0.187587203519
0.187587203519
0.187587203519
0.187587203519
0.187587203519
0.187587203519
0.187587203519
0.187587203519
0.187587203519
0.187587203519
0.187587203519
0.187587203519
0.187587203519
0.187587203519
0.187587203519
0.187587203519
0.187587203519
0.187587203519
0.187587203519
0.187587203519
0.187587203519
0.187587203519
0.187587203519
0.187587203519
0.187587203519
0.187587203519
0.187587203519
0.187587203519
0.187587203519
0.187587203519
0.187587203519
0.187587203519
0.187587203519
0.187587203519
0.187587203519
0.187587203519
0.187587203519
0.187587203519
0.187587203519
0.187587203519
0.187587203519
0.187587203519
0.187587203519
0.177694714866
0.177694714866
0.177694714866
0.177694714866
0.177694714866
0.177694714866
0.177694714866
0.177694714866
0.177694714866
0.177694714866
0.177694714866
0.177694714866
0.177694714866
0.177694714866
0.177694714866
0.177694714866
0.177694714866
0.177694714866
0.177694714866
0.177694714866
0.177694714866
0.177694714866
0.177694714866
0.177694714866
0.177694714866
0.177694714866
0.177694714866
0.177694714866
0.177694714866
0.177694714866
0.177694714866
0.177694714866
0.177694714866
0.177694714866
0.177694714866
0.177694714866
0.177694714866
0.177694714866
0.177694714866
0.177694714866
0.177694714866
0.177694714866
0.177694714866
0.177694714866
0.177694714866
0.177694714866
0.177694714866
0.177694714866
0.177694714866
0.177694714866
0.177694714866
0.177694714866
0.177694714866
0.177694714866
0.177694714866
0.177694714866
0.177694714866
0.177694714866
0.177694714866
0.177694714866
0.177694714866
0.177694714866
0.177694714866
0.177694714866
0.177694714866
0.177694714866
0.177694714866
0.177694714866
0.177694714866
0.177694714866
0.177694714866
0.177694714866
0.177694714866
0.177694714866
0.177694714866
0.177694714866
0.177694714866
0.177694714866
0.177694714866
0.177694714866
0.177694714866
0.177694714866
0.177694714866
0.177694714866
0.177694714866
0.177694714866
0.177694714866
0.177694714866
0.177694714866
0.177694714866
0.177694714866
0.177694714866
0.177694714866
0.177694714866
0.177694714866
0.177694714866
0.177694714866
0.177694714866
0.177694714866
0.177694714866
0.177694714866
0.177694714866
0.177694714866
0.177694714866
0.177694714866
0.177694714866
0.177694714866
0.177694714866
0.177694714866
0.177694714866
0.177694714866
0.177694714866
0.177694714866
0.177694714866
0.177694714866
0.177694714866
0.177694714866
0.177694714866
0.177694714866
0.177694714866
0.177694714866
0.177694714866
0.177694714866
0.177694714866
0.177694714866
0.177694714866
0.177694714866
0.177694714866
0.177694714866
0.177694714866
0.177694714866
0.177694714866
