0.411723841335
0.326805407296
0.304062819281
0.304062819281
0.303568035686
0.301871789744
0.290700911482
0.290700911482
0.290700911482
0.290700911482
0.286100530001
0.286100530001
0.286100530001
0.286100530001
0.286100530001
0.286100530001
0.286100530001
0.286100530001
0.286100530001
0.286100530001
0.286100530001
0.286100530001
0.286100530001
0.286100530001
0.286100530001
0.286100530001
0.286100530001
0.286100530001
0.286100530001
0.286100530001
0.286100530001
0.286100530001
0.286100530001
0.286100530001
0.286100530001
0.286100530001
0.286100530001
0.286100530001
0.284649818273
0.284649818273
0.284649818273
0.284649818273
0.284649818273
0.284649818273
0.284649818273
0.284649818273
0.284649818273
0.284649818273
0.284649818273
0.284649818273
0.284649818273
0.284649818273
0.284649818273
0.284649818273
0.284649818273
0.284649818273
0.284649818273
0.284649818273
0.284649818273
0.284649818273
0.284649818273
0.284649818273
0.284649818273
0.284649818273
0.284649818273
0.284649818273
0.284649818273
0.284649818273
0.284649818273
0.284649818273
0.284649818273
0.284649818273
0.284649818273
0.284649818273
0.284649818273
0.284649818273
0.284649818273
0.284649818273
0.284649818273
0.284649818273
0.284649818273
0.284649818273
0.284649818273
0.284649818273
0.284649818273
0.284649818273
0.284649818273
0.284649818273
0.284649818273
0.284649818273
0.284649818273
0.284649818273
0.284649818273
0.284649818273
0.284649818273
0.284649818273
0.284649818273
0.284649818273
0.284649818273
0.284649818273
0.284649818273
0.284649818273
0.284649818273
0.284649818273
0.284649818273
0.284649818273
0.284649818273
0.284649818273
0.284649818273
0.284649818273
0.284649818273
0.284649818273
0.284649818273
0.284649818273
0.284649818273
0.284649818273
0.284649818273
0.284649818273
0.284649818273
0.284649818273
0.284649818273
0.284649818273
0.284649818273
0.284649818273
0.284649818273
0.284649818273
0.284649818273
0.284649818273
0.284649818273
0.284649818273
0.284649818273
0.284649818273
0.284649818273
0.284649818273
0.284649818273
0.284649818273
0.284649818273
0.284649818273
0.284649818273
0.284649818273
0.284649818273
0.284649818273
0.284649818273
0.284649818273
0.284649818273
0.284649818273
0.284649818273
0.284649818273
0.284649818273
0.284649818273
0.284649818273
0.284649818273
0.284649818273
0.284649818273
0.284649818273
0.284649818273
0.284649818273
0.284649818273
0.284649818273
0.284649818273
0.284649818273
0.284649818273
0.284649818273
0.284649818273
0.284649818273
0.284649818273
0.284649818273
0.284649818273
0.284649818273
0.284649818273
0.284649818273
0.284649818273
0.284649818273
0.284649818273
0.284649818273
0.284649818273
0.284649818273
0.284649818273
0.284649818273
0.284649818273
0.284649818273
0.284649818273
0.284649818273
0.284649818273
0.284649818273
0.284649818273
0.284649818273
0.284649818273
0.284649818273
0.284649818273
0.284649818273
0.284649818273
0.284649818273
0.284649818273
0.284649818273
0.284649818273
0.284649818273
0.284649818273
0.284649818273
0.284649818273
0.284649818273
0.284649818273
0.284649818273
0.284649818273
0.284649818273
0.284649818273
0.284649818273
0.284649818273
0.284649818273
0.284649818273
0.284649818273
0.284649818273
0.284649818273
0.284649818273
0.284649818273
0.284649818273
0.284649818273
0.284649818273
0.284649818273
0.284649818273
0.284649818273
0.284649818273
0.284649818273
0.284649818273
0.284649818273
0.284649818273
0.284649818273
0.284649818273
0.284649818273
0.284649818273
0.284649818273
0.284649818273
0.284649818273
0.284649818273
0.284649818273
0.284649818273
0.284649818273
0.284649818273
0.284649818273
0.284649818273
0.284649818273
0.284649818273
0.284649818273
0.284649818273
0.284649818273
0.284649818273
0.284649818273
0.284649818273
0.284649818273
0.284649818273
0.284649818273
0.284649818273
0.284649818273
0.284649818273
0.284649818273
0.284649818273
0.284649818273
0.284649818273
0.284649818273
0.284649818273
0.284649818273
0.284649818273
0.284649818273
0.284649818273
0.284649818273
0.284649818273
0.284649818273
0.284649818273
0.284649818273
0.284649818273
0.284649818273
0.284649818273
0.284649818273
0.284649818273
0.284649818273
0.284649818273
0.284649818273
0.284649818273
0.284649818273
0.284649818273
0.284649818273
0.284649818273
0.284649818273
0.284649818273
0.284649818273
0.284649818273
0.284649818273
0.284649818273
0.284649818273
0.284649818273
0.284649818273
0.284649818273
0.284649818273
0.284649818273
0.284649818273
0.284649818273
0.284649818273
0.284649818273
0.284649818273
0.284649818273
0.284649818273
0.284649818273
0.284649818273
0.284649818273
0.284649818273
0.284649818273
0.284649818273
0.284649818273
0.284649818273
0.284649818273
0.284649818273
0.284649818273
0.284649818273
0.284649818273
0.284649818273
0.284649818273
0.284649818273
0.284649818273
0.284649818273
0.284649818273
0.284649818273
0.284649818273
0.284649818273
0.284649818273
0.284649818273
0.284649818273
0.284649818273
0.284649818273
0.284649818273
0.284649818273
0.284649818273
0.284649818273
0.284649818273
0.284649818273
0.284649818273
0.284649818273
0.284649818273
0.284649818273
0.284649818273
0.284649818273
0.284649818273
0.284649818273
0.284649818273
0.284649818273
0.284649818273
0.284649818273
0.284649818273
0.284649818273
0.284649818273
0.284649818273
0.284649818273
0.284649818273
0.284649818273
0.284649818273
0.284649818273
0.284649818273
0.284649818273
0.284649818273
0.284649818273
0.284649818273
0.284649818273
0.284649818273
0.284649818273
0.284649818273
0.284649818273
0.284649818273
0.284649818273
0.284649818273
0.284649818273
0.284649818273
0.284649818273
0.284649818273
0.284649818273
0.284649818273
0.284649818273
0.284649818273
0.284649818273
0.284649818273
0.284649818273
0.284649818273
0.284649818273
0.284649818273
0.284649818273
0.284649818273
0.284649818273
0.284649818273
0.284649818273
0.284649818273
0.284649818273
0.284649818273
0.284649818273
0.284649818273
0.284649818273
0.284649818273
0.284649818273
0.284649818273
0.28293407595
0.28293407595
0.28293407595
0.28293407595
