0.312668488022
0.246697292
0.21063512288
0.21063512288
0.204744116909
0.204744116909
0.204744116909
0.203653050894
0.200565410459
0.200565410459
0.200565410459
0.200565410459
0.200565410459
0.200565410459
0.200565410459
0.200565410459
0.200565410459
0.200565410459
0.200565410459
0.200565410459
0.200565410459
0.200565410459
0.200565410459
0.200565410459
0.200565410459
0.200565410459
0.200565410459
0.200565410459
0.200565410459
0.196284806542
0.196284806542
0.196284806542
0.196284806542
0.196284806542
0.196284806542
0.196284806542
0.196284806542
0.196284806542
0.196284806542
0.196284806542
0.196284806542
0.196284806542
0.196284806542
0.195579107117
0.195579107117
0.195579107117
0.195579107117
0.195579107117
0.195579107117
0.195579107117
0.195579107117
0.195579107117
0.195579107117
0.195579107117
0.195579107117
0.195579107117
0.195579107117
0.195579107117
0.195579107117
0.195579107117
0.195579107117
0.195579107117
0.195579107117
0.195579107117
0.195579107117
0.195579107117
0.195579107117
0.194224682475
0.194224682475
0.194224682475
0.194224682475
0.194224682475
0.194224682475
0.194224682475
0.194224682475
0.194224682475
0.194224682475
0.194224682475
0.194224682475
0.194224682475
0.194224682475
0.194224682475
0.194224682475
0.194224682475
0.194224682475
0.194224682475
0.194224682475
0.194224682475
0.194224682475
0.194224682475
0.194224682475
0.194224682475
0.194224682475
0.194224682475
0.194224682475
0.194224682475
0.194224682475
0.194224682475
0.194224682475
0.194224682475
0.194224682475
0.194224682475
0.194224682475
0.194224682475
0.194224682475
0.194224682475
0.189705021863
0.189705021863
0.189705021863
0.189705021863
0.189705021863
0.189705021863
0.189705021863
0.189705021863
0.189705021863
0.189705021863
0.189705021863
0.189705021863
0.189705021863
0.189705021863
0.189705021863
0.189705021863
0.189705021863
0.189705021863
0.189705021863
0.189705021863
0.189705021863
0.189705021863
0.189705021863
0.189705021863
0.189705021863
0.189705021863
0.189705021863
0.189705021863
0.189705021863
0.189705021863
0.189705021863
0.189705021863
0.189705021863
0.189705021863
0.189705021863
0.189705021863
0.189705021863
0.189705021863
0.189705021863
0.189705021863
0.189705021863
0.189705021863
0.189705021863
0.189705021863
0.189705021863
0.189705021863
0.189705021863
0.189705021863
0.189705021863
0.189705021863
0.189705021863
0.189705021863
0.189705021863
0.189705021863
0.189705021863
0.189705021863
0.189705021863
0.189705021863
0.189705021863
0.189705021863
0.189705021863
0.189705021863
0.189705021863
0.189705021863
0.189705021863
0.189705021863
0.189705021863
0.189705021863
0.189705021863
0.189705021863
0.189705021863
0.189705021863
0.189705021863
0.189705021863
0.189705021863
0.189705021863
0.189705021863
0.189705021863
0.189705021863
0.189705021863
0.189705021863
0.189705021863
0.189705021863
0.189705021863
0.189705021863
0.189705021863
0.189705021863
0.189705021863
0.189705021863
0.189705021863
0.189705021863
0.189705021863
0.189705021863
0.189705021863
0.189705021863
0.189705021863
0.189705021863
0.189705021863
0.189705021863
0.189705021863
0.189705021863
0.189705021863
0.189705021863
0.189705021863
0.189705021863
0.189705021863
0.189705021863
0.189705021863
0.189705021863
0.189705021863
0.189705021863
0.189705021863
0.189705021863
0.189705021863
0.189705021863
0.189705021863
0.189705021863
0.189705021863
0.189705021863
0.189705021863
0.189705021863
0.189705021863
0.189705021863
0.189705021863
0.189705021863
0.189705021863
0.189705021863
0.189705021863
0.189705021863
0.189705021863
0.189705021863
0.189705021863
0.189705021863
0.189705021863
0.189705021863
0.189705021863
0.189705021863
0.189705021863
0.189705021863
0.189705021863
0.189705021863
0.189705021863
0.189705021863
0.189705021863
0.189705021863
0.189705021863
0.189705021863
0.189705021863
0.189705021863
0.189705021863
0.189705021863
0.189705021863
0.189705021863
0.189705021863
0.189705021863
0.189705021863
0.189705021863
0.189705021863
0.189705021863
0.189705021863
0.189705021863
0.189705021863
0.189705021863
0.189705021863
0.189705021863
0.189705021863
0.189705021863
0.189705021863
0.189705021863
0.189705021863
0.189705021863
0.189705021863
0.189705021863
0.189705021863
0.189705021863
0.189705021863
0.189705021863
0.189705021863
0.189705021863
0.189705021863
0.189705021863
0.189705021863
0.189705021863
0.189705021863
0.189705021863
0.189705021863
0.189705021863
0.189705021863
0.189705021863
0.189705021863
0.189705021863
0.189705021863
0.189705021863
0.189705021863
