0.328378145522
0.242468154998
0.226532631151
0.226532631151
0.220125817991
0.21882498843
0.198203713334
0.198203713334
0.198203713334
0.198203713334
0.198203713334
0.198203713334
0.198203713334
0.198203713334
0.198203713334
0.198203713334
0.198203713334
0.198203713334
0.198203713334
0.198203713334
0.198203713334
0.198203713334
0.198203713334
0.198203713334
0.198203713334
0.198203713334
0.198203713334
0.197685909582
0.197685909582
0.197685909582
0.197685909582
0.194242429553
0.194242429553
0.194242429553
0.194242429553
0.194242429553
0.194242429553
0.194242429553
0.194242429553
0.194242429553
0.194242429553
0.194242429553
0.194242429553
0.194242429553
0.194242429553
0.194242429553
0.194242429553
0.194242429553
0.194242429553
0.194242429553
0.194242429553
0.194242429553
0.194242429553
0.194242429553
0.194242429553
0.194242429553
0.194242429553
0.194242429553
0.194242429553
0.194242429553
0.189130320165
0.189130320165
0.189130320165
0.189130320165
0.189130320165
0.189130320165
0.189130320165
0.189130320165
0.189130320165
0.189130320165
0.189130320165
0.189130320165
0.189130320165
0.189130320165
0.189130320165
0.189130320165
0.189130320165
0.189130320165
0.189130320165
0.189130320165
0.189130320165
0.189130320165
0.189130320165
0.189130320165
0.189130320165
0.189130320165
0.189130320165
0.186583327423
0.186583327423
0.186583327423
0.186583327423
0.186583327423
0.186583327423
0.186583327423
0.186583327423
0.186583327423
0.186583327423
0.186583327423
0.186583327423
0.186583327423
0.186583327423
0.186583327423
0.186583327423
0.186583327423
0.186583327423
0.186583327423
0.186583327423
0.186583327423
0.186583327423
0.186583327423
0.186583327423
0.186583327423
0.186583327423
0.186583327423
0.186583327423
0.186583327423
0.186583327423
0.186583327423
0.186583327423
0.186583327423
0.186583327423
0.186583327423
0.186583327423
0.186583327423
0.186583327423
0.186583327423
0.186583327423
0.186583327423
0.186583327423
0.186583327423
0.186583327423
0.186583327423
0.186583327423
0.186583327423
0.186583327423
0.186583327423
0.186583327423
0.186583327423
0.186583327423
0.186583327423
0.186583327423
0.186583327423
0.186583327423
0.186583327423
0.186583327423
0.186583327423
0.186583327423
0.186583327423
0.186583327423
0.186583327423
0.186583327423
0.186583327423
0.186583327423
0.186583327423
0.186583327423
0.186583327423
0.186583327423
0.186583327423
0.178695724944
0.178695724944
0.178695724944
0.178695724944
0.178695724944
0.178695724944
0.178695724944
0.178695724944
0.178695724944
0.178695724944
0.178695724944
0.178695724944
0.178695724944
0.178695724944
0.178695724944
0.178695724944
0.178695724944
0.178695724944
0.178695724944
0.178695724944
0.178695724944
0.178695724944
0.178695724944
0.178695724944
0.178695724944
0.178695724944
0.178695724944
0.178695724944
0.178695724944
0.178695724944
0.178695724944
0.178695724944
0.178695724944
0.178695724944
0.178695724944
0.178695724944
0.178695724944
0.178695724944
0.178695724944
0.178695724944
0.178695724944
0.178695724944
0.178695724944
0.178695724944
0.178695724944
0.178695724944
0.178695724944
0.178695724944
0.178695724944
0.178695724944
0.178695724944
0.178695724944
0.178695724944
0.178695724944
0.178695724944
0.178695724944
0.178695724944
0.178695724944
0.178695724944
0.178695724944
0.178695724944
0.178695724944
0.178695724944
0.178695724944
0.178695724944
0.178695724944
0.178695724944
0.178695724944
0.178695724944
0.178695724944
0.178695724944
0.178695724944
0.178695724944
0.178695724944
0.178695724944
0.178695724944
0.178695724944
0.178695724944
0.178695724944
0.178695724944
0.178695724944
0.178695724944
0.178695724944
0.178695724944
0.178695724944
0.178695724944
0.178695724944
0.178695724944
0.178695724944
0.178695724944
0.178695724944
0.178695724944
0.178695724944
0.178695724944
0.178695724944
0.178695724944
0.178695724944
0.178695724944
0.178695724944
0.178695724944
0.178695724944
0.178695724944
0.178695724944
0.178695724944
0.178695724944
0.178695724944
0.178695724944
0.178695724944
0.178695724944
0.178695724944
0.178695724944
0.178695724944
0.178695724944
0.178695724944
0.178695724944
0.178695724944
0.178695724944
0.178695724944
0.178695724944
0.178695724944
0.178695724944
0.178695724944
0.178695724944
0.178695724944
0.178695724944
0.178695724944
0.178695724944
0.178695724944
0.178695724944
0.178695724944
0.178695724944
0.178695724944
0.178695724944
0.178695724944
0.178695724944
0.178695724944
0.178695724944
0.178695724944
0.178695724944
0.178695724944
0.178695724944
0.178695724944
