0.325905165895
0.242446011161
0.209233539497
0.209233539497
0.209233539497
0.209233539497
0.204413543332
0.204413543332
0.204099549216
0.200902916979
0.200811764399
0.200811764399
0.200811764399
0.200811764399
0.200811764399
0.200811764399
0.200811764399
0.200811764399
0.200811764399
0.196503066271
0.196503066271
0.196503066271
0.196503066271
0.196503066271
0.196503066271
0.196503066271
0.196503066271
0.196503066271
0.196503066271
0.196503066271
0.196503066271
0.196503066271
0.196503066271
0.196503066271
0.196503066271
0.196503066271
0.196503066271
0.196503066271
0.196503066271
0.196503066271
0.196503066271
0.196503066271
0.196503066271
0.196503066271
0.196503066271
0.196503066271
0.196503066271
0.196503066271
0.196503066271
0.196503066271
0.196503066271
0.196503066271
0.196503066271
0.196503066271
0.196503066271
0.196503066271
0.196503066271
0.196503066271
0.196503066271
0.196503066271
0.196503066271
0.196503066271
0.196503066271
0.196503066271
0.196503066271
0.196503066271
0.196503066271
0.196503066271
0.196503066271
0.196503066271
0.196503066271
0.196503066271
0.196503066271
0.191549328186
0.191549328186
0.191549328186
0.191549328186
0.191549328186
0.191549328186
0.191549328186
0.191549328186
0.191549328186
0.191549328186
0.191549328186
0.191549328186
0.191549328186
0.191549328186
0.191549328186
0.191549328186
0.191549328186
0.191549328186
0.191549328186
0.191549328186
0.191549328186
0.191549328186
0.191549328186
0.191549328186
0.191549328186
0.191549328186
0.191549328186
0.191549328186
0.191549328186
0.191549328186
0.191549328186
0.191549328186
0.191549328186
0.191549328186
0.191549328186
0.191549328186
0.191549328186
0.191549328186
0.191549328186
0.191549328186
0.191549328186
0.191549328186
0.191549328186
0.191549328186
0.191549328186
0.191549328186
0.191549328186
0.191549328186
0.191549328186
0.191549328186
0.191549328186
0.191549328186
0.191549328186
0.191549328186
0.191549328186
0.191549328186
0.191549328186
0.191549328186
0.191549328186
0.191549328186
0.191549328186
0.191549328186
0.191549328186
0.191549328186
0.191549328186
0.191549328186
0.191549328186
0.191549328186
0.191549328186
0.191549328186
0.191549328186
0.191549328186
0.191549328186
0.191549328186
0.191549328186
0.191549328186
0.191549328186
0.191549328186
0.191549328186
0.191549328186
0.191549328186
0.191549328186
0.191549328186
0.191549328186
0.177627816697
0.177627816697
0.177627816697
0.177627816697
0.177627816697
0.177627816697
0.177627816697
0.177627816697
0.177627816697
0.177627816697
0.177627816697
0.177627816697
0.177627816697
0.177627816697
0.177627816697
0.177627816697
0.177627816697
0.177627816697
0.177627816697
0.177627816697
0.177627816697
0.177627816697
0.177627816697
0.177627816697
0.177627816697
0.177627816697
0.177627816697
0.177627816697
0.177627816697
0.177627816697
0.177627816697
0.177627816697
0.177627816697
0.177627816697
0.177627816697
0.177627816697
0.177627816697
0.177627816697
0.177627816697
0.177627816697
0.177627816697
0.177627816697
0.177627816697
0.177627816697
0.177627816697
0.177627816697
0.177627816697
0.177627816697
0.177627816697
0.177627816697
0.177627816697
0.177627816697
0.177627816697
0.177627816697
0.177627816697
0.177627816697
0.177627816697
0.177627816697
0.177627816697
0.177627816697
0.177627816697
0.177627816697
0.177627816697
0.177627816697
0.177627816697
0.177627816697
0.177627816697
0.177627816697
0.177627816697
0.177627816697
0.177627816697
0.177627816697
0.177627816697
0.177627816697
0.177627816697
0.177627816697
0.177627816697
0.177627816697
0.177627816697
0.177627816697
0.177627816697
0.177627816697
0.177627816697
0.177627816697
0.177627816697
0.177627816697
0.177627816697
0.177627816697
0.177627816697
0.177627816697
0.177627816697
0.177627816697
0.177627816697
0.177627816697
0.177627816697
0.177627816697
0.177627816697
0.177627816697
0.177627816697
0.177627816697
0.177627816697
0.177627816697
0.177627816697
0.177627816697
0.177627816697
0.177627816697
0.177627816697
0.177627816697
0.177627816697
0.177627816697
0.177627816697
0.177627816697
0.177627816697
0.177627816697
0.177627816697
0.177627816697
0.177627816697
0.177627816697
0.177627816697
0.177627816697
0.177627816697
0.177627816697
0.177627816697
0.177627816697
0.177627816697
0.177627816697
0.177627816697
0.177627816697
0.177627816697
0.177627816697
0.177627816697
0.177627816697
0.177627816697
0.177627816697
0.177627816697
0.177627816697
0.177627816697
0.177627816697
0.177627816697
0.177627816697
0.177627816697
0.177627816697
0.177627816697
