0.320269313395
0.254943617699
0.228894114971
0.207915495929
0.207915495929
0.199573467299
0.199573467299
0.199573467299
0.199573467299
0.199573467299
0.199573467299
0.199573467299
0.199573467299
0.199573467299
0.199573467299
0.199573467299
0.199573467299
0.199573467299
0.199573467299
0.199573467299
0.199573467299
0.199573467299
0.199573467299
0.199573467299
0.199573467299
0.199573467299
0.196827538287
0.196827538287
0.196827538287
0.196827538287
0.196827538287
0.196827538287
0.196827538287
0.196827538287
0.196827538287
0.196827538287
0.196827538287
0.196827538287
0.196827538287
0.196827538287
0.196827538287
0.196827538287
0.196827538287
0.196827538287
0.196827538287
0.196827538287
0.196827538287
0.196827538287
0.196827538287
0.190827463126
0.190827463126
0.190827463126
0.190827463126
0.190827463126
0.190827463126
0.190827463126
0.190827463126
0.190827463126
0.190827463126
0.190827463126
0.190827463126
0.190827463126
0.190827463126
0.190827463126
0.190827463126
0.190827463126
0.190827463126
0.190827463126
0.190827463126
0.190827463126
0.190827463126
0.190827463126
0.190827463126
0.190827463126
0.190827463126
0.190827463126
0.190827463126
0.190827463126
0.190827463126
0.190827463126
0.190827463126
0.190827463126
0.190827463126
0.190827463126
0.190827463126
0.190827463126
0.190827463126
0.190827463126
0.190827463126
0.190827463126
0.190827463126
0.190827463126
0.190827463126
0.190827463126
0.190827463126
0.190827463126
0.190827463126
0.190827463126
0.190827463126
0.190827463126
0.190827463126
0.190827463126
0.190827463126
0.190827463126
0.190827463126
0.190827463126
0.190827463126
0.190827463126
0.190827463126
0.190827463126
0.190827463126
0.190827463126
0.190827463126
0.190827463126
0.190827463126
0.190827463126
0.190827463126
0.190827463126
0.190827463126
0.190827463126
0.190827463126
0.190827463126
0.190827463126
0.190827463126
0.190827463126
0.190827463126
0.190827463126
0.190827463126
0.190827463126
0.190827463126
0.190827463126
0.190827463126
0.190827463126
0.190827463126
0.190827463126
0.190827463126
0.190827463126
0.190827463126
0.190827463126
0.190827463126
0.190827463126
0.190827463126
0.190827463126
0.190827463126
0.190827463126
0.190827463126
0.190827463126
0.190827463126
0.190827463126
0.190827463126
0.190827463126
0.190827463126
0.177792619044
0.177792619044
0.177792619044
0.177792619044
0.177792619044
0.177792619044
0.177792619044
0.177792619044
0.177792619044
0.177792619044
0.177792619044
0.177792619044
0.177792619044
0.177792619044
0.177792619044
0.177792619044
0.177792619044
0.177792619044
0.177792619044
0.177792619044
0.177792619044
0.177792619044
0.177792619044
0.177792619044
0.177792619044
0.177792619044
0.177792619044
0.177792619044
0.177792619044
0.177792619044
0.177792619044
0.177792619044
0.177792619044
0.177792619044
0.177792619044
0.177792619044
0.177792619044
0.177792619044
0.177792619044
0.177792619044
0.177792619044
0.177792619044
0.177792619044
0.177792619044
0.177792619044
0.177792619044
0.177792619044
0.177792619044
0.177792619044
0.177792619044
0.177792619044
0.177792619044
0.177792619044
0.177792619044
0.177792619044
0.177792619044
0.177792619044
0.177792619044
0.177792619044
0.177792619044
0.177792619044
0.177792619044
0.177792619044
0.177792619044
0.177792619044
0.177792619044
0.177792619044
0.177792619044
0.177792619044
0.177792619044
0.177792619044
0.177792619044
0.177792619044
0.177792619044
0.177792619044
0.177792619044
0.177792619044
0.177792619044
0.177792619044
0.177792619044
0.177792619044
0.177792619044
0.177792619044
0.177792619044
0.177792619044
0.177792619044
0.177792619044
0.177792619044
0.177792619044
0.177792619044
0.177792619044
0.177792619044
0.177792619044
0.177792619044
0.177792619044
0.177792619044
0.177792619044
0.177792619044
0.177792619044
0.177792619044
0.177792619044
0.177792619044
0.177792619044
0.177792619044
0.177792619044
0.177792619044
0.177792619044
0.177792619044
0.177792619044
0.177792619044
0.177792619044
0.177792619044
0.177792619044
0.177792619044
0.177792619044
0.177792619044
0.177792619044
0.177792619044
0.177792619044
0.177792619044
0.177792619044
0.177792619044
0.177792619044
0.177792619044
0.177792619044
0.177792619044
0.177792619044
0.177792619044
0.177792619044
0.177792619044
0.177792619044
0.177792619044
0.177792619044
0.177792619044
0.177792619044
0.177792619044
0.177792619044
0.177792619044
0.177792619044
0.177792619044
0.177792619044
0.177792619044
0.177792619044
0.177792619044
0.177792619044
0.177792619044
0.177792619044
0.177792619044
