0.407803661343
0.317222742724
0.308999174163
0.303419859708
0.303419859708
0.303419859708
0.299191332209
0.299191332209
0.288833534743
0.288833534743
0.288833534743
0.288833534743
0.288833534743
0.288833534743
0.288833534743
0.288833534743
0.288833534743
0.288833534743
0.288833534743
0.288833534743
0.288833534743
0.288833534743
0.288833534743
0.288833534743
0.288833534743
0.288833534743
0.288833534743
0.288833534743
0.288833534743
0.288833534743
0.288833534743
0.288833534743
0.288833534743
0.288833534743
0.288833534743
0.288833534743
0.288833534743
0.288833534743
0.288833534743
0.288833534743
0.288833534743
0.288833534743
0.288833534743
0.288833534743
0.288833534743
0.288833534743
0.28875193581
0.28875193581
0.28875193581
0.28875193581
0.28875193581
0.28875193581
0.28875193581
0.28875193581
0.28875193581
0.28875193581
0.28875193581
0.28875193581
0.28875193581
0.28875193581
0.28875193581
0.28875193581
0.28875193581
0.28875193581
0.28875193581
0.28875193581
0.28875193581
0.28875193581
0.28875193581
0.28875193581
0.28875193581
0.28875193581
0.28875193581
0.28875193581
0.28875193581
0.28875193581
0.28875193581
0.28875193581
0.28875193581
0.28875193581
0.28875193581
0.28875193581
0.28875193581
0.28875193581
0.28875193581
0.28875193581
0.28875193581
0.28875193581
0.28875193581
0.28875193581
0.28875193581
0.28875193581
0.28875193581
0.28875193581
0.28875193581
0.28875193581
0.28875193581
0.28875193581
0.28875193581
0.28875193581
0.28875193581
0.28875193581
0.28875193581
0.28875193581
0.28875193581
0.28875193581
0.28875193581
0.28875193581
0.28875193581
0.28875193581
0.28875193581
0.28875193581
0.28875193581
0.28875193581
0.28875193581
0.28875193581
0.28875193581
0.28875193581
0.28875193581
0.28875193581
0.28875193581
0.28875193581
0.28875193581
0.28875193581
0.28875193581
0.28875193581
0.28875193581
0.28875193581
0.28875193581
0.28875193581
0.28875193581
0.28875193581
0.28875193581
0.28875193581
0.28875193581
0.286461354094
0.286461354094
0.286461354094
0.286461354094
0.286461354094
0.286461354094
0.286461354094
0.286461354094
0.286461354094
0.286461354094
0.286461354094
0.286461354094
0.286461354094
0.286461354094
0.286461354094
0.286461354094
0.286461354094
0.286461354094
0.286461354094
0.286461354094
0.286461354094
0.286461354094
0.286461354094
0.286461354094
0.286461354094
0.286461354094
0.286461354094
0.286461354094
0.286461354094
0.286461354094
0.286461354094
0.286461354094
0.286461354094
0.286461354094
0.286461354094
0.286461354094
0.286461354094
0.286461354094
0.286461354094
0.286461354094
0.286461354094
0.286461354094
0.286461354094
0.286461354094
0.286461354094
0.286461354094
0.286461354094
0.286461354094
0.286461354094
0.286461354094
0.286461354094
0.286461354094
0.286461354094
0.286461354094
0.286461354094
0.286461354094
0.286461354094
0.286461354094
0.286461354094
0.286461354094
0.286461354094
0.286461354094
0.286461354094
0.286461354094
0.286461354094
0.286461354094
0.286461354094
0.286461354094
0.286461354094
0.286461354094
0.286461354094
0.286461354094
0.286461354094
0.286461354094
0.286461354094
0.286461354094
0.286461354094
0.286461354094
0.286461354094
0.286461354094
0.286461354094
0.286461354094
0.286461354094
0.286461354094
0.286461354094
0.286461354094
0.286461354094
0.286461354094
0.286461354094
0.286461354094
0.286461354094
0.286461354094
0.286461354094
0.286461354094
0.286461354094
0.286461354094
0.286461354094
0.286461354094
0.286461354094
0.286461354094
0.286461354094
0.286461354094
0.273699699563
0.273699699563
0.273699699563
0.273699699563
0.273699699563
0.273699699563
0.273699699563
0.273699699563
0.273699699563
0.273699699563
0.273699699563
0.273699699563
0.273699699563
0.273699699563
0.273699699563
0.273699699563
0.273699699563
0.273699699563
0.273699699563
0.273699699563
0.273699699563
0.273699699563
0.273699699563
0.273699699563
0.273699699563
0.273699699563
0.273699699563
0.273699699563
0.273699699563
0.273699699563
0.273699699563
0.273699699563
0.273699699563
0.273699699563
0.273699699563
0.273699699563
0.273699699563
0.273699699563
0.273699699563
0.273699699563
0.273699699563
0.273699699563
0.273699699563
0.273699699563
0.273699699563
0.273699699563
0.273699699563
0.273699699563
0.273699699563
0.273699699563
0.273699699563
0.273699699563
0.273699699563
0.273699699563
0.273699699563
0.273699699563
0.273699699563
0.273699699563
0.273699699563
0.273699699563
0.273699699563
0.273699699563
0.273699699563
0.273699699563
0.273699699563
0.273699699563
0.273699699563
0.273699699563
0.273699699563
0.273699699563
0.273699699563
0.273699699563
0.273699699563
0.273699699563
0.273699699563
0.273699699563
0.273699699563
0.273699699563
0.273699699563
0.273699699563
0.273699699563
0.273699699563
0.273699699563
0.273699699563
0.273699699563
0.273699699563
0.273699699563
0.273699699563
0.273699699563
0.273699699563
0.273699699563
0.273699699563
0.273699699563
0.273699699563
0.273699699563
0.273699699563
0.273699699563
0.273699699563
0.273699699563
0.273699699563
0.273699699563
0.273699699563
0.273699699563
0.273699699563
0.273699699563
0.273699699563
0.273699699563
0.273699699563
0.273699699563
0.273699699563
0.273699699563
0.273699699563
0.273699699563
0.273699699563
0.273699699563
0.273699699563
0.273699699563
0.273699699563
0.273699699563
0.273699699563
0.273699699563
0.273699699563
0.273699699563
0.273699699563
0.273699699563
0.273699699563
0.273699699563
0.273699699563
0.273699699563
0.273699699563
0.273699699563
0.273699699563
0.273699699563
0.273699699563
0.273699699563
0.273699699563
0.273699699563
0.273699699563
0.273699699563
0.273699699563
0.273699699563
0.273699699563
0.273699699563
0.273699699563
0.273699699563
0.273699699563
0.273699699563
0.273699699563
0.273699699563
0.273699699563
0.273699699563
0.273699699563
0.273699699563
0.273699699563
0.273699699563
0.273699699563
0.273699699563
0.273699699563
0.273699699563
0.273699699563
0.273699699563
0.273699699563
0.273699699563
