0.31543813849
0.248579583452
0.245725448879
0.218147274467
0.203304968547
0.203304968547
0.203304968547
0.203304968547
0.202132348513
0.202132348513
0.202132348513
0.202132348513
0.202132348513
0.202132348513
0.202132348513
0.202132348513
0.191397004542
0.191397004542
0.190230706483
0.190230706483
0.190230706483
0.190230706483
0.190230706483
0.190230706483
0.190230706483
0.190230706483
0.190230706483
0.190230706483
0.190230706483
0.190230706483
0.190230706483
0.190230706483
0.190230706483
0.190230706483
0.190230706483
0.190230706483
0.190230706483
0.190230706483
0.190230706483
0.190230706483
0.190230706483
0.190230706483
0.190230706483
0.190230706483
0.190230706483
0.190230706483
0.190230706483
0.190230706483
0.190230706483
0.190230706483
0.190230706483
0.190230706483
0.190230706483
0.190230706483
0.190008792555
0.190008792555
0.190008792555
0.190008792555
0.190008792555
0.190008792555
0.190008792555
0.190008792555
0.190008792555
0.190008792555
0.190008792555
0.190008792555
0.190008792555
0.190008792555
0.190008792555
0.190008792555
0.190008792555
0.190008792555
0.190008792555
0.190008792555
0.190008792555
0.190008792555
0.190008792555
0.190008792555
0.190008792555
0.190008792555
0.190008792555
0.190008792555
0.190008792555
0.190008792555
0.190008792555
0.190008792555
0.190008792555
0.190008792555
0.190008792555
0.190008792555
0.190008792555
0.190008792555
0.190008792555
0.190008792555
0.190008792555
0.190008792555
0.190008792555
0.190008792555
0.190008792555
0.190008792555
0.190008792555
0.190008792555
0.190008792555
0.190008792555
0.190008792555
0.190008792555
0.190008792555
0.190008792555
0.190008792555
0.190008792555
0.190008792555
0.190008792555
0.190008792555
0.190008792555
0.190008792555
0.190008792555
0.190008792555
0.190008792555
0.190008792555
0.190008792555
0.190008792555
0.190008792555
0.190008792555
0.190008792555
0.190008792555
0.190008792555
0.190008792555
0.190008792555
0.190008792555
0.190008792555
0.190008792555
0.190008792555
0.190008792555
0.190008792555
0.190008792555
0.188598018181
0.188598018181
0.188598018181
0.188598018181
0.188598018181
0.188598018181
0.188598018181
0.188598018181
0.188598018181
0.188598018181
0.188598018181
0.188598018181
0.188598018181
0.188598018181
0.188598018181
0.188598018181
0.188598018181
0.188598018181
0.188598018181
0.188598018181
0.188598018181
0.188598018181
0.188598018181
0.188598018181
0.188598018181
0.188598018181
0.188598018181
0.188598018181
0.188598018181
0.188598018181
0.188598018181
0.188598018181
0.188598018181
0.188598018181
0.188598018181
0.188598018181
0.188598018181
0.188598018181
0.188598018181
0.188598018181
0.188598018181
0.188598018181
0.188598018181
0.188598018181
0.188598018181
0.188598018181
0.188598018181
0.188598018181
0.188598018181
0.188598018181
0.188598018181
0.188598018181
0.188598018181
0.188598018181
0.188598018181
0.188598018181
0.188598018181
0.188598018181
0.188598018181
0.188598018181
0.188598018181
0.188598018181
0.188598018181
0.188598018181
0.188598018181
0.188598018181
0.188598018181
0.188598018181
0.188598018181
0.188598018181
0.188598018181
0.188598018181
0.188598018181
0.188598018181
0.188598018181
0.188598018181
0.188598018181
0.188598018181
0.188598018181
0.188598018181
0.188598018181
0.188598018181
0.188598018181
0.188598018181
0.188598018181
0.188598018181
0.188598018181
0.188598018181
0.188598018181
0.188598018181
0.188598018181
0.188598018181
0.188598018181
0.188598018181
0.187826003958
0.187826003958
0.187826003958
0.187826003958
0.187826003958
0.187826003958
0.187826003958
0.187826003958
0.187826003958
0.187826003958
0.187826003958
0.187826003958
0.187826003958
0.187826003958
0.187826003958
0.187826003958
0.187826003958
0.187826003958
0.187826003958
0.187826003958
0.187826003958
0.187826003958
0.187826003958
0.187826003958
0.187826003958
0.187826003958
0.187826003958
0.187826003958
0.187826003958
0.187826003958
0.187826003958
0.187826003958
0.187826003958
0.187826003958
0.187826003958
0.187826003958
0.187826003958
0.187826003958
0.187826003958
0.187826003958
0.187826003958
0.187826003958
0.187826003958
0.187826003958
0.187826003958
0.187826003958
0.187826003958
0.187826003958
0.187826003958
0.187826003958
0.187826003958
0.187826003958
0.187826003958
0.187826003958
0.187826003958
0.187826003958
0.187826003958
0.187826003958
0.187826003958
0.187826003958
0.187826003958
0.187826003958
0.187826003958
0.187826003958
0.187826003958
0.187826003958
0.187826003958
0.187826003958
0.187826003958
0.187826003958
0.187826003958
