0.393776296579
0.331056423421
0.305386811341
0.305148211271
0.294834789436
0.291714381421
0.291714381421
0.291714381421
0.291714381421
0.291714381421
0.291714381421
0.291333941116
0.291333941116
0.291333941116
0.291333941116
0.291333941116
0.291333941116
0.291333941116
0.291333941116
0.291333941116
0.291333941116
0.291333941116
0.28852731815
0.28852731815
0.28852731815
0.28852731815
0.28852731815
0.28852731815
0.28852731815
0.28852731815
0.28852731815
0.28852731815
0.28852731815
0.28852731815
0.28852731815
0.28852731815
0.28852731815
0.28852731815
0.28852731815
0.28852731815
0.28852731815
0.28852731815
0.28852731815
0.28852731815
0.28852731815
0.28852731815
0.28852731815
0.28852731815
0.28852731815
0.28852731815
0.28852731815
0.28852731815
0.28852731815
0.28852731815
0.28852731815
0.28852731815
0.28852731815
0.28852731815
0.28852731815
0.28852731815
0.28852731815
0.28852731815
0.28852731815
0.28852731815
0.28852731815
0.28852731815
0.28852731815
0.28852731815
0.28852731815
0.28852731815
0.28852731815
0.28852731815
0.28852731815
0.28852731815
0.28852731815
0.28852731815
0.28852731815
0.28852731815
0.28852731815
0.28852731815
0.28852731815
0.28852731815
0.287819250358
0.287819250358
0.287819250358
0.287819250358
0.287819250358
0.287819250358
0.287819250358
0.287819250358
0.287819250358
0.287819250358
0.287819250358
0.287819250358
0.287819250358
0.287819250358
0.287819250358
0.287819250358
0.287819250358
0.287819250358
0.287819250358
0.287819250358
0.287819250358
0.287819250358
0.287819250358
0.287819250358
0.287819250358
0.287819250358
0.287819250358
0.287819250358
0.287819250358
0.287819250358
0.287819250358
0.287819250358
0.287819250358
0.287819250358
0.287819250358
0.287819250358
0.287819250358
0.287819250358
0.287819250358
0.287819250358
0.287819250358
0.287819250358
0.287819250358
0.287819250358
0.287819250358
0.287819250358
0.287819250358
0.287819250358
0.287819250358
0.287819250358
0.287819250358
0.287819250358
0.287819250358
0.287819250358
0.287819250358
0.287819250358
0.287819250358
0.287819250358
0.287819250358
0.287819250358
0.287819250358
0.287819250358
0.287819250358
0.287819250358
0.287819250358
0.287819250358
0.287819250358
0.287819250358
0.287819250358
0.287819250358
0.287819250358
0.287755580746
0.287755580746
0.287755580746
0.287755580746
0.287755580746
0.287755580746
0.287755580746
0.287755580746
0.287755580746
0.287755580746
0.287755580746
0.287755580746
0.287755580746
0.287755580746
0.287755580746
0.287755580746
0.287755580746
0.287755580746
0.287755580746
0.287755580746
0.287755580746
0.287755580746
0.287755580746
0.287755580746
0.287755580746
0.287755580746
0.28758759708
0.28758759708
0.28758759708
0.28758759708
0.28758759708
0.28758759708
0.28758759708
0.28758759708
0.28758759708
0.28758759708
0.28758759708
0.28758759708
0.28758759708
0.28758759708
0.28758759708
0.28758759708
0.28758759708
0.28758759708
0.28758759708
0.28758759708
0.28758759708
0.28758759708
0.28758759708
0.28758759708
0.28758759708
0.28758759708
0.28758759708
0.28758759708
0.28758759708
0.28758759708
0.28758759708
0.28758759708
0.28758759708
0.28758759708
0.28758759708
0.28758759708
0.28758759708
0.28758759708
0.28758759708
0.28758759708
0.28758759708
0.28758759708
0.28758759708
0.28758759708
0.28758759708
0.28758759708
0.28758759708
0.28758759708
0.28758759708
0.28758759708
0.28758759708
0.28758759708
0.28758759708
0.28758759708
0.28758759708
0.28758759708
0.28758759708
0.28758759708
0.28758759708
0.28758759708
0.28758759708
0.28758759708
0.28758759708
0.28758759708
0.28758759708
0.28758759708
0.28758759708
0.28758759708
0.28758759708
0.28758759708
0.28758759708
0.28758759708
0.28758759708
0.28758759708
0.28758759708
0.28758759708
0.28758759708
0.28758759708
0.28758759708
0.28758759708
0.28758759708
0.28758759708
0.28758759708
0.28758759708
0.28758759708
0.28758759708
0.28758759708
0.28758759708
0.28758759708
0.28758759708
0.28758759708
0.28758759708
0.28758759708
0.28758759708
0.28758759708
0.28758759708
0.28758759708
0.28758759708
0.28758759708
0.28758759708
0.28758759708
0.28758759708
0.28758759708
0.28758759708
0.28758759708
0.28758759708
0.28758759708
0.28758759708
0.28758759708
0.28758759708
0.285893518884
0.285893518884
0.285893518884
0.285893518884
0.285893518884
0.285893518884
0.285893518884
0.285893518884
0.285893518884
0.285893518884
0.285893518884
0.285893518884
0.285893518884
0.285893518884
0.285893518884
0.285893518884
0.285893518884
0.285893518884
0.285893518884
0.285893518884
0.285893518884
0.285893518884
0.285893518884
0.285893518884
0.285893518884
0.285893518884
0.285893518884
0.285893518884
0.285893518884
0.285893518884
0.285893518884
0.285893518884
0.285893518884
0.285893518884
0.285893518884
0.285893518884
0.285893518884
0.285893518884
0.285893518884
0.285893518884
0.285893518884
0.285893518884
0.285893518884
0.285893518884
0.285893518884
0.285893518884
0.285893518884
0.285893518884
0.285893518884
0.285893518884
0.285893518884
0.285893518884
0.285893518884
0.285893518884
0.285893518884
0.285893518884
0.285893518884
0.285893518884
0.285893518884
0.285893518884
0.285893518884
0.285893518884
0.285893518884
0.285893518884
0.285893518884
0.285893518884
0.285893518884
0.285893518884
0.285893518884
0.285893518884
0.285893518884
0.285893518884
0.285893518884
0.285893518884
0.285893518884
0.285893518884
0.285893518884
0.285893518884
0.285893518884
0.280957190595
0.280957190595
0.280957190595
0.280957190595
0.280957190595
0.280957190595
0.280957190595
0.280957190595
0.280957190595
0.280957190595
0.280957190595
0.280957190595
0.280957190595
0.280957190595
0.280957190595
0.280957190595
0.280957190595
0.280957190595
0.280957190595
0.280957190595
0.280957190595
0.280957190595
0.280957190595
0.280957190595
0.280957190595
0.280957190595
0.280957190595
0.280957190595
0.280957190595
0.280957190595
0.280957190595
0.280957190595
