0.334323524308
0.238856217214
0.233044478548
0.223986992783
0.223986992783
0.212860834373
0.205020341701
0.205020341701
0.198652370543
0.198652370543
0.198652370543
0.198652370543
0.198652370543
0.198652370543
0.198652370543
0.198652370543
0.198652370543
0.198652370543
0.198652370543
0.191069165538
0.191069165538
0.191069165538
0.191069165538
0.191069165538
0.191069165538
0.191069165538
0.191069165538
0.191069165538
0.191069165538
0.191069165538
0.191069165538
0.191069165538
0.191069165538
0.191069165538
0.191069165538
0.191069165538
0.191069165538
0.191069165538
0.191069165538
0.191069165538
0.191069165538
0.191069165538
0.191069165538
0.191069165538
0.191069165538
0.191069165538
0.191069165538
0.191069165538
0.191069165538
0.191069165538
0.191069165538
0.191069165538
0.191069165538
0.191069165538
0.191069165538
0.191069165538
0.191069165538
0.191069165538
0.191069165538
0.191069165538
0.191069165538
0.191069165538
0.191069165538
0.191069165538
0.191069165538
0.191069165538
0.191069165538
0.191069165538
0.191069165538
0.191069165538
0.191069165538
0.191069165538
0.191069165538
0.191069165538
0.191069165538
0.191069165538
0.191069165538
0.191069165538
0.191069165538
0.191069165538
0.191069165538
0.191069165538
0.191069165538
0.191069165538
0.191069165538
0.191069165538
0.191069165538
0.191069165538
0.191069165538
0.191069165538
0.191069165538
0.191069165538
0.191069165538
0.191069165538
0.191069165538
0.189475046323
0.189475046323
0.189475046323
0.189475046323
0.189475046323
0.189475046323
0.189475046323
0.189475046323
0.189475046323
0.189475046323
0.189475046323
0.189475046323
0.189475046323
0.189475046323
0.189475046323
0.189475046323
0.189475046323
0.189475046323
0.189475046323
0.189475046323
0.189475046323
0.189475046323
0.189475046323
0.189475046323
0.189475046323
0.189475046323
0.189475046323
0.189475046323
0.189475046323
0.189475046323
0.189475046323
0.189475046323
0.189475046323
0.189475046323
0.189475046323
0.189475046323
0.189475046323
0.189475046323
0.189475046323
0.189475046323
0.189475046323
0.189475046323
0.189475046323
0.189475046323
0.189475046323
0.189475046323
0.189475046323
0.189475046323
0.189475046323
0.189475046323
0.189475046323
0.189475046323
0.189475046323
0.189475046323
0.189475046323
0.189475046323
0.189475046323
0.189475046323
0.189475046323
0.189475046323
0.189475046323
0.189475046323
0.189475046323
0.189475046323
0.189475046323
0.189475046323
0.189475046323
0.189475046323
0.188460752929
0.188460752929
0.188460752929
0.188460752929
0.188460752929
0.188460752929
0.188460752929
0.188460752929
0.188460752929
0.188460752929
0.188460752929
0.188460752929
0.188460752929
0.188460752929
0.188460752929
0.188460752929
0.188460752929
0.188460752929
0.188460752929
0.188460752929
0.188460752929
0.188460752929
0.188460752929
0.188460752929
0.188460752929
0.188460752929
0.188460752929
0.188460752929
0.188460752929
0.188460752929
0.188460752929
0.188460752929
0.188460752929
0.188460752929
0.188460752929
0.188460752929
0.188460752929
0.188460752929
0.188460752929
0.188460752929
0.188460752929
0.188460752929
0.188460752929
0.188460752929
0.188460752929
0.188460752929
0.188460752929
0.188460752929
0.188460752929
0.188460752929
0.188460752929
0.188460752929
0.188460752929
0.188460752929
0.188460752929
0.188460752929
0.188460752929
0.188460752929
0.188460752929
0.188460752929
0.188460752929
0.188460752929
0.188460752929
0.188460752929
0.188460752929
0.188460752929
0.188460752929
0.188460752929
0.188460752929
0.188460752929
0.188460752929
0.188460752929
0.188460752929
0.188460752929
0.188460752929
0.188460752929
0.188460752929
0.188460752929
0.188460752929
0.188460752929
0.188460752929
0.188460752929
0.188460752929
0.188460752929
0.188460752929
0.188460752929
0.188460752929
0.188460752929
0.188460752929
0.188460752929
0.188460752929
0.188460752929
0.188460752929
0.188460752929
0.188460752929
0.188460752929
0.188460752929
0.188460752929
0.188460752929
0.188460752929
0.188460752929
0.188460752929
0.188460752929
0.188460752929
0.188460752929
0.188460752929
0.188460752929
0.188460752929
0.188460752929
0.188460752929
0.188460752929
0.188460752929
0.188460752929
0.188460752929
0.188460752929
0.188460752929
0.188460752929
0.188460752929
0.188460752929
0.188460752929
0.188460752929
0.188460752929
0.188460752929
0.188460752929
0.188460752929
0.188460752929
0.188460752929
0.188460752929
0.188460752929
0.188460752929
0.188460752929
0.188460752929
0.188460752929
0.188460752929
0.188460752929
0.188460752929
0.188460752929
