0.315067970546
0.23594293695
0.195527829451
0.195527829451
0.195527829451
0.195527829451
0.195527829451
0.195527829451
0.195527829451
0.195527829451
0.195527829451
0.195527829451
0.195527829451
0.195527829451
0.195527829451
0.195527829451
0.195527829451
0.195527829451
0.195527829451
0.195527829451
0.195527829451
0.195527829451
0.195527829451
0.195527829451
0.195527829451
0.195527829451
0.188158184161
0.188158184161
0.188158184161
0.188158184161
0.188158184161
0.188158184161
0.188158184161
0.188158184161
0.188158184161
0.188158184161
0.188158184161
0.188158184161
0.188158184161
0.188158184161
0.188158184161
0.188158184161
0.188158184161
0.188158184161
0.188158184161
0.188158184161
0.188158184161
0.188158184161
0.188158184161
0.188158184161
0.188158184161
0.188158184161
0.188158184161
0.188158184161
0.188158184161
0.188158184161
0.188158184161
0.188158184161
0.188158184161
0.188158184161
0.188158184161
0.188158184161
0.188158184161
0.188158184161
0.188158184161
0.188158184161
0.188158184161
0.188158184161
0.188158184161
0.188158184161
0.188158184161
0.188158184161
0.188158184161
0.188158184161
0.188158184161
0.188158184161
0.188158184161
0.188158184161
0.188158184161
0.188158184161
0.188158184161
0.188158184161
0.188158184161
0.188158184161
0.188158184161
0.188158184161
0.188158184161
0.188158184161
0.188158184161
0.184521291854
0.184521291854
0.184521291854
0.184521291854
0.184521291854
0.184521291854
0.184521291854
0.184521291854
0.184521291854
0.184521291854
0.184521291854
0.184521291854
0.184521291854
0.184521291854
0.184521291854
0.184521291854
0.184521291854
0.184521291854
0.184521291854
0.184521291854
0.184521291854
0.184521291854
0.184521291854
0.184521291854
0.184521291854
0.184521291854
0.184521291854
0.184521291854
0.184521291854
0.184521291854
0.184521291854
0.184521291854
0.184521291854
0.184521291854
0.184521291854
0.184521291854
0.184521291854
0.184521291854
0.184521291854
0.184521291854
0.184521291854
0.184521291854
0.184521291854
0.184521291854
0.184521291854
0.184521291854
0.184521291854
0.184521291854
0.184521291854
0.184521291854
0.184521291854
0.184521291854
0.184521291854
0.181459772403
0.181459772403
0.181459772403
0.181459772403
0.181459772403
0.181459772403
0.181459772403
0.181459772403
0.181459772403
0.181459772403
0.181459772403
0.181459772403
0.181459772403
0.181459772403
0.181459772403
0.181459772403
0.181459772403
0.181459772403
0.181459772403
0.181459772403
0.181459772403
0.181459772403
0.181459772403
0.181459772403
0.181459772403
0.181459772403
0.181459772403
0.181459772403
0.181459772403
0.181459772403
0.181459772403
0.181459772403
0.181459772403
0.181459772403
0.181459772403
0.181459772403
0.181459772403
0.181459772403
0.181459772403
0.181459772403
0.181459772403
0.181459772403
0.181459772403
0.181459772403
0.181459772403
0.181459772403
0.181459772403
0.181459772403
0.181459772403
0.181459772403
0.181459772403
0.181459772403
0.181459772403
0.181459772403
0.181459772403
0.181459772403
0.181459772403
0.181459772403
0.181459772403
0.181459772403
0.181459772403
0.181459772403
0.181459772403
0.181459772403
0.181459772403
0.181459772403
0.181459772403
0.181459772403
0.181459772403
0.181459772403
0.181459772403
0.181459772403
0.181459772403
0.181459772403
0.181459772403
0.181459772403
0.181459772403
0.181459772403
0.181459772403
0.181459772403
0.181459772403
0.181459772403
0.181459772403
0.181459772403
0.181459772403
0.181459772403
0.181459772403
0.181459772403
0.181459772403
0.181459772403
0.181459772403
0.181459772403
0.181459772403
0.181459772403
0.181459772403
0.181459772403
0.181459772403
0.181459772403
0.181459772403
0.181459772403
0.181459772403
0.181459772403
0.181459772403
0.181459772403
0.181459772403
0.181459772403
0.181459772403
0.181459772403
0.181459772403
0.181459772403
0.181459772403
0.181459772403
0.181459772403
0.181459772403
0.181459772403
0.181459772403
0.181459772403
0.177626716073
0.177626716073
0.177626716073
0.177626716073
0.177626716073
0.177626716073
0.177626716073
0.177626716073
0.177626716073
0.177626716073
0.177626716073
0.177626716073
0.177626716073
0.177626716073
0.177626716073
0.177626716073
0.177626716073
0.177626716073
0.177626716073
0.177626716073
0.177626716073
0.177626716073
0.177626716073
0.177626716073
0.177626716073
0.177626716073
0.177626716073
0.177626716073
0.177626716073
0.177626716073
0.177626716073
0.177626716073
0.177626716073
0.177626716073
0.177626716073
0.177626716073
0.177626716073
0.177626716073
0.177626716073
0.177626716073
0.177626716073
