0.407005035932
0.327143286933
0.306129057015
0.302117778363
0.302117778363
0.297764721702
0.297764721702
0.297764721702
0.297764721702
0.296969157832
0.296969157832
0.296969157832
0.294546359591
0.294546359591
0.290251471759
0.290251471759
0.290251471759
0.290251471759
0.290251471759
0.290251471759
0.290251471759
0.285290588556
0.285290588556
0.285290588556
0.285290588556
0.285290588556
0.285290588556
0.285290588556
0.285290588556
0.285290588556
0.285290588556
0.285290588556
0.285290588556
0.285290588556
0.285290588556
0.285290588556
0.285290588556
0.285290588556
0.285290588556
0.285290588556
0.285290588556
0.285290588556
0.285290588556
0.285290588556
0.285290588556
0.285290588556
0.285290588556
0.285290588556
0.285290588556
0.285290588556
0.285290588556
0.285290588556
0.285290588556
0.285290588556
0.285290588556
0.285290588556
0.285290588556
0.285290588556
0.285290588556
0.285290588556
0.285290588556
0.285290588556
0.285290588556
0.285290588556
0.285290588556
0.285290588556
0.285290588556
0.285290588556
0.285290588556
0.285290588556
0.285290588556
0.285290588556
0.285290588556
0.285290588556
0.285290588556
0.285290588556
0.285290588556
0.285290588556
0.285290588556
0.285290588556
0.285290588556
0.285290588556
0.285290588556
0.285290588556
0.285290588556
0.285290588556
0.285290588556
0.285290588556
0.285290588556
0.285290588556
0.285290588556
0.285290588556
0.285290588556
0.285290588556
0.285290588556
0.285290588556
0.285290588556
0.285290588556
0.285290588556
0.285290588556
0.285290588556
0.285290588556
0.285290588556
0.285290588556
0.285290588556
0.285290588556
0.285290588556
0.285290588556
0.285290588556
0.285290588556
0.285290588556
0.285290588556
0.285290588556
0.285290588556
0.285290588556
0.284663528709
0.284663528709
0.284663528709
0.284663528709
0.284663528709
0.284663528709
0.284663528709
0.284663528709
0.284663528709
0.284663528709
0.284663528709
0.284663528709
0.284663528709
0.284663528709
0.284663528709
0.284663528709
0.284663528709
0.284663528709
0.284663528709
0.284663528709
0.284663528709
0.284663528709
0.284663528709
0.284663528709
0.284663528709
0.284663528709
0.284663528709
0.284663528709
0.284663528709
0.284663528709
0.284663528709
0.284663528709
0.284663528709
0.284663528709
0.284663528709
0.284663528709
0.284663528709
0.284663528709
0.284663528709
0.284663528709
0.284663528709
0.284663528709
0.284663528709
0.284663528709
0.284663528709
0.284663528709
0.284663528709
0.284663528709
0.284663528709
0.284663528709
0.284663528709
0.284663528709
0.284663528709
0.284663528709
0.284663528709
0.284663528709
0.284663528709
0.284663528709
0.284663528709
0.284663528709
0.284663528709
0.284663528709
0.284663528709
0.284663528709
0.284663528709
0.284663528709
0.284663528709
0.284663528709
0.284663528709
0.284663528709
0.284663528709
0.284663528709
0.284663528709
0.284663528709
0.284663528709
0.284663528709
0.284663528709
0.284663528709
0.284663528709
0.284663528709
0.284663528709
0.284663528709
0.284663528709
0.281330815504
0.281330815504
0.281330815504
0.281330815504
0.281330815504
0.281330815504
0.281330815504
0.281330815504
0.281330815504
0.281330815504
0.281330815504
0.281330815504
0.281330815504
0.281330815504
0.281330815504
0.281330815504
0.281330815504
0.281330815504
0.281330815504
0.281330815504
0.281330815504
0.281330815504
0.281330815504
0.281330815504
0.281330815504
0.281330815504
0.281330815504
0.281330815504
0.281330815504
0.281330815504
0.281330815504
0.281330815504
0.281330815504
0.281330815504
0.281330815504
0.281330815504
0.281330815504
0.281330815504
0.281330815504
0.281330815504
0.281330815504
0.281330815504
0.281330815504
0.281330815504
0.281330815504
0.281330815504
0.281330815504
0.281330815504
0.281330815504
0.281330815504
0.281330815504
0.281330815504
0.281330815504
0.281330815504
0.281330815504
0.281330815504
0.281330815504
0.281330815504
0.281330815504
0.281330815504
0.281330815504
0.281330815504
0.281330815504
0.281330815504
0.281330815504
0.281330815504
0.281330815504
0.281330815504
0.281330815504
0.281330815504
0.281330815504
0.281330815504
0.281330815504
0.281330815504
0.281330815504
0.281330815504
0.281330815504
0.281330815504
0.281330815504
0.281330815504
0.281330815504
0.281330815504
0.281330815504
0.281330815504
0.281330815504
0.281330815504
0.281330815504
0.281330815504
0.281330815504
0.281330815504
0.281330815504
0.281330815504
0.281330815504
0.281330815504
0.281330815504
0.281330815504
0.281330815504
0.281330815504
0.281330815504
0.281330815504
0.281330815504
0.281330815504
0.281330815504
0.281330815504
0.281330815504
0.281330815504
0.281330815504
0.281330815504
0.281330815504
0.281330815504
0.281330815504
0.281330815504
0.281330815504
0.281330815504
0.281330815504
0.281330815504
0.281330815504
0.281330815504
0.281330815504
0.281330815504
0.281330815504
0.281330815504
0.281330815504
0.281330815504
0.281330815504
0.281330815504
0.281330815504
0.281330815504
0.281330815504
0.281330815504
0.281330815504
0.281330815504
0.281330815504
0.281330815504
0.281330815504
0.281330815504
0.281330815504
0.281330815504
0.281330815504
0.281330815504
0.281330815504
0.281330815504
0.281330815504
0.281330815504
0.281330815504
0.281330815504
0.281330815504
0.281330815504
0.281330815504
0.281330815504
0.281330815504
0.281330815504
0.281330815504
0.281330815504
0.281330815504
0.281330815504
0.281330815504
0.281330815504
0.281330815504
0.281330815504
0.281330815504
0.281330815504
0.281330815504
0.281330815504
0.281330815504
0.281330815504
0.281330815504
0.281330815504
0.281330815504
0.281330815504
0.281330815504
0.281330815504
0.281330815504
0.281330815504
0.281330815504
0.281330815504
0.281330815504
0.281330815504
0.281330815504
0.281330815504
0.281330815504
0.281330815504
0.281330815504
0.281330815504
0.281330815504
0.281330815504
0.281330815504
0.281330815504
0.281330815504
0.281330815504
0.281330815504
0.281330815504
0.281330815504
0.281330815504
0.281330815504
0.281330815504
0.281330815504
0.281330815504
0.281330815504
0.281330815504
0.281330815504
0.281330815504
