0.285906348321
0.247000084419
0.225803507793
0.208096522502
0.208096522502
0.208096522502
0.208096522502
0.208096522502
0.208096522502
0.208096522502
0.208096522502
0.203367704645
0.203367704645
0.203367704645
0.203367704645
0.203367704645
0.203367704645
0.203367704645
0.203367704645
0.192829559583
0.192829559583
0.192829559583
0.192829559583
0.192829559583
0.192829559583
0.192829559583
0.192829559583
0.192829559583
0.192829559583
0.192829559583
0.192829559583
0.192829559583
0.192829559583
0.192829559583
0.192829559583
0.192829559583
0.192829559583
0.192829559583
0.192829559583
0.192829559583
0.192829559583
0.192829559583
0.192829559583
0.192829559583
0.192829559583
0.192829559583
0.192829559583
0.192829559583
0.192829559583
0.192829559583
0.192829559583
0.192829559583
0.192829559583
0.192829559583
0.192829559583
0.192829559583
0.192829559583
0.192829559583
0.192829559583
0.192829559583
0.192829559583
0.192829559583
0.192829559583
0.192829559583
0.191186694724
0.191186694724
0.191186694724
0.191186694724
0.191186694724
0.191186694724
0.191186694724
0.191186694724
0.191186694724
0.191186694724
0.191186694724
0.191186694724
0.191186694724
0.191186694724
0.191186694724
0.191186694724
0.191186694724
0.191186694724
0.191186694724
0.191186694724
0.191186694724
0.191186694724
0.191186694724
0.191186694724
0.191186694724
0.191186694724
0.191186694724
0.187979725406
0.187979725406
0.187979725406
0.187979725406
0.187979725406
0.187979725406
0.187979725406
0.187979725406
0.187979725406
0.187979725406
0.187979725406
0.187979725406
0.187979725406
0.187979725406
0.187979725406
0.187979725406
0.187979725406
0.187979725406
0.187979725406
0.187979725406
0.187979725406
0.187979725406
0.187979725406
0.187979725406
0.187979725406
0.187979725406
0.187979725406
0.187979725406
0.187979725406
0.187979725406
0.187979725406
0.187979725406
0.187979725406
0.187979725406
0.187979725406
0.187979725406
0.187979725406
0.187979725406
0.187979725406
0.187979725406
0.187979725406
0.187979725406
0.187979725406
0.187979725406
0.187979725406
0.187979725406
0.187979725406
0.187979725406
0.187979725406
0.187979725406
0.187979725406
0.187979725406
0.187979725406
0.187979725406
0.187979725406
0.187979725406
0.187979725406
0.187979725406
0.187979725406
0.187979725406
0.187979725406
0.187979725406
0.187979725406
0.187979725406
0.187979725406
0.187979725406
0.187979725406
0.187979725406
0.187979725406
0.187979725406
0.187979725406
0.187979725406
0.187979725406
0.187979725406
0.187979725406
0.187979725406
0.187979725406
0.187979725406
0.187979725406
0.187979725406
0.187979725406
0.187979725406
0.187979725406
0.187979725406
0.187979725406
0.187979725406
0.187979725406
0.187979725406
0.187979725406
0.187979725406
0.187979725406
0.187979725406
0.187979725406
0.187979725406
0.187979725406
0.187979725406
0.187979725406
0.187979725406
0.187979725406
0.187979725406
0.187979725406
0.187979725406
0.187979725406
0.187979725406
0.187979725406
0.187979725406
0.187979725406
0.187979725406
0.187979725406
0.183913043441
0.183913043441
0.183913043441
0.183913043441
0.183913043441
0.183913043441
0.183913043441
0.183913043441
0.183913043441
0.183913043441
0.183913043441
0.183913043441
0.183913043441
0.183913043441
0.183913043441
0.183913043441
0.183913043441
0.183913043441
0.183913043441
0.183913043441
0.183913043441
0.183913043441
0.183913043441
0.183913043441
0.183913043441
0.183913043441
0.183913043441
0.183913043441
0.183913043441
0.183913043441
0.183913043441
0.183913043441
0.183913043441
0.183913043441
0.183913043441
0.183913043441
0.183913043441
0.183913043441
0.183913043441
0.183913043441
0.183913043441
0.183913043441
0.183913043441
0.183913043441
0.183913043441
0.183913043441
0.183913043441
0.183913043441
0.183913043441
0.183913043441
0.183913043441
0.183913043441
0.183913043441
0.183913043441
0.183913043441
0.183913043441
0.183913043441
0.183913043441
0.183913043441
0.183913043441
0.183913043441
0.183913043441
0.183913043441
0.183913043441
0.183913043441
0.183913043441
0.183913043441
0.183913043441
0.183913043441
0.183913043441
0.183913043441
0.183913043441
0.183913043441
0.183913043441
0.183913043441
0.183913043441
0.183913043441
0.183913043441
0.183913043441
0.183913043441
0.183913043441
0.183913043441
0.183913043441
0.183913043441
0.183913043441
0.183913043441
0.183913043441
0.183913043441
0.183913043441
0.183913043441
0.183913043441
0.183913043441
0.183913043441
0.183913043441
0.183913043441
0.183913043441
0.183913043441
0.183913043441
0.183913043441
0.183913043441
