0.285484113854
0.223932282942
0.210594823866
0.210594823866
0.196331667705
0.196331667705
0.196331667705
0.196331667705
0.196331667705
0.196331667705
0.196331667705
0.196331667705
0.196331667705
0.196331667705
0.196331667705
0.196331667705
0.196331667705
0.196331667705
0.196331667705
0.196331667705
0.196331667705
0.193746371161
0.193746371161
0.193746371161
0.191039264549
0.191039264549
0.191039264549
0.191039264549
0.191039264549
0.191039264549
0.191039264549
0.191039264549
0.191039264549
0.191039264549
0.191039264549
0.191039264549
0.191039264549
0.191039264549
0.191039264549
0.191039264549
0.191039264549
0.191039264549
0.191039264549
0.191039264549
0.191039264549
0.191039264549
0.191039264549
0.191039264549
0.191039264549
0.191039264549
0.1830020857
0.1830020857
0.1830020857
0.1830020857
0.1830020857
0.1830020857
0.1830020857
0.1830020857
0.1830020857
0.1830020857
0.1830020857
0.1830020857
0.1830020857
0.1830020857
0.1830020857
0.1830020857
0.1830020857
0.1830020857
0.1830020857
0.1830020857
0.1830020857
0.1830020857
0.1830020857
0.1830020857
0.1830020857
0.1830020857
0.1830020857
0.1830020857
0.1830020857
0.1830020857
0.1830020857
0.1830020857
0.1830020857
0.1830020857
0.1830020857
0.1830020857
0.1830020857
0.1830020857
0.1830020857
0.1830020857
0.1830020857
0.1830020857
0.1830020857
0.1830020857
0.1830020857
0.1830020857
0.1830020857
0.1830020857
0.1830020857
0.1830020857
0.1830020857
0.1830020857
0.1830020857
0.1830020857
0.1830020857
0.1830020857
0.1830020857
0.1830020857
0.1830020857
0.1830020857
0.1830020857
0.1830020857
0.1830020857
0.1830020857
0.1830020857
0.1830020857
0.1830020857
0.1830020857
0.1830020857
0.1830020857
0.1830020857
0.1830020857
0.1830020857
0.1830020857
0.1830020857
0.1830020857
0.1830020857
0.1830020857
0.1830020857
0.1830020857
0.1830020857
0.1830020857
0.1830020857
0.1830020857
0.1830020857
0.1830020857
0.1830020857
0.1830020857
0.1830020857
0.1830020857
0.1830020857
0.1830020857
0.1830020857
0.1830020857
0.1830020857
0.1830020857
0.1830020857
0.1830020857
0.1830020857
0.1830020857
0.1830020857
0.1830020857
0.1830020857
0.1830020857
0.1830020857
0.1830020857
0.1830020857
0.1830020857
0.1830020857
0.1830020857
0.1830020857
0.1830020857
0.1830020857
0.1830020857
0.1830020857
0.1830020857
0.1830020857
0.1830020857
0.1830020857
0.1830020857
0.1830020857
0.1830020857
0.1830020857
0.1830020857
0.1830020857
0.1830020857
0.1830020857
0.1830020857
0.1830020857
0.1830020857
0.1830020857
0.1830020857
0.1830020857
0.1830020857
0.1830020857
0.1830020857
0.1830020857
0.1830020857
0.1830020857
0.1830020857
0.1830020857
0.1830020857
0.1830020857
0.1830020857
0.1830020857
0.1830020857
0.1830020857
0.1830020857
0.1830020857
0.1830020857
0.1830020857
0.1830020857
0.1830020857
0.1830020857
0.1830020857
0.1830020857
0.1830020857
0.1830020857
0.1830020857
0.1830020857
0.1830020857
0.1830020857
0.1830020857
0.1830020857
0.1830020857
0.1830020857
0.1830020857
0.1830020857
0.1830020857
0.1830020857
0.1830020857
0.1830020857
0.1830020857
0.1830020857
0.1830020857
0.1830020857
0.1830020857
0.1830020857
0.1830020857
0.1830020857
0.1830020857
0.1830020857
0.1830020857
0.1830020857
0.1830020857
0.1830020857
0.1830020857
0.1830020857
0.1830020857
0.1830020857
0.1830020857
0.1830020857
0.1830020857
0.1830020857
0.1830020857
0.1830020857
0.1830020857
0.1830020857
0.1830020857
0.1830020857
0.1830020857
0.1830020857
0.1830020857
0.1830020857
0.1830020857
0.1830020857
0.1830020857
0.1830020857
0.1830020857
0.1830020857
0.1830020857
0.1830020857
0.1830020857
0.1830020857
0.1830020857
0.1830020857
0.1830020857
0.1830020857
0.1830020857
0.1830020857
0.1830020857
0.1830020857
0.1830020857
0.1830020857
0.1830020857
0.1830020857
0.1830020857
0.1830020857
0.1830020857
0.1830020857
0.1830020857
0.1830020857
0.1830020857
0.1830020857
0.1830020857
0.1830020857
0.1830020857
0.1830020857
0.1830020857
0.1830020857
0.1830020857
0.1830020857
0.1830020857
0.1830020857
0.1830020857
0.1830020857
0.1830020857
0.1830020857
0.1830020857
0.1830020857
