0.418798242417
0.33393121839
0.299189547032
0.293418188392
0.293418188392
0.293418188392
0.291741730584
0.291741730584
0.291741730584
0.291741730584
0.291741730584
0.291741730584
0.291741730584
0.291741730584
0.291741730584
0.291741730584
0.291741730584
0.291741730584
0.289390435485
0.289390435485
0.289390435485
0.289390435485
0.289390435485
0.289390435485
0.289390435485
0.289390435485
0.289390435485
0.289390435485
0.289390435485
0.289390435485
0.289390435485
0.289390435485
0.289390435485
0.289390435485
0.289390435485
0.289390435485
0.289390435485
0.289390435485
0.289390435485
0.289390435485
0.289390435485
0.289390435485
0.289390435485
0.289390435485
0.289390435485
0.289390435485
0.289390435485
0.289390435485
0.289390435485
0.289390435485
0.289390435485
0.289390435485
0.289390435485
0.289390435485
0.289390435485
0.289390435485
0.289390435485
0.289390435485
0.289390435485
0.289390435485
0.289390435485
0.289390435485
0.289390435485
0.289390435485
0.289390435485
0.289390435485
0.289390435485
0.289390435485
0.289390435485
0.286973716659
0.286973716659
0.286973716659
0.286973716659
0.286973716659
0.286973716659
0.286973716659
0.286973716659
0.286973716659
0.286973716659
0.286973716659
0.286973716659
0.286973716659
0.286973716659
0.286973716659
0.286973716659
0.286973716659
0.286973716659
0.286973716659
0.286973716659
0.286973716659
0.286973716659
0.286973716659
0.286973716659
0.286973716659
0.286973716659
0.286973716659
0.286973716659
0.286973716659
0.286973716659
0.286973716659
0.286973716659
0.286973716659
0.286973716659
0.286973716659
0.286973716659
0.286973716659
0.286973716659
0.286973716659
0.286973716659
0.286973716659
0.286973716659
0.286973716659
0.286973716659
0.286973716659
0.286973716659
0.286973716659
0.286973716659
0.286973716659
0.286973716659
0.286973716659
0.286973716659
0.286973716659
0.286973716659
0.286973716659
0.286973716659
0.286973716659
0.286973716659
0.286973716659
0.286973716659
0.286973716659
0.286973716659
0.286973716659
0.286973716659
0.286973716659
0.286973716659
0.286973716659
0.286973716659
0.286973716659
0.286973716659
0.286973716659
0.286973716659
0.286973716659
0.286973716659
0.286973716659
0.286973716659
0.286973716659
0.286973716659
0.286973716659
0.286973716659
0.286973716659
0.286973716659
0.286973716659
0.286874232882
0.286874232882
0.286874232882
0.286874232882
0.286874232882
0.286874232882
0.286874232882
0.286874232882
0.286874232882
0.286874232882
0.286874232882
0.286874232882
0.286874232882
0.286874232882
0.286874232882
0.286874232882
0.286874232882
0.286874232882
0.285171238649
0.285171238649
0.285171238649
0.285171238649
0.285171238649
0.285171238649
0.285171238649
0.285171238649
0.285171238649
0.285171238649
0.285171238649
0.285171238649
0.285171238649
0.285171238649
0.285171238649
0.285171238649
0.285171238649
0.285171238649
0.285171238649
0.285171238649
0.285171238649
0.285171238649
0.285171238649
0.285171238649
0.285171238649
0.285171238649
0.285171238649
0.285171238649
0.285171238649
0.285171238649
0.285171238649
0.285171238649
0.285171238649
0.285171238649
0.285171238649
0.285171238649
0.285171238649
0.285171238649
0.285171238649
0.285171238649
0.285171238649
0.285171238649
0.285171238649
0.285171238649
0.285171238649
0.285171238649
0.285171238649
0.285171238649
0.285171238649
0.285171238649
0.284204894897
0.284204894897
0.284204894897
0.284204894897
0.284204894897
0.284204894897
0.284204894897
0.284204894897
0.284204894897
0.284204894897
0.284204894897
0.284204894897
0.284204894897
0.284204894897
0.284204894897
0.284204894897
0.284204894897
0.284204894897
0.284204894897
0.284204894897
0.284204894897
0.284204894897
0.284204894897
0.284204894897
0.284204894897
0.284204894897
0.284204894897
0.284204894897
0.284204894897
0.284204894897
0.284204894897
0.284204894897
0.284204894897
0.284204894897
0.284204894897
0.284204894897
0.284204894897
0.284204894897
0.284204894897
0.284204894897
0.284204894897
0.284204894897
0.284204894897
0.284204894897
0.284204894897
0.284204894897
0.284204894897
0.284204894897
0.284204894897
0.284204894897
0.284204894897
0.284204894897
0.284204894897
0.284204894897
0.284204894897
0.284204894897
0.284204894897
0.284204894897
0.284204894897
0.284204894897
0.284204894897
0.284204894897
0.284204894897
0.284204894897
0.284204894897
0.284204894897
0.284204894897
0.284204894897
0.284204894897
0.284204894897
0.284204894897
0.284204894897
0.284204894897
0.284204894897
0.284204894897
0.284204894897
0.284204894897
0.284204894897
0.284204894897
0.284204894897
0.284204894897
0.284204894897
0.284204894897
0.284204894897
0.284204894897
0.284204894897
0.284204894897
0.284204894897
0.284204894897
0.284204894897
0.284204894897
0.284204894897
0.284204894897
0.284204894897
0.284204894897
0.284204894897
0.284204894897
0.284204894897
0.284204894897
0.284204894897
0.284204894897
0.284204894897
0.284204894897
0.284204894897
0.284204894897
0.284204894897
0.284204894897
0.284204894897
0.284204894897
0.284204894897
0.284204894897
0.284204894897
0.284204894897
0.284204894897
0.284204894897
0.284204894897
0.284204894897
0.284204894897
0.284204894897
0.284204894897
0.284204894897
0.284204894897
0.284204894897
0.284204894897
0.284204894897
0.284204894897
0.284204894897
0.284204894897
0.284204894897
0.284204894897
0.284204894897
0.284204894897
0.284204894897
0.284204894897
0.284204894897
0.284204894897
0.284204894897
0.284204894897
0.284204894897
0.284204894897
0.284204894897
0.284204894897
0.284204894897
0.284204894897
0.284204894897
0.284204894897
0.284204894897
0.284204894897
0.284204894897
0.284204894897
0.284204894897
0.284204894897
0.284204894897
0.284204894897
0.284204894897
0.284204894897
0.284204894897
0.284204894897
0.284204894897
0.284204894897
0.284204894897
0.284204894897
0.284204894897
0.284204894897
0.284204894897
0.284204894897
0.284204894897
0.284204894897
0.284204894897
0.284204894897
0.284204894897
0.284204894897
0.284204894897
0.284204894897
0.284204894897
0.284204894897
0.284204894897
0.284204894897
0.284204894897
0.284204894897
