0.413920860627
0.32140203036
0.306203147181
0.304224752446
0.301843906019
0.289465281829
0.289465281829
0.289465281829
0.289465281829
0.289465281829
0.289465281829
0.289465281829
0.289465281829
0.289465281829
0.289465281829
0.289465281829
0.289465281829
0.286422474422
0.286422474422
0.286422474422
0.286422474422
0.286422474422
0.286422474422
0.286422474422
0.286422474422
0.286422474422
0.286422474422
0.286422474422
0.286422474422
0.286422474422
0.286422474422
0.286422474422
0.286422474422
0.286422474422
0.286422474422
0.286422474422
0.286422474422
0.286422474422
0.286422474422
0.286422474422
0.286422474422
0.286422474422
0.286422474422
0.286422474422
0.286422474422
0.286422474422
0.286422474422
0.286422474422
0.286422474422
0.286422474422
0.286422474422
0.286422474422
0.286422474422
0.286422474422
0.286422474422
0.286422474422
0.286422474422
0.286422474422
0.286422474422
0.286422474422
0.286422474422
0.286422474422
0.286422474422
0.286422474422
0.286422474422
0.286422474422
0.286422474422
0.286422474422
0.286422474422
0.286422474422
0.286422474422
0.286422474422
0.286422474422
0.286422474422
0.286422474422
0.286422474422
0.286422474422
0.286422474422
0.286422474422
0.286422474422
0.286422474422
0.286422474422
0.286422474422
0.286422474422
0.286349014008
0.286349014008
0.286349014008
0.286349014008
0.286349014008
0.286349014008
0.286349014008
0.286349014008
0.286349014008
0.286349014008
0.286349014008
0.286349014008
0.286349014008
0.286349014008
0.286349014008
0.286349014008
0.286349014008
0.286349014008
0.286349014008
0.286349014008
0.286349014008
0.286349014008
0.286349014008
0.286349014008
0.286349014008
0.286349014008
0.286349014008
0.286349014008
0.286349014008
0.286349014008
0.286349014008
0.286349014008
0.286349014008
0.286349014008
0.286349014008
0.286349014008
0.286349014008
0.286349014008
0.286349014008
0.286349014008
0.286349014008
0.286349014008
0.286349014008
0.286349014008
0.286349014008
0.286349014008
0.286349014008
0.286349014008
0.286349014008
0.286349014008
0.286349014008
0.286349014008
0.286349014008
0.286349014008
0.286349014008
0.286349014008
0.286349014008
0.286349014008
0.286349014008
0.286349014008
0.286349014008
0.286349014008
0.286349014008
0.286349014008
0.286349014008
0.286349014008
0.286349014008
0.286349014008
0.286349014008
0.286349014008
0.286349014008
0.286349014008
0.286349014008
0.286349014008
0.286349014008
0.286349014008
0.286349014008
0.286349014008
0.283758783707
0.283758783707
0.283758783707
0.283758783707
0.283758783707
0.283758783707
0.283758783707
0.283758783707
0.283758783707
0.283758783707
0.283758783707
0.283758783707
0.283758783707
0.283758783707
0.283758783707
0.283758783707
0.283758783707
0.283758783707
0.283758783707
0.283758783707
0.283758783707
0.283758783707
0.283758783707
0.283758783707
0.283758783707
0.283758783707
0.283758783707
0.283758783707
0.283758783707
0.283758783707
0.283758783707
0.283758783707
0.283758783707
0.283758783707
0.283758783707
0.283758783707
0.283758783707
0.283758783707
0.283758783707
0.283758783707
0.283758783707
0.283758783707
0.283758783707
0.283758783707
0.283758783707
0.283758783707
0.283758783707
0.283758783707
0.283758783707
0.283758783707
0.283758783707
0.283758783707
0.283758783707
0.283758783707
0.283758783707
0.283758783707
0.283758783707
0.283758783707
0.283758783707
0.283758783707
0.283758783707
0.283758783707
0.283758783707
0.283758783707
0.283758783707
0.283758783707
0.283758783707
0.283758783707
0.283758783707
0.283758783707
0.283758783707
0.283758783707
0.283758783707
0.283758783707
0.283758783707
0.283758783707
0.283758783707
0.283758783707
0.283758783707
0.283758783707
0.283758783707
0.283758783707
0.283758783707
0.283758783707
0.283758783707
0.283758783707
0.283758783707
0.283758783707
0.283758783707
0.283758783707
0.283758783707
0.283758783707
0.283758783707
0.283758783707
0.283758783707
0.283758783707
0.283758783707
0.283758783707
0.283758783707
0.283758783707
0.283758783707
0.283758783707
0.283758783707
0.283758783707
0.283758783707
0.283758783707
0.283758783707
0.283758783707
0.283758783707
0.283758783707
0.283758783707
0.283758783707
0.283758783707
0.283758783707
0.283758783707
0.283758783707
0.283758783707
0.283758783707
0.283758783707
0.283758783707
0.283758783707
0.283758783707
0.283758783707
0.283758783707
0.283758783707
0.283758783707
0.283758783707
0.283758783707
0.283758783707
0.283758783707
0.283758783707
0.283758783707
0.283758783707
0.283758783707
0.283758783707
0.283758783707
0.283758783707
0.283758783707
0.283758783707
0.283758783707
0.283758783707
0.283758783707
0.283758783707
0.283758783707
0.283758783707
0.283758783707
0.283758783707
0.283758783707
0.283758783707
0.283758783707
0.283758783707
0.283758783707
0.283758783707
0.283758783707
0.283758783707
0.283758783707
0.283758783707
0.283758783707
0.283758783707
0.283758783707
0.283758783707
0.283758783707
0.283758783707
0.283758783707
0.283758783707
0.283758783707
0.283758783707
0.283758783707
0.283758783707
0.283758783707
0.283758783707
0.283758783707
0.283758783707
0.283758783707
0.283758783707
0.283758783707
0.283758783707
0.283758783707
0.283758783707
0.283758783707
0.283758783707
0.283758783707
0.283758783707
0.283758783707
0.283758783707
0.283758783707
0.283758783707
0.283758783707
0.283758783707
0.283758783707
0.283758783707
0.283758783707
0.283758783707
0.283758783707
0.283758783707
0.283758783707
0.283758783707
0.283758783707
0.283758783707
0.283758783707
0.283758783707
0.283758783707
0.283758783707
0.283758783707
0.283758783707
0.283758783707
0.283758783707
0.283758783707
0.283758783707
0.283758783707
0.283758783707
0.283758783707
0.283758783707
0.283758783707
0.283758783707
0.283758783707
0.283758783707
0.283758783707
0.283758783707
0.283758783707
0.283758783707
0.283758783707
0.283758783707
0.283758783707
0.283758783707
0.283758783707
0.283758783707
0.283758783707
0.283758783707
0.283758783707
0.283758783707
0.283758783707
0.283758783707
0.283758783707
0.283758783707
0.283758783707
0.283758783707
0.283758783707
