0.331379068713
0.217846924429
0.205364829436
0.205364829436
0.202948834767
0.202948834767
0.202948834767
0.202948834767
0.202948834767
0.202948834767
0.19865477557
0.19865477557
0.19865477557
0.19865477557
0.19865477557
0.19865477557
0.19865477557
0.19865477557
0.19865477557
0.19865477557
0.19865477557
0.18395616937
0.18395616937
0.18395616937
0.18395616937
0.18395616937
0.18395616937
0.18395616937
0.18395616937
0.18395616937
0.18395616937
0.18395616937
0.18395616937
0.18395616937
0.18395616937
0.18395616937
0.18395616937
0.18395616937
0.18395616937
0.18395616937
0.18395616937
0.18395616937
0.18395616937
0.18395616937
0.18395616937
0.18395616937
0.18395616937
0.18395616937
0.18395616937
0.18395616937
0.18395616937
0.18395616937
0.18395616937
0.18395616937
0.18395616937
0.18395616937
0.18395616937
0.18395616937
0.18395616937
0.18395616937
0.18395616937
0.18395616937
0.18395616937
0.18395616937
0.18395616937
0.18395616937
0.18395616937
0.18395616937
0.18395616937
0.18395616937
0.18395616937
0.18395616937
0.18395616937
0.18395616937
0.18395616937
0.18395616937
0.18395616937
0.18395616937
0.18395616937
0.18395616937
0.18395616937
0.18395616937
0.18395616937
0.18395616937
0.18395616937
0.18395616937
0.18395616937
0.18395616937
0.18395616937
0.18395616937
0.18395616937
0.18395616937
0.18395616937
0.18395616937
0.18395616937
0.18395616937
0.18395616937
0.18395616937
0.18395616937
0.18395616937
0.18395616937
0.18395616937
0.18395616937
0.18395616937
0.18395616937
0.18395616937
0.18395616937
0.18395616937
0.18395616937
0.18395616937
0.18395616937
0.18395616937
0.18395616937
0.18395616937
0.18395616937
0.18395616937
0.18395616937
0.18395616937
0.18395616937
0.18395616937
0.18395616937
0.18395616937
0.18395616937
0.18395616937
0.18395616937
0.18395616937
0.18395616937
0.18395616937
0.18395616937
0.18395616937
0.18395616937
0.18395616937
0.18395616937
0.18395616937
0.18395616937
0.18395616937
0.18395616937
0.18395616937
0.18395616937
0.18395616937
0.18395616937
0.18395616937
0.18395616937
0.18395616937
0.18395616937
0.18395616937
0.18395616937
0.18395616937
0.18395616937
0.18395616937
0.18395616937
0.18395616937
0.18395616937
0.18395616937
0.18395616937
0.18395616937
0.18395616937
0.18395616937
0.18395616937
0.18395616937
0.18395616937
0.18395616937
0.18395616937
0.18395616937
0.18395616937
0.18395616937
0.18395616937
0.18395616937
0.18395616937
0.18395616937
0.18395616937
0.18395616937
0.18395616937
0.18395616937
0.18395616937
0.18395616937
0.18395616937
0.18395616937
0.18395616937
0.18395616937
0.18395616937
0.18395616937
0.18395616937
0.18395616937
0.18395616937
0.18395616937
0.18395616937
0.18395616937
0.18395616937
0.18395616937
0.18395616937
0.18395616937
0.18395616937
0.18395616937
0.18395616937
0.18395616937
0.18395616937
0.18395616937
0.18395616937
0.18395616937
0.18395616937
0.18395616937
0.18395616937
0.18395616937
0.18395616937
0.18395616937
0.18395616937
0.18395616937
0.18395616937
0.18395616937
0.18395616937
0.18395616937
0.18395616937
0.18395616937
0.18395616937
0.18395616937
0.18395616937
0.18395616937
0.18395616937
0.18395616937
0.18395616937
0.18395616937
0.18395616937
0.18395616937
0.18395616937
0.18395616937
0.18395616937
0.18395616937
0.18395616937
0.18395616937
0.18395616937
0.18395616937
0.18395616937
0.18395616937
0.18395616937
0.18395616937
0.18395616937
0.18395616937
0.18395616937
0.18395616937
0.18395616937
0.18395616937
0.18395616937
0.18395616937
0.18395616937
0.18395616937
0.18395616937
0.18395616937
0.18395616937
0.18395616937
0.18395616937
0.18395616937
0.18395616937
0.18395616937
0.18395616937
0.18395616937
0.18395616937
0.18395616937
0.18395616937
0.18395616937
0.18395616937
0.18395616937
0.18395616937
0.18395616937
0.18395616937
0.18395616937
0.18395616937
0.18395616937
0.18395616937
0.18395616937
0.18395616937
0.18395616937
0.18395616937
0.18395616937
0.18395616937
0.18395616937
0.18395616937
0.18395616937
0.18395616937
0.18395616937
0.18395616937
0.18395616937
0.18395616937
0.18395616937
0.18395616937
0.18395616937
0.18395616937
0.18395616937
0.18395616937
0.18395616937
0.18395616937
0.18395616937
0.18395616937
0.18395616937
0.18395616937
0.18395616937
0.18395616937
0.18395616937
0.18395616937
0.18395616937
0.296275914169
0.235128781008
