0.417123488995
0.322105602995
0.307124541635
0.292604501893
0.292232524089
0.292232524089
0.292232524089
0.292232524089
0.292232524089
0.292232524089
0.292232524089
0.292232524089
0.292232524089
0.292232524089
0.292232524089
0.292232524089
0.292232524089
0.292232524089
0.292232524089
0.291683871402
0.291683871402
0.291683871402
0.286787168061
0.286787168061
0.286787168061
0.286787168061
0.286787168061
0.286787168061
0.286787168061
0.286787168061
0.286787168061
0.286787168061
0.286787168061
0.286787168061
0.286787168061
0.286787168061
0.286787168061
0.286787168061
0.286787168061
0.286787168061
0.286787168061
0.286787168061
0.286787168061
0.286787168061
0.286787168061
0.286787168061
0.286787168061
0.286787168061
0.286787168061
0.286787168061
0.286787168061
0.286787168061
0.286787168061
0.286787168061
0.286787168061
0.286787168061
0.286787168061
0.286787168061
0.286787168061
0.286787168061
0.286787168061
0.286787168061
0.286787168061
0.286787168061
0.286787168061
0.286787168061
0.286787168061
0.286787168061
0.286787168061
0.286787168061
0.286787168061
0.286787168061
0.286787168061
0.286787168061
0.286787168061
0.282007241327
0.282007241327
0.282007241327
0.282007241327
0.282007241327
0.282007241327
0.282007241327
0.282007241327
0.282007241327
0.282007241327
0.282007241327
0.282007241327
0.282007241327
0.282007241327
0.282007241327
0.282007241327
0.282007241327
0.282007241327
0.282007241327
0.282007241327
0.282007241327
0.282007241327
0.282007241327
0.282007241327
0.282007241327
0.282007241327
0.282007241327
0.282007241327
0.282007241327
0.282007241327
0.282007241327
0.282007241327
0.282007241327
0.282007241327
0.282007241327
0.282007241327
0.282007241327
0.282007241327
0.282007241327
0.282007241327
0.282007241327
0.282007241327
0.282007241327
0.282007241327
0.282007241327
0.282007241327
0.282007241327
0.282007241327
0.282007241327
0.282007241327
0.282007241327
0.282007241327
0.282007241327
0.282007241327
0.282007241327
0.282007241327
0.282007241327
0.282007241327
0.282007241327
0.282007241327
0.282007241327
0.282007241327
0.282007241327
0.282007241327
0.282007241327
0.282007241327
0.282007241327
0.282007241327
0.282007241327
0.282007241327
0.282007241327
0.282007241327
0.282007241327
0.282007241327
0.282007241327
0.282007241327
0.282007241327
0.282007241327
0.282007241327
0.282007241327
0.282007241327
0.282007241327
0.282007241327
0.282007241327
0.282007241327
0.282007241327
0.282007241327
0.282007241327
0.282007241327
0.282007241327
0.282007241327
0.282007241327
0.282007241327
0.282007241327
0.282007241327
0.282007241327
0.282007241327
0.282007241327
0.282007241327
0.282007241327
0.282007241327
0.282007241327
0.282007241327
0.282007241327
0.282007241327
0.282007241327
0.282007241327
0.282007241327
0.282007241327
0.282007241327
0.282007241327
0.282007241327
0.282007241327
0.282007241327
0.282007241327
0.282007241327
0.282007241327
0.282007241327
0.282007241327
0.282007241327
0.282007241327
0.282007241327
0.282007241327
0.282007241327
0.282007241327
0.282007241327
0.282007241327
0.282007241327
0.282007241327
0.282007241327
0.282007241327
0.282007241327
0.282007241327
0.282007241327
0.282007241327
0.282007241327
0.282007241327
0.282007241327
0.282007241327
0.282007241327
0.282007241327
0.282007241327
0.282007241327
0.282007241327
0.282007241327
0.282007241327
0.282007241327
0.282007241327
0.282007241327
0.282007241327
0.282007241327
0.282007241327
0.282007241327
0.282007241327
0.282007241327
0.282007241327
0.282007241327
0.282007241327
0.282007241327
0.282007241327
0.282007241327
0.282007241327
0.282007241327
0.282007241327
0.282007241327
0.282007241327
0.282007241327
0.282007241327
0.282007241327
0.282007241327
0.282007241327
0.282007241327
0.282007241327
0.282007241327
0.282007241327
0.282007241327
0.282007241327
0.282007241327
0.282007241327
0.282007241327
0.282007241327
0.282007241327
0.282007241327
0.282007241327
0.282007241327
0.282007241327
0.282007241327
0.282007241327
0.282007241327
0.282007241327
0.282007241327
0.282007241327
0.282007241327
0.282007241327
0.282007241327
0.282007241327
0.282007241327
0.282007241327
0.282007241327
0.282007241327
0.282007241327
0.282007241327
0.282007241327
0.282007241327
0.282007241327
0.282007241327
0.282007241327
0.282007241327
0.282007241327
0.282007241327
0.282007241327
0.282007241327
0.282007241327
0.282007241327
0.282007241327
0.282007241327
0.282007241327
0.282007241327
0.282007241327
0.282007241327
0.282007241327
0.282007241327
0.282007241327
0.282007241327
0.282007241327
0.282007241327
0.282007241327
0.282007241327
0.282007241327
0.282007241327
0.282007241327
0.282007241327
0.282007241327
0.282007241327
0.282007241327
0.282007241327
0.282007241327
0.282007241327
0.282007241327
0.282007241327
0.282007241327
0.282007241327
0.282007241327
0.282007241327
0.282007241327
0.282007241327
0.282007241327
0.282007241327
0.282007241327
0.282007241327
0.282007241327
0.282007241327
0.282007241327
0.282007241327
0.282007241327
0.282007241327
0.282007241327
0.282007241327
0.282007241327
0.282007241327
0.282007241327
0.282007241327
0.282007241327
0.282007241327
0.282007241327
0.282007241327
0.282007241327
0.282007241327
0.282007241327
0.282007241327
0.282007241327
0.282007241327
0.282007241327
0.282007241327
0.282007241327
0.282007241327
0.282007241327
0.282007241327
0.282007241327
0.282007241327
0.282007241327
0.282007241327
0.282007241327
0.282007241327
0.282007241327
0.282007241327
0.282007241327
0.282007241327
0.282007241327
0.282007241327
0.282007241327
0.282007241327
0.282007241327
0.282007241327
0.282007241327
0.282007241327
0.282007241327
0.282007241327
0.282007241327
0.282007241327
0.282007241327
0.282007241327
0.282007241327
0.282007241327
0.282007241327
0.282007241327
0.282007241327
0.282007241327
0.282007241327
0.282007241327
0.282007241327
0.282007241327
0.282007241327
0.282007241327
0.282007241327
0.282007241327
0.282007241327
0.282007241327
0.282007241327
0.282007241327
0.282007241327
0.282007241327
0.282007241327
0.282007241327
0.282007241327
