0.306986424369
0.240825308132
0.222720669515
0.212010419747
0.200737590562
0.200737590562
0.188518466128
0.188518466128
0.188518466128
0.188518466128
0.188518466128
0.188518466128
0.188518466128
0.188518466128
0.188518466128
0.188518466128
0.188518466128
0.188518466128
0.188518466128
0.188518466128
0.188518466128
0.188518466128
0.188518466128
0.188518466128
0.188518466128
0.188518466128
0.188518466128
0.188518466128
0.188518466128
0.184022305114
0.184022305114
0.184022305114
0.184022305114
0.184022305114
0.184022305114
0.184022305114
0.184022305114
0.184022305114
0.184022305114
0.184022305114
0.184022305114
0.184022305114
0.184022305114
0.184022305114
0.184022305114
0.184022305114
0.184022305114
0.184022305114
0.184022305114
0.184022305114
0.184022305114
0.184022305114
0.184022305114
0.184022305114
0.184022305114
0.184022305114
0.184022305114
0.184022305114
0.184022305114
0.184022305114
0.184022305114
0.184022305114
0.184022305114
0.184022305114
0.184022305114
0.184022305114
0.184022305114
0.184022305114
0.184022305114
0.184022305114
0.184022305114
0.184022305114
0.184022305114
0.184022305114
0.184022305114
0.184022305114
0.184022305114
0.184022305114
0.184022305114
0.184022305114
0.184022305114
0.184022305114
0.184022305114
0.184022305114
0.184022305114
0.184022305114
0.184022305114
0.184022305114
0.184022305114
0.184022305114
0.184022305114
0.184022305114
0.184022305114
0.184022305114
0.184022305114
0.184022305114
0.184022305114
0.184022305114
0.184022305114
0.184022305114
0.184022305114
0.184022305114
0.184022305114
0.184022305114
0.184022305114
0.184022305114
0.184022305114
0.184022305114
0.184022305114
0.184022305114
0.184022305114
0.184022305114
0.184022305114
0.184022305114
0.184022305114
0.184022305114
0.184022305114
0.184022305114
0.184022305114
0.184022305114
0.184022305114
0.184022305114
0.184022305114
0.184022305114
0.184022305114
0.184022305114
0.184022305114
0.184022305114
0.184022305114
0.184022305114
0.184022305114
0.184022305114
0.184022305114
0.184022305114
0.184022305114
0.184022305114
0.184022305114
0.184022305114
0.184022305114
0.184022305114
0.184022305114
0.184022305114
0.184022305114
0.184022305114
0.184022305114
0.184022305114
0.184022305114
0.184022305114
0.184022305114
0.184022305114
0.184022305114
0.184022305114
0.184022305114
0.184022305114
0.184022305114
0.184022305114
0.184022305114
0.184022305114
0.184022305114
0.184022305114
0.184022305114
0.184022305114
0.184022305114
0.184022305114
0.184022305114
0.184022305114
0.184022305114
0.184022305114
0.184022305114
0.184022305114
0.184022305114
0.184022305114
0.184022305114
0.184022305114
0.184022305114
0.184022305114
0.184022305114
0.184022305114
0.184022305114
0.184022305114
0.184022305114
0.184022305114
0.184022305114
0.184022305114
0.184022305114
0.184022305114
0.184022305114
0.184022305114
0.184022305114
0.184022305114
0.184022305114
0.184022305114
0.184022305114
0.184022305114
0.184022305114
0.184022305114
0.184022305114
0.184022305114
0.184022305114
0.184022305114
0.184022305114
0.184022305114
0.184022305114
0.184022305114
0.184022305114
0.184022305114
0.184022305114
0.184022305114
0.184022305114
0.184022305114
0.184022305114
0.184022305114
0.184022305114
0.184022305114
0.184022305114
0.184022305114
0.184022305114
0.184022305114
0.184022305114
0.184022305114
0.184022305114
0.184022305114
0.184022305114
0.184022305114
0.184022305114
0.184022305114
0.184022305114
0.184022305114
0.184022305114
0.184022305114
0.184022305114
0.184022305114
0.184022305114
0.184022305114
0.184022305114
0.184022305114
0.184022305114
0.184022305114
0.184022305114
0.184022305114
0.184022305114
0.184022305114
0.184022305114
0.184022305114
0.184022305114
0.184022305114
0.184022305114
0.184022305114
0.184022305114
0.184022305114
0.184022305114
0.184022305114
0.184022305114
0.184022305114
0.184022305114
0.184022305114
0.184022305114
0.184022305114
0.184022305114
0.184022305114
0.184022305114
0.184022305114
0.184022305114
0.184022305114
0.184022305114
0.184022305114
0.184022305114
0.184022305114
0.184022305114
0.184022305114
0.184022305114
0.184022305114
0.184022305114
0.184022305114
0.184022305114
0.184022305114
0.184022305114
0.184022305114
0.184022305114
0.184022305114
0.184022305114
0.184022305114
0.184022305114
0.184022305114
0.184022305114
0.184022305114
0.184022305114
0.184022305114
0.184022305114
0.184022305114
0.184022305114
0.184022305114
0.184022305114
0.184022305114
0.184022305114
0.184022305114
0.184022305114
0.184022305114
0.184022305114
0.184022305114
