0.311844701715
0.242282998614
0.21513868336
0.190417415964
0.190417415964
0.190417415964
0.190417415964
0.190417415964
0.190417415964
0.190417415964
0.190417415964
0.190417415964
0.190417415964
0.190417415964
0.190417415964
0.190417415964
0.189114734794
0.189114734794
0.189114734794
0.189114734794
0.189114734794
0.189114734794
0.189114734794
0.189114734794
0.189114734794
0.189114734794
0.189114734794
0.189114734794
0.189114734794
0.189114734794
0.189114734794
0.189114734794
0.189114734794
0.189114734794
0.189114734794
0.189114734794
0.189114734794
0.189114734794
0.189114734794
0.189114734794
0.189114734794
0.189114734794
0.189114734794
0.189114734794
0.189114734794
0.189114734794
0.189114734794
0.189114734794
0.189114734794
0.189114734794
0.189114734794
0.189114734794
0.189114734794
0.189114734794
0.189114734794
0.189114734794
0.189114734794
0.189114734794
0.189114734794
0.189114734794
0.189114734794
0.189114734794
0.189114734794
0.189114734794
0.189114734794
0.189114734794
0.189114734794
0.189114734794
0.189114734794
0.189114734794
0.189114734794
0.189114734794
0.189114734794
0.189114734794
0.189114734794
0.189114734794
0.189114734794
0.189114734794
0.189114734794
0.189114734794
0.189114734794
0.189114734794
0.189114734794
0.189114734794
0.189114734794
0.189114734794
0.189114734794
0.189114734794
0.189114734794
0.189114734794
0.189114734794
0.189114734794
0.189114734794
0.189114734794
0.189114734794
0.189114734794
0.189114734794
0.189114734794
0.189114734794
0.189114734794
0.189114734794
0.189114734794
0.189114734794
0.189114734794
0.189114734794
0.189114734794
0.189114734794
0.189114734794
0.189114734794
0.189114734794
0.189114734794
0.189114734794
0.189114734794
0.189114734794
0.189114734794
0.189114734794
0.189114734794
0.189114734794
0.189114734794
0.189114734794
0.189114734794
0.189114734794
0.189114734794
0.188270790365
0.188270790365
0.188270790365
0.188270790365
0.188270790365
0.188270790365
0.188270790365
0.188270790365
0.188270790365
0.188270790365
0.188270790365
0.188270790365
0.188270790365
0.188270790365
0.188270790365
0.188270790365
0.188270790365
0.188270790365
0.188270790365
0.188270790365
0.188270790365
0.188270790365
0.188270790365
0.188270790365
0.188270790365
0.188270790365
0.188270790365
0.188270790365
0.188270790365
0.188270790365
0.188270790365
0.188270790365
0.188270790365
0.188270790365
0.188270790365
0.188270790365
0.188270790365
0.188270790365
0.188270790365
0.188270790365
0.188270790365
0.188270790365
0.188270790365
0.188270790365
0.188270790365
0.188270790365
0.188270790365
0.188270790365
0.188270790365
0.188270790365
0.188270790365
0.188270790365
0.188270790365
0.188270790365
0.188270790365
0.188270790365
0.188270790365
0.188270790365
0.188270790365
0.188270790365
0.188270790365
0.188270790365
0.188270790365
0.188270790365
0.188270790365
0.188270790365
0.188270790365
0.188270790365
0.188270790365
0.188270790365
0.188270790365
0.188270790365
0.188270790365
0.188270790365
0.188270790365
0.188270790365
0.188270790365
0.185036347515
0.185036347515
0.185036347515
0.185036347515
0.185036347515
0.185036347515
0.185036347515
0.185036347515
0.185036347515
0.185036347515
0.185036347515
0.185036347515
0.185036347515
0.185036347515
0.185036347515
0.185036347515
0.185036347515
0.185036347515
0.185036347515
0.185036347515
0.185036347515
0.185036347515
0.185036347515
0.185036347515
0.185036347515
0.185036347515
0.185036347515
0.185036347515
0.185036347515
0.185036347515
0.185036347515
0.185036347515
0.185036347515
0.185036347515
0.185036347515
0.185036347515
0.185036347515
0.185036347515
0.185036347515
0.185036347515
0.185036347515
0.185036347515
0.185036347515
0.185036347515
0.185036347515
0.185036347515
0.185036347515
0.185036347515
0.185036347515
0.185036347515
0.185036347515
0.185036347515
0.185036347515
0.185036347515
0.185036347515
0.185036347515
0.185036347515
0.185036347515
0.18104476413
0.18104476413
0.18104476413
0.18104476413
0.18104476413
0.18104476413
0.18104476413
0.18104476413
0.18104476413
0.18104476413
0.18104476413
0.18104476413
0.18104476413
0.18104476413
0.18104476413
0.18104476413
0.18104476413
0.18104476413
0.18104476413
0.18104476413
0.18104476413
0.18104476413
0.18104476413
0.18104476413
0.18104476413
0.18104476413
0.18104476413
0.18104476413
0.18104476413
0.18104476413
0.18104476413
0.18104476413
0.18104476413
0.18104476413
0.18104476413
0.18104476413
0.18104476413
0.18104476413
0.18104476413
0.18104476413
0.18104476413
0.18104476413
