0.306204540548
0.236538831118
0.199406506741
0.199406506741
0.199406506741
0.199406506741
0.199406506741
0.199406506741
0.199406506741
0.199406506741
0.199406506741
0.199406506741
0.199406506741
0.199406506741
0.199406506741
0.199406506741
0.199406506741
0.199406506741
0.199406506741
0.199406506741
0.199406506741
0.195141067575
0.195141067575
0.195141067575
0.195141067575
0.195141067575
0.195141067575
0.189469069519
0.189469069519
0.189469069519
0.189469069519
0.189469069519
0.189469069519
0.189469069519
0.189469069519
0.189469069519
0.189469069519
0.189469069519
0.189469069519
0.189469069519
0.189469069519
0.189469069519
0.189469069519
0.189469069519
0.189469069519
0.189469069519
0.189469069519
0.189469069519
0.189469069519
0.189469069519
0.189469069519
0.189469069519
0.189469069519
0.189469069519
0.189469069519
0.189469069519
0.189469069519
0.189469069519
0.189469069519
0.189469069519
0.189469069519
0.189469069519
0.189469069519
0.189469069519
0.189469069519
0.189469069519
0.189469069519
0.189469069519
0.189469069519
0.189469069519
0.189469069519
0.189469069519
0.189469069519
0.189469069519
0.189469069519
0.189469069519
0.189469069519
0.189469069519
0.189469069519
0.189469069519
0.189469069519
0.189469069519
0.189469069519
0.189469069519
0.189469069519
0.189469069519
0.189469069519
0.189469069519
0.189469069519
0.189469069519
0.189469069519
0.189469069519
0.189469069519
0.189469069519
0.189469069519
0.189469069519
0.189469069519
0.189469069519
0.189469069519
0.189469069519
0.189469069519
0.189469069519
0.189469069519
0.189469069519
0.189469069519
0.189469069519
0.189469069519
0.189469069519
0.189469069519
0.189469069519
0.189469069519
0.189469069519
0.189469069519
0.189469069519
0.189469069519
0.189469069519
0.189469069519
0.189469069519
0.189469069519
0.189469069519
0.189469069519
0.189469069519
0.189469069519
0.189469069519
0.189469069519
0.186559420923
0.186559420923
0.186559420923
0.186559420923
0.186559420923
0.186559420923
0.186559420923
0.186559420923
0.186559420923
0.186559420923
0.186559420923
0.186559420923
0.186559420923
0.186559420923
0.186559420923
0.186559420923
0.186559420923
0.186559420923
0.186559420923
0.186559420923
0.186559420923
0.186559420923
0.186559420923
0.186559420923
0.186559420923
0.186559420923
0.186559420923
0.186559420923
0.186559420923
0.186559420923
0.186559420923
0.186559420923
0.186559420923
0.186559420923
0.186559420923
0.186559420923
0.186559420923
0.186559420923
0.186559420923
0.186559420923
0.186559420923
0.186559420923
0.186559420923
0.186559420923
0.186559420923
0.186559420923
0.186559420923
0.186559420923
0.186559420923
0.186559420923
0.186559420923
0.186559420923
0.186559420923
0.186559420923
0.186559420923
0.186559420923
0.186559420923
0.186559420923
0.186559420923
0.186559420923
0.186559420923
0.186559420923
0.186559420923
0.186559420923
0.186559420923
0.186559420923
0.186559420923
0.186559420923
0.186559420923
0.186559420923
0.186559420923
0.186559420923
0.186559420923
0.186559420923
0.186559420923
0.186559420923
0.186559420923
0.186559420923
0.186559420923
0.186559420923
0.186559420923
0.186559420923
0.186559420923
0.186559420923
0.186559420923
0.186559420923
0.186559420923
0.186559420923
0.186559420923
0.186559420923
0.186559420923
0.186559420923
0.186559420923
0.186559420923
0.186559420923
0.186559420923
0.186559420923
0.186559420923
0.186559420923
0.186559420923
0.186559420923
0.186559420923
0.186559420923
0.186559420923
0.186559420923
0.186559420923
0.186559420923
0.186559420923
0.186559420923
0.186559420923
0.186559420923
0.186559420923
0.186559420923
0.186559420923
0.186559420923
0.186559420923
0.186559420923
0.186559420923
0.186559420923
0.186559420923
0.186559420923
0.186559420923
0.186559420923
0.186559420923
0.186559420923
0.186559420923
0.186559420923
0.186559420923
0.186559420923
0.186559420923
0.186559420923
0.186559420923
0.186559420923
0.186559420923
0.186559420923
0.186559420923
0.186559420923
0.186559420923
0.186559420923
0.186559420923
0.186559420923
0.186559420923
0.186559420923
0.186559420923
0.186559420923
0.186559420923
0.186559420923
0.186559420923
0.186559420923
0.186559420923
0.186559420923
0.186559420923
0.186559420923
0.186559420923
0.186559420923
0.184521416831
0.184521416831
0.184521416831
0.184521416831
0.184521416831
0.184521416831
0.184521416831
0.184521416831
0.184521416831
0.184521416831
0.184521416831
0.184521416831
0.184521416831
0.184521416831
0.184521416831
0.184521416831
0.184521416831
0.184521416831
0.184521416831
0.184521416831
