0.419941251393
0.308461496731
0.308461496731
0.291777633594
0.291777633594
0.291777633594
0.291777633594
0.291010325591
0.291010325591
0.291010325591
0.291010325591
0.291010325591
0.291010325591
0.291010325591
0.291010325591
0.290739582638
0.290739582638
0.287585455733
0.287585455733
0.287585455733
0.287585455733
0.287585455733
0.287585455733
0.287585455733
0.287585455733
0.287585455733
0.287585455733
0.287585455733
0.287585455733
0.287585455733
0.287585455733
0.287585455733
0.287585455733
0.287585455733
0.287585455733
0.287585455733
0.287585455733
0.282487236727
0.282487236727
0.282487236727
0.282487236727
0.282487236727
0.282487236727
0.282487236727
0.282487236727
0.282487236727
0.282487236727
0.282487236727
0.282487236727
0.282487236727
0.282487236727
0.282487236727
0.282487236727
0.282487236727
0.282487236727
0.282487236727
0.282487236727
0.282487236727
0.282487236727
0.282487236727
0.282487236727
0.282487236727
0.282487236727
0.282487236727
0.282487236727
0.282487236727
0.282487236727
0.282487236727
0.282487236727
0.282487236727
0.282487236727
0.282487236727
0.282487236727
0.282487236727
0.282487236727
0.282487236727
0.282487236727
0.282487236727
0.282487236727
0.282487236727
0.282487236727
0.282487236727
0.282487236727
0.282487236727
0.282487236727
0.282487236727
0.282487236727
0.282487236727
0.282487236727
0.282487236727
0.282487236727
0.282487236727
0.282487236727
0.282487236727
0.282487236727
0.282487236727
0.282487236727
0.282487236727
0.282487236727
0.282487236727
0.282487236727
0.282487236727
0.282487236727
0.282487236727
0.282487236727
0.282487236727
0.282487236727
0.282487236727
0.282487236727
0.280699715205
0.280699715205
0.280699715205
0.280699715205
0.280699715205
0.280699715205
0.280699715205
0.280699715205
0.280699715205
0.280699715205
0.280699715205
0.280699715205
0.280699715205
0.280699715205
0.280699715205
0.280699715205
0.280699715205
0.280699715205
0.280699715205
0.280699715205
0.280699715205
0.280699715205
0.280699715205
0.280699715205
0.280699715205
0.280699715205
0.280699715205
0.280699715205
0.280699715205
0.280699715205
0.280699715205
0.280699715205
0.280699715205
0.280699715205
0.280699715205
0.280699715205
0.280699715205
0.280699715205
0.280699715205
0.280699715205
0.280699715205
0.280699715205
0.280699715205
0.280699715205
0.280699715205
0.280699715205
0.280699715205
0.280699715205
0.280699715205
0.280699715205
0.280699715205
0.280699715205
0.280699715205
0.280699715205
0.280699715205
0.280699715205
0.280699715205
0.280699715205
0.280699715205
0.280699715205
0.280699715205
0.280699715205
0.280699715205
0.280699715205
0.280699715205
0.280699715205
0.280699715205
0.280699715205
0.280699715205
0.280699715205
0.280699715205
0.280699715205
0.280699715205
0.280699715205
0.280699715205
0.280699715205
0.280699715205
0.280699715205
0.280699715205
0.280699715205
0.280699715205
0.280699715205
0.280699715205
0.280699715205
0.280699715205
0.280699715205
0.280699715205
0.280699715205
0.280699715205
0.280699715205
0.280699715205
0.280699715205
0.280699715205
0.280699715205
0.280699715205
0.280699715205
0.280699715205
0.280699715205
0.280699715205
0.280699715205
0.280699715205
0.280699715205
0.280699715205
0.280699715205
0.280699715205
0.280151312636
0.280151312636
0.280151312636
0.280151312636
0.280151312636
0.280151312636
0.280151312636
0.280151312636
0.280151312636
0.280151312636
0.280151312636
0.280151312636
0.280151312636
0.280151312636
0.280151312636
0.280151312636
0.280151312636
0.280151312636
0.280151312636
0.280151312636
0.280151312636
0.280151312636
0.280151312636
0.280151312636
0.280151312636
0.280151312636
0.280151312636
0.280151312636
0.280151312636
0.280151312636
0.280151312636
0.280151312636
0.280151312636
0.280151312636
0.280151312636
0.280151312636
0.280151312636
0.280151312636
0.280151312636
0.280151312636
0.280151312636
0.280151312636
0.280151312636
0.280151312636
0.280151312636
0.280151312636
0.280151312636
0.280151312636
0.280151312636
0.280151312636
0.280151312636
0.280151312636
0.280151312636
0.280151312636
0.280151312636
0.280151312636
0.280151312636
0.280151312636
0.280151312636
0.280151312636
0.280151312636
0.280151312636
0.280151312636
0.280151312636
0.280151312636
0.280151312636
0.280151312636
0.280151312636
0.280151312636
0.280151312636
0.280151312636
0.280151312636
0.280151312636
0.280151312636
0.280151312636
0.280151312636
0.280151312636
0.280151312636
0.280151312636
0.280151312636
0.280151312636
0.280151312636
0.280151312636
0.280151312636
0.280151312636
0.280151312636
0.280151312636
0.280151312636
0.280151312636
0.280151312636
0.280151312636
0.280151312636
0.280151312636
0.280151312636
0.280151312636
0.280151312636
0.280151312636
0.280151312636
0.280151312636
0.280151312636
0.280151312636
0.280151312636
0.280151312636
0.280151312636
0.280151312636
0.280151312636
0.280151312636
0.280151312636
0.280151312636
0.280151312636
0.280151312636
0.280151312636
0.280151312636
0.280151312636
0.280151312636
0.280151312636
0.280151312636
0.280151312636
0.280151312636
0.280151312636
0.280151312636
0.280151312636
0.280151312636
0.280151312636
0.280151312636
0.280151312636
0.280151312636
0.280151312636
0.280151312636
0.280151312636
0.280151312636
0.280151312636
0.280151312636
0.280151312636
0.280151312636
0.280151312636
0.280151312636
0.280151312636
0.280151312636
0.280151312636
0.280151312636
0.280151312636
0.280151312636
0.280151312636
0.280151312636
0.280151312636
0.280151312636
0.280151312636
0.280151312636
0.280151312636
0.280151312636
0.280151312636
0.280151312636
0.280151312636
0.280151312636
0.280151312636
0.280151312636
0.280151312636
0.280151312636
0.280151312636
0.280151312636
0.280151312636
0.280151312636
0.280151312636
0.280151312636
0.280151312636
0.280151312636
0.280151312636
0.280151312636
0.280151312636
0.280151312636
0.280151312636
0.280151312636
0.280151312636
0.280151312636
0.280151312636
0.280151312636
0.280151312636
0.280151312636
0.280151312636
0.280151312636
0.280151312636
0.280151312636
0.280151312636
0.280151312636
0.280151312636
