0.408556494646
0.320198485115
0.297743750602
0.296045696926
0.296045696926
0.296045696926
0.296045696926
0.296045696926
0.296045696926
0.294986464517
0.294986464517
0.294986464517
0.294986464517
0.294986464517
0.294986464517
0.291815282481
0.291815282481
0.291815282481
0.291815282481
0.291815282481
0.290619389255
0.290619389255
0.290619389255
0.290619389255
0.290619389255
0.290619389255
0.290619389255
0.290619389255
0.290619389255
0.290619389255
0.290619389255
0.290619389255
0.290619389255
0.290619389255
0.290619389255
0.290619389255
0.290619389255
0.290619389255
0.290619389255
0.290619389255
0.290619389255
0.290619389255
0.290619389255
0.290619389255
0.290619389255
0.290619389255
0.290619389255
0.290619389255
0.290619389255
0.290619389255
0.290619389255
0.290619389255
0.290619389255
0.290619389255
0.290619389255
0.290619389255
0.290619389255
0.290619389255
0.290619389255
0.290619389255
0.290619389255
0.290619389255
0.290619389255
0.287494044223
0.287494044223
0.287494044223
0.287494044223
0.287494044223
0.287494044223
0.287494044223
0.287494044223
0.287494044223
0.287494044223
0.287494044223
0.287494044223
0.287494044223
0.287494044223
0.287494044223
0.287494044223
0.287494044223
0.287494044223
0.287494044223
0.287494044223
0.287494044223
0.287494044223
0.287494044223
0.287494044223
0.287494044223
0.287494044223
0.287494044223
0.287494044223
0.287494044223
0.287494044223
0.287494044223
0.287494044223
0.287494044223
0.287494044223
0.287494044223
0.287494044223
0.287494044223
0.2832637776
0.2832637776
0.2832637776
0.2832637776
0.2832637776
0.2832637776
0.2832637776
0.2832637776
0.2832637776
0.2832637776
0.2832637776
0.2832637776
0.2832637776
0.2832637776
0.2832637776
0.2832637776
0.2832637776
0.2832637776
0.2832637776
0.2832637776
0.2832637776
0.2832637776
0.2832637776
0.2832637776
0.2832637776
0.2832637776
0.2832637776
0.2832637776
0.2832637776
0.2832637776
0.2832637776
0.2832637776
0.2832637776
0.2832637776
0.2832637776
0.2832637776
0.2832637776
0.2832637776
0.2832637776
0.2832637776
0.2832637776
0.2832637776
0.2832637776
0.2832637776
0.2832637776
0.2832637776
0.2832637776
0.2832637776
0.2832637776
0.2832637776
0.2832637776
0.2832637776
0.2832637776
0.2832637776
0.2832637776
0.282364690693
0.282364690693
0.282364690693
0.282364690693
0.282364690693
0.282364690693
0.282364690693
0.282364690693
0.282364690693
0.282364690693
0.282364690693
0.282364690693
0.282364690693
0.282364690693
0.282364690693
0.282364690693
0.282364690693
0.282364690693
0.282364690693
0.282364690693
0.282364690693
0.282364690693
0.282364690693
0.282364690693
0.282364690693
0.282364690693
0.282364690693
0.282364690693
0.282364690693
0.282364690693
0.282364690693
0.282364690693
0.282364690693
0.282364690693
0.282364690693
0.282364690693
0.282364690693
0.282364690693
0.282364690693
0.282364690693
0.282364690693
0.282364690693
0.282364690693
0.282364690693
0.282364690693
0.282364690693
0.282364690693
0.282364690693
0.282364690693
0.282364690693
0.282364690693
0.282364690693
0.282364690693
0.282364690693
0.282364690693
0.282364690693
0.282364690693
0.282364690693
0.282364690693
0.282364690693
0.282364690693
0.282364690693
0.282364690693
0.282364690693
0.282364690693
0.282364690693
0.282364690693
0.282364690693
0.282364690693
0.282364690693
0.282364690693
0.282364690693
0.282364690693
0.282364690693
0.282364690693
0.282364690693
0.282364690693
0.282364690693
0.282364690693
0.282364690693
0.282364690693
0.282364690693
0.282364690693
0.282364690693
0.282364690693
0.282364690693
0.282364690693
0.282364690693
0.282364690693
0.282364690693
0.282364690693
0.282364690693
0.282364690693
0.282364690693
0.282364690693
0.282364690693
0.282364690693
0.282364690693
0.282364690693
0.282364690693
0.282364690693
0.282364690693
0.282364690693
0.282364690693
0.282364690693
0.282364690693
0.282364690693
0.282364690693
0.282364690693
0.282364690693
0.282364690693
0.282364690693
0.282364690693
0.282364690693
0.282364690693
0.282364690693
0.282364690693
0.282364690693
0.282364690693
0.282364690693
0.282364690693
0.282364690693
0.282364690693
0.282364690693
0.282364690693
0.282364690693
0.282364690693
0.282364690693
0.282364690693
0.282364690693
0.282364690693
0.282364690693
0.282364690693
0.282364690693
0.282364690693
0.282364690693
0.282364690693
0.282364690693
0.282364690693
0.282364690693
0.282364690693
0.282364690693
0.282364690693
0.282364690693
0.282364690693
0.282364690693
0.282364690693
0.282364690693
0.282364690693
0.282364690693
0.282364690693
0.282364690693
0.282364690693
0.282364690693
0.282364690693
0.282364690693
0.282364690693
0.282364690693
0.282364690693
0.282364690693
0.282364690693
0.282364690693
0.282364690693
0.282364690693
0.282364690693
0.282364690693
0.282364690693
0.282364690693
0.282364690693
0.282364690693
0.282364690693
0.282364690693
0.282364690693
0.282364690693
0.282364690693
0.282364690693
0.282364690693
0.282364690693
0.282364690693
0.282364690693
0.282364690693
0.282364690693
0.282364690693
0.282364690693
0.282364690693
0.282364690693
0.282364690693
0.282364690693
0.282364690693
0.282364690693
0.282364690693
0.282364690693
0.282364690693
0.282364690693
0.282364690693
0.282364690693
0.282364690693
0.282364690693
0.282364690693
0.282364690693
0.282364690693
0.282364690693
0.282364690693
0.282364690693
0.282364690693
0.282364690693
0.282364690693
0.282364690693
0.282364690693
0.282364690693
0.282364690693
0.282364690693
0.282364690693
0.282364690693
0.282364690693
0.282364690693
0.282364690693
0.282364690693
0.282364690693
0.282364690693
0.282364690693
0.282364690693
0.282364690693
0.282364690693
0.282364690693
0.282364690693
0.282364690693
0.282364690693
0.282364690693
0.282364690693
0.282364690693
0.282364690693
0.282364690693
0.282364690693
0.282364690693
0.282364690693
0.282364690693
0.282364690693
0.282364690693
0.282364690693
0.282364690693
0.282364690693
0.282364690693
0.282364690693
0.282364690693
