0.281770010503
0.241897279924
0.216946128221
0.216946128221
0.21187172437
0.21187172437
0.198535556293
0.198535556293
0.198535556293
0.185351128955
0.185351128955
0.185351128955
0.185351128955
0.185351128955
0.185351128955
0.185351128955
0.185351128955
0.185351128955
0.185351128955
0.185351128955
0.185351128955
0.185351128955
0.185351128955
0.185351128955
0.185351128955
0.185351128955
0.185351128955
0.185351128955
0.185351128955
0.185351128955
0.185351128955
0.185351128955
0.185351128955
0.185351128955
0.185351128955
0.185351128955
0.185351128955
0.185351128955
0.185351128955
0.185351128955
0.185351128955
0.185351128955
0.185351128955
0.185351128955
0.185351128955
0.185351128955
0.185351128955
0.185351128955
0.185351128955
0.185351128955
0.185351128955
0.185351128955
0.185351128955
0.185351128955
0.185351128955
0.185351128955
0.185351128955
0.185351128955
0.185351128955
0.185351128955
0.185351128955
0.185351128955
0.185351128955
0.185351128955
0.185351128955
0.185351128955
0.185351128955
0.185351128955
0.185351128955
0.185351128955
0.185351128955
0.185351128955
0.185351128955
0.185351128955
0.185351128955
0.185351128955
0.185351128955
0.185351128955
0.185351128955
0.185351128955
0.185351128955
0.185351128955
0.185351128955
0.185351128955
0.185351128955
0.185351128955
0.185351128955
0.185351128955
0.185351128955
0.185351128955
0.185351128955
0.185351128955
0.185351128955
0.185351128955
0.185351128955
0.185351128955
0.185351128955
0.185351128955
0.185351128955
0.185351128955
0.185351128955
0.185351128955
0.185351128955
0.185351128955
0.185351128955
0.185351128955
0.185351128955
0.185351128955
0.185351128955
0.185351128955
0.185351128955
0.185351128955
0.185351128955
0.185351128955
0.185351128955
0.185351128955
0.185351128955
0.185351128955
0.185351128955
0.185351128955
0.185351128955
0.185351128955
0.185351128955
0.185351128955
0.185351128955
0.185351128955
0.185351128955
0.185351128955
0.185351128955
0.185351128955
0.185351128955
0.185351128955
0.185351128955
0.185351128955
0.185351128955
0.185351128955
0.185351128955
0.185351128955
0.185351128955
0.185351128955
0.185351128955
0.185351128955
0.185351128955
0.185351128955
0.185351128955
0.185351128955
0.185351128955
0.185351128955
0.185351128955
0.185351128955
0.185351128955
0.185351128955
0.185351128955
0.185351128955
0.185351128955
0.185351128955
0.185351128955
0.185351128955
0.185351128955
0.185351128955
0.185351128955
0.185351128955
0.185351128955
0.185351128955
0.185351128955
0.185351128955
0.185351128955
0.185351128955
0.185351128955
0.185351128955
0.185351128955
0.185351128955
0.185351128955
0.185351128955
0.185351128955
0.185351128955
0.185351128955
0.185351128955
0.185351128955
0.185351128955
0.185351128955
0.185351128955
0.185351128955
0.185351128955
0.185351128955
0.185351128955
0.185351128955
0.185351128955
0.185351128955
0.185351128955
0.185351128955
0.185351128955
0.185351128955
0.185351128955
0.185351128955
0.185351128955
0.185351128955
0.185351128955
0.185351128955
0.185351128955
0.185351128955
0.185351128955
0.185351128955
0.185351128955
0.185351128955
0.185351128955
0.185351128955
0.185351128955
0.185351128955
0.185351128955
0.185351128955
0.185351128955
0.185351128955
0.185351128955
0.185351128955
0.185351128955
0.185351128955
0.185351128955
0.185351128955
0.185351128955
0.185351128955
0.185351128955
0.185351128955
0.185351128955
0.185351128955
0.185351128955
0.185351128955
0.185351128955
0.185351128955
0.185351128955
0.185351128955
0.185351128955
0.185351128955
0.185351128955
0.185351128955
0.185351128955
0.185351128955
0.185351128955
0.185351128955
0.185351128955
0.185351128955
0.185351128955
0.185351128955
0.185351128955
0.185351128955
0.185351128955
0.185351128955
0.185351128955
0.185351128955
0.185351128955
0.185351128955
0.185351128955
0.185351128955
0.185351128955
0.185351128955
0.185351128955
0.185351128955
0.185351128955
0.185351128955
0.185351128955
0.185351128955
0.185351128955
0.185351128955
0.185351128955
0.185351128955
0.185351128955
0.185351128955
0.185351128955
0.185351128955
0.185351128955
0.185351128955
0.185351128955
0.185351128955
0.185351128955
0.185351128955
0.185351128955
0.185351128955
0.185351128955
0.185351128955
0.185351128955
0.185351128955
0.185351128955
0.185351128955
0.185351128955
0.185351128955
0.185351128955
0.185351128955
0.185351128955
0.185351128955
0.185351128955
0.185351128955
0.185351128955
0.185351128955
0.176614834217
0.176614834217
0.176614834217
0.176614834217
0.176614834217
0.176614834217
0.176614834217
