0.409712553253
0.330711254678
0.306949124688
0.302128258657
0.302128258657
0.295855963401
0.292290731957
0.292290731957
0.292290731957
0.292290731957
0.292290731957
0.292290731957
0.28910990162
0.28910990162
0.28910990162
0.28910990162
0.28910990162
0.28910990162
0.28910990162
0.28910990162
0.28910990162
0.28910990162
0.28910990162
0.28910990162
0.28910990162
0.28910990162
0.28910990162
0.28910990162
0.28910990162
0.28910990162
0.285795835994
0.285795835994
0.285795835994
0.285795835994
0.285795835994
0.285795835994
0.285795835994
0.285795835994
0.285795835994
0.285795835994
0.285795835994
0.285795835994
0.285795835994
0.285795835994
0.285795835994
0.285795835994
0.285795835994
0.285795835994
0.285795835994
0.285795835994
0.285795835994
0.285795835994
0.285795835994
0.285795835994
0.285795835994
0.282390565749
0.282390565749
0.282390565749
0.282390565749
0.282390565749
0.282390565749
0.282390565749
0.282390565749
0.282390565749
0.282390565749
0.282390565749
0.282390565749
0.282390565749
0.282390565749
0.282390565749
0.282390565749
0.282390565749
0.282390565749
0.282390565749
0.282390565749
0.282390565749
0.282390565749
0.282390565749
0.282390565749
0.282390565749
0.282390565749
0.282390565749
0.282390565749
0.282390565749
0.282390565749
0.282390565749
0.282390565749
0.282390565749
0.282390565749
0.282390565749
0.282390565749
0.282390565749
0.282390565749
0.282390565749
0.282390565749
0.282390565749
0.282390565749
0.282390565749
0.282390565749
0.282390565749
0.282390565749
0.282390565749
0.282390565749
0.282390565749
0.282390565749
0.282390565749
0.282390565749
0.282390565749
0.282390565749
0.282390565749
0.282390565749
0.282390565749
0.282390565749
0.282390565749
0.282390565749
0.282390565749
0.282390565749
0.282390565749
0.282390565749
0.282390565749
0.282390565749
0.282390565749
0.282390565749
0.282390565749
0.282390565749
0.282390565749
0.282390565749
0.282390565749
0.282390565749
0.282390565749
0.282390565749
0.282390565749
0.282390565749
0.282390565749
0.282390565749
0.282390565749
0.282390565749
0.282390565749
0.282390565749
0.282390565749
0.282390565749
0.282390565749
0.282390565749
0.282390565749
0.282390565749
0.282390565749
0.282390565749
0.282390565749
0.282390565749
0.282390565749
0.282390565749
0.282390565749
0.282390565749
0.282390565749
0.282390565749
0.282390565749
0.282390565749
0.282390565749
0.282390565749
0.282390565749
0.282390565749
0.282390565749
0.282390565749
0.282390565749
0.282390565749
0.282390565749
0.282390565749
0.282390565749
0.282390565749
0.282390565749
0.282390565749
0.282390565749
0.282390565749
0.282390565749
0.282390565749
0.282390565749
0.282390565749
0.282390565749
0.282390565749
0.282390565749
0.282390565749
0.282390565749
0.282390565749
0.282390565749
0.282390565749
0.282390565749
0.282390565749
0.282390565749
0.282390565749
0.282390565749
0.282390565749
0.282390565749
0.282390565749
0.282390565749
0.282390565749
0.282390565749
0.282390565749
0.282390565749
0.282390565749
0.282390565749
0.282390565749
0.282390565749
0.282390565749
0.282390565749
0.282390565749
0.282390565749
0.282390565749
0.282390565749
0.282390565749
0.282390565749
0.282390565749
0.281895789833
0.281895789833
0.281895789833
0.281895789833
0.281895789833
0.281895789833
0.281895789833
0.281895789833
0.281895789833
0.281895789833
0.281895789833
0.281895789833
0.281895789833
0.281895789833
0.281895789833
0.281895789833
0.281895789833
0.281895789833
0.281895789833
0.281895789833
0.281895789833
0.281895789833
0.281895789833
0.281895789833
0.281895789833
0.281895789833
0.281895789833
0.281895789833
0.281895789833
0.281895789833
0.281895789833
0.281895789833
0.281895789833
0.281895789833
0.281895789833
0.281895789833
0.281895789833
0.281895789833
0.281895789833
0.281895789833
0.281895789833
0.281895789833
0.281895789833
0.281895789833
0.281895789833
0.281895789833
0.281895789833
0.281895789833
0.281895789833
0.281895789833
0.281895789833
0.281895789833
0.281895789833
0.281895789833
0.281895789833
0.281895789833
0.281895789833
0.281895789833
0.281895789833
0.281895789833
0.281895789833
0.281895789833
0.281895789833
0.281895789833
0.281895789833
0.281895789833
0.281895789833
0.281895789833
0.281895789833
0.281895789833
0.281895789833
0.281895789833
0.281895789833
0.281895789833
0.281895789833
0.281895789833
0.281895789833
0.281895789833
0.281895789833
0.281895789833
0.281895789833
0.281895789833
0.281895789833
0.281895789833
0.281895789833
0.281895789833
0.281895789833
0.281895789833
0.281895789833
0.281895789833
0.281895789833
0.281895789833
0.281895789833
0.281895789833
0.281895789833
0.281895789833
0.281895789833
0.281895789833
0.281895789833
0.281895789833
0.281895789833
0.281895789833
0.281895789833
0.281895789833
0.281895789833
0.281895789833
0.281895789833
0.281895789833
0.281895789833
0.281895789833
0.281895789833
0.281895789833
0.281895789833
0.281895789833
0.281895789833
0.281895789833
0.281895789833
0.281895789833
0.281895789833
0.281895789833
0.281895789833
0.281895789833
0.281895789833
0.281895789833
0.281895789833
0.281895789833
0.281895789833
0.281895789833
0.281895789833
0.281895789833
0.281895789833
0.281895789833
0.281895789833
0.281895789833
0.281895789833
0.281895789833
0.281895789833
0.281895789833
0.281895789833
0.281895789833
0.281895789833
0.281895789833
0.281895789833
0.281895789833
0.281895789833
0.281895789833
0.281895789833
0.281895789833
0.281895789833
0.281895789833
0.281895789833
0.281895789833
0.281895789833
0.281895789833
0.281895789833
0.281895789833
0.281895789833
0.281895789833
0.281895789833
0.281895789833
0.281895789833
0.281895789833
0.281895789833
0.281895789833
0.281895789833
0.281895789833
0.281895789833
0.281895789833
0.281895789833
0.281895789833
0.281895789833
0.281895789833
0.281895789833
0.281895789833
0.281895789833
0.281895789833
0.281895789833
0.281895789833
0.281895789833
0.281895789833
0.281895789833
0.281895789833
0.281895789833
0.281895789833
0.281895789833
0.281895789833
0.281895789833
0.281895789833
0.281895789833
