0.316816407272
0.238064286484
0.205217602107
0.199338755808
0.199338755808
0.199338755808
0.199338755808
0.199338755808
0.199338755808
0.199338755808
0.199338755808
0.199338755808
0.199338755808
0.199338755808
0.199338755808
0.199338755808
0.199338755808
0.199338755808
0.199338755808
0.199338755808
0.199338755808
0.199338755808
0.199338755808
0.199338755808
0.199338755808
0.199338755808
0.199338755808
0.195099396031
0.195099396031
0.195099396031
0.195099396031
0.195099396031
0.195099396031
0.195099396031
0.195099396031
0.195099396031
0.195099396031
0.195099396031
0.195099396031
0.195099396031
0.190898778028
0.190898778028
0.190898778028
0.190898778028
0.190898778028
0.190898778028
0.190898778028
0.190898778028
0.190898778028
0.190898778028
0.190898778028
0.190898778028
0.190898778028
0.190898778028
0.190898778028
0.190898778028
0.190898778028
0.190898778028
0.190898778028
0.190898778028
0.190898778028
0.190898778028
0.190898778028
0.190898778028
0.190898778028
0.190898778028
0.190898778028
0.190898778028
0.190898778028
0.190898778028
0.190898778028
0.190898778028
0.190898778028
0.190898778028
0.190898778028
0.190898778028
0.190898778028
0.190898778028
0.190898778028
0.190898778028
0.190898778028
0.190898778028
0.190898778028
0.190898778028
0.190898778028
0.190898778028
0.190898778028
0.190898778028
0.190898778028
0.190898778028
0.190898778028
0.190898778028
0.190898778028
0.190898778028
0.188921399245
0.188921399245
0.188921399245
0.188921399245
0.188921399245
0.188921399245
0.188921399245
0.188921399245
0.188921399245
0.188921399245
0.188921399245
0.188921399245
0.188921399245
0.188921399245
0.188921399245
0.188921399245
0.188921399245
0.188921399245
0.188921399245
0.188921399245
0.188921399245
0.188921399245
0.188921399245
0.188921399245
0.188921399245
0.188921399245
0.188921399245
0.188921399245
0.188921399245
0.188921399245
0.188921399245
0.188921399245
0.188921399245
0.188921399245
0.188921399245
0.188921399245
0.188921399245
0.188921399245
0.188921399245
0.188921399245
0.188921399245
0.188921399245
0.188921399245
0.188921399245
0.188921399245
0.188921399245
0.188921399245
0.188921399245
0.188921399245
0.188921399245
0.188921399245
0.188921399245
0.188921399245
0.188921399245
0.188921399245
0.188921399245
0.188921399245
0.188921399245
0.188921399245
0.188921399245
0.188921399245
0.188921399245
0.188921399245
0.188921399245
0.188921399245
0.188921399245
0.188921399245
0.188921399245
0.188921399245
0.188921399245
0.188921399245
0.188921399245
0.188921399245
0.188921399245
0.188921399245
0.188921399245
0.188921399245
0.188921399245
0.188921399245
0.188921399245
0.188921399245
0.188921399245
0.188921399245
0.188921399245
0.188921399245
0.188921399245
0.188921399245
0.188921399245
0.188921399245
0.188921399245
0.188921399245
0.188921399245
0.188921399245
0.188921399245
0.188921399245
0.188921399245
0.188921399245
0.188921399245
0.188921399245
0.188921399245
0.188921399245
0.188921399245
0.188921399245
0.188921399245
0.188921399245
0.188921399245
0.188921399245
0.188921399245
0.188921399245
0.188921399245
0.188921399245
0.188921399245
0.188921399245
0.188921399245
0.188921399245
0.188921399245
0.188921399245
0.188921399245
0.188921399245
0.188921399245
0.188921399245
0.188921399245
0.188921399245
0.188921399245
0.188921399245
0.188921399245
0.188921399245
0.188921399245
0.188921399245
0.188921399245
0.188921399245
0.188921399245
0.188921399245
0.188921399245
0.188921399245
0.188921399245
0.188921399245
0.188921399245
0.188921399245
0.188921399245
0.188921399245
0.188921399245
0.188921399245
0.188921399245
0.188921399245
0.188921399245
0.188921399245
0.188921399245
0.188921399245
0.188921399245
0.188921399245
0.188921399245
0.188921399245
0.188921399245
0.188921399245
0.188921399245
0.188921399245
0.188921399245
0.188921399245
0.188921399245
0.188921399245
0.188921399245
0.188921399245
0.188921399245
0.188921399245
0.188921399245
0.188921399245
0.188921399245
0.188921399245
0.188921399245
0.188921399245
0.188921399245
0.188921399245
0.188921399245
0.188921399245
0.188921399245
0.188921399245
0.188921399245
0.188921399245
0.188921399245
0.188921399245
0.188921399245
0.188921399245
0.188921399245
0.188921399245
0.188921399245
0.188921399245
0.188921399245
0.188921399245
0.188921399245
0.188921399245
0.188921399245
0.188921399245
0.188921399245
0.188921399245
0.188921399245
0.188921399245
0.188921399245
0.188921399245
0.188921399245
0.188921399245
0.188921399245
0.188921399245
0.188921399245
0.188921399245
0.188921399245
