0.426922587229
0.328603865282
0.302164451197
0.301626462712
0.301626462712
0.300926224415
0.300642128141
0.300642128141
0.293661860784
0.293661860784
0.293661860784
0.289936465609
0.289936465609
0.289936465609
0.289936465609
0.289936465609
0.289936465609
0.289936465609
0.289936465609
0.289936465609
0.289936465609
0.289936465609
0.289936465609
0.289936465609
0.289936465609
0.289936465609
0.288997747301
0.288997747301
0.288997747301
0.288997747301
0.288997747301
0.288997747301
0.288997747301
0.288997747301
0.288997747301
0.288997747301
0.288997747301
0.288997747301
0.288997747301
0.288997747301
0.288997747301
0.288997747301
0.288997747301
0.288997747301
0.288997747301
0.288140212352
0.288140212352
0.288140212352
0.288140212352
0.288140212352
0.288140212352
0.288140212352
0.288140212352
0.288140212352
0.288140212352
0.288140212352
0.288140212352
0.288140212352
0.288140212352
0.288140212352
0.288140212352
0.288140212352
0.288140212352
0.288140212352
0.288140212352
0.288140212352
0.288140212352
0.288140212352
0.288140212352
0.288140212352
0.288140212352
0.288140212352
0.288140212352
0.288140212352
0.288140212352
0.288140212352
0.288140212352
0.288140212352
0.284495784983
0.284495784983
0.284495784983
0.284495784983
0.284495784983
0.284495784983
0.284495784983
0.284495784983
0.284495784983
0.284495784983
0.284495784983
0.284495784983
0.284495784983
0.284495784983
0.284495784983
0.284495784983
0.284495784983
0.284495784983
0.284495784983
0.284495784983
0.284495784983
0.284495784983
0.284495784983
0.284495784983
0.284495784983
0.284495784983
0.284495784983
0.284495784983
0.284495784983
0.284495784983
0.284495784983
0.284495784983
0.284495784983
0.284495784983
0.284495784983
0.284495784983
0.284495784983
0.284495784983
0.284495784983
0.284495784983
0.284495784983
0.284495784983
0.284495784983
0.284495784983
0.284495784983
0.284495784983
0.284495784983
0.284495784983
0.284495784983
0.284495784983
0.284495784983
0.284495784983
0.284495784983
0.284495784983
0.284495784983
0.284495784983
0.284495784983
0.284495784983
0.284495784983
0.284495784983
0.284495784983
0.284495784983
0.284495784983
0.284495784983
0.284495784983
0.284495784983
0.284495784983
0.284495784983
0.284495784983
0.284495784983
0.284495784983
0.284495784983
0.284495784983
0.284495784983
0.284495784983
0.284495784983
0.284495784983
0.284495784983
0.284495784983
0.284495784983
0.284495784983
0.284495784983
0.284495784983
0.284495784983
0.284495784983
0.284495784983
0.284495784983
0.284495784983
0.284495784983
0.284495784983
0.284495784983
0.284495784983
0.284495784983
0.284495784983
0.284495784983
0.284495784983
0.284495784983
0.284495784983
0.284495784983
0.284495784983
0.284495784983
0.284495784983
0.284495784983
0.284495784983
0.284495784983
0.284495784983
0.284495784983
0.282093491924
0.282093491924
0.282093491924
0.282093491924
0.282093491924
0.282093491924
0.282093491924
0.282093491924
0.282093491924
0.282093491924
0.282093491924
0.282093491924
0.282093491924
0.282093491924
0.282093491924
0.282093491924
0.282093491924
0.282093491924
0.282093491924
0.282093491924
0.282093491924
0.282093491924
0.282093491924
0.282093491924
0.282093491924
0.282093491924
0.282093491924
0.282093491924
0.282093491924
0.282093491924
0.282093491924
0.282093491924
0.282093491924
0.282093491924
0.282093491924
0.282093491924
0.282093491924
0.282093491924
0.282093491924
0.282093491924
0.282093491924
0.282093491924
0.282093491924
0.282093491924
0.282093491924
0.282093491924
0.282093491924
0.282093491924
0.282093491924
0.282093491924
0.282093491924
0.282093491924
0.282093491924
0.282093491924
0.282093491924
0.282093491924
0.282093491924
0.282093491924
0.282093491924
0.282093491924
0.282093491924
0.282093491924
0.282093491924
0.282093491924
0.282093491924
0.282093491924
0.282093491924
0.282093491924
0.282093491924
0.282093491924
0.282093491924
0.282093491924
0.282093491924
0.282093491924
0.282093491924
0.282093491924
0.282093491924
0.282093491924
0.282093491924
0.282093491924
0.282093491924
0.282093491924
0.282093491924
0.282093491924
0.282093491924
0.282093491924
0.282093491924
0.282093491924
0.282093491924
0.282093491924
0.282093491924
0.282093491924
0.282093491924
0.282093491924
0.282093491924
0.282093491924
0.282093491924
0.282093491924
0.282093491924
0.282093491924
0.282093491924
0.282093491924
0.282093491924
0.282093491924
0.282093491924
0.282093491924
0.282093491924
0.282093491924
0.282093491924
0.282093491924
0.282093491924
0.282093491924
0.282093491924
0.282093491924
0.282093491924
0.282093491924
0.282093491924
0.282093491924
0.282093491924
0.282093491924
0.282093491924
0.282093491924
0.282093491924
0.282093491924
0.282093491924
0.282093491924
0.282093491924
0.282093491924
0.282093491924
0.282093491924
0.282093491924
0.282093491924
0.282093491924
0.282093491924
0.282093491924
0.282093491924
0.282093491924
0.282093491924
0.282093491924
0.282093491924
0.282093491924
0.282093491924
0.282093491924
0.282093491924
0.282093491924
0.282093491924
0.282093491924
0.282093491924
0.282093491924
0.282093491924
0.282093491924
0.282093491924
0.282093491924
0.282093491924
0.282093491924
0.282093491924
0.282093491924
0.282093491924
0.282093491924
0.282093491924
0.282093491924
0.282093491924
0.282093491924
0.282093491924
0.282093491924
0.282093491924
0.282093491924
0.282093491924
0.282093491924
0.282093491924
0.282093491924
0.282093491924
0.282093491924
0.282093491924
0.282093491924
0.282093491924
0.282093491924
0.282093491924
0.282093491924
0.282093491924
0.282093491924
0.282093491924
0.282093491924
0.282093491924
0.282093491924
0.282093491924
0.282093491924
0.282093491924
0.282093491924
0.282093491924
0.282093491924
0.282093491924
0.282093150675
0.282093150675
0.282093150675
0.282093150675
0.282093150675
0.282093150675
0.282093150675
0.282093150675
0.282093150675
0.282093150675
0.282093150675
0.282093150675
0.282093150675
0.282093150675
0.282093150675
0.282093150675
0.282093150675
0.282093150675
0.282093150675
0.282093150675
0.282093150675
0.282093150675
0.282093150675
