0.414059434823
0.315534558207
0.303354688553
0.28900759689
0.28900759689
0.28900759689
0.28900759689
0.28900759689
0.28900759689
0.28900759689
0.28900759689
0.28900759689
0.28900759689
0.28862062232
0.28862062232
0.28862062232
0.28862062232
0.28862062232
0.28862062232
0.28862062232
0.28862062232
0.28862062232
0.28862062232
0.28862062232
0.28862062232
0.28862062232
0.28862062232
0.28862062232
0.28862062232
0.28862062232
0.28862062232
0.28862062232
0.28862062232
0.28862062232
0.28862062232
0.28862062232
0.28862062232
0.28862062232
0.287372568481
0.287372568481
0.287372568481
0.287372568481
0.287372568481
0.287372568481
0.287372568481
0.287372568481
0.287372568481
0.287372568481
0.287372568481
0.287372568481
0.287372568481
0.287372568481
0.287372568481
0.287372568481
0.287372568481
0.287372568481
0.287372568481
0.287372568481
0.287372568481
0.287372568481
0.287372568481
0.287372568481
0.287372568481
0.287372568481
0.287372568481
0.287372568481
0.287372568481
0.287372568481
0.287372568481
0.287372568481
0.287372568481
0.287372568481
0.287372568481
0.287372568481
0.287372568481
0.287372568481
0.287372568481
0.287372568481
0.287372568481
0.287372568481
0.287372568481
0.287372568481
0.287235834309
0.287235834309
0.287235834309
0.287235834309
0.287235834309
0.287235834309
0.287235834309
0.287235834309
0.287235834309
0.287235834309
0.287235834309
0.287235834309
0.287235834309
0.287235834309
0.287235834309
0.287235834309
0.287235834309
0.287235834309
0.287235834309
0.287235834309
0.287235834309
0.287235834309
0.287235834309
0.287235834309
0.287235834309
0.287235834309
0.287235834309
0.287235834309
0.287235834309
0.287235834309
0.287235834309
0.287235834309
0.287235834309
0.287235834309
0.287235834309
0.287235834309
0.287235834309
0.287235834309
0.287235834309
0.287235834309
0.287235834309
0.287235834309
0.287235834309
0.287235834309
0.287235834309
0.287235834309
0.287235834309
0.287235834309
0.287235834309
0.287235834309
0.287235834309
0.287235834309
0.287235834309
0.287235834309
0.287235834309
0.287235834309
0.287235834309
0.287235834309
0.286389929963
0.286389929963
0.286389929963
0.286389929963
0.286389929963
0.286389929963
0.286389929963
0.286389929963
0.286389929963
0.286389929963
0.286389929963
0.286389929963
0.286389929963
0.286389929963
0.286389929963
0.286389929963
0.286389929963
0.286389929963
0.286389929963
0.286389929963
0.286389929963
0.286389929963
0.286389929963
0.286389929963
0.286389929963
0.286389929963
0.286389929963
0.286389929963
0.286389929963
0.286389929963
0.286389929963
0.286389929963
0.286389929963
0.286389929963
0.286389929963
0.286389929963
0.286389929963
0.286389929963
0.286389929963
0.286389929963
0.283673479394
0.283673479394
0.283673479394
0.283673479394
0.283673479394
0.283673479394
0.283673479394
0.283673479394
0.283673479394
0.283673479394
0.283673479394
0.283673479394
0.283673479394
0.283673479394
0.283673479394
0.283673479394
0.283673479394
0.283673479394
0.283673479394
0.283673479394
0.283673479394
0.283673479394
0.283673479394
0.283673479394
0.283673479394
0.283673479394
0.283673479394
0.283673479394
0.282459127148
0.282459127148
0.282459127148
0.282459127148
0.282459127148
0.282459127148
0.282459127148
0.282459127148
0.282459127148
0.282459127148
0.282459127148
0.282459127148
0.282459127148
0.282459127148
0.282459127148
0.282459127148
0.282459127148
0.282459127148
0.282459127148
0.282459127148
0.282459127148
0.282459127148
0.282459127148
0.282459127148
0.282459127148
0.282459127148
0.282459127148
0.282459127148
0.282459127148
0.282459127148
0.282459127148
0.282459127148
0.282459127148
0.282459127148
0.282459127148
0.282459127148
0.282459127148
0.282459127148
0.282459127148
0.282459127148
0.282459127148
0.282459127148
0.282459127148
0.282459127148
0.282459127148
0.282459127148
0.282459127148
0.282459127148
0.282459127148
0.282459127148
0.282459127148
0.282459127148
0.282459127148
0.282459127148
0.282459127148
0.282459127148
0.282459127148
0.282459127148
0.282459127148
0.282459127148
0.282459127148
0.282459127148
0.282459127148
0.282459127148
0.282459127148
0.282459127148
0.282459127148
0.282459127148
0.282459127148
0.282459127148
0.282459127148
0.282459127148
0.282459127148
0.282459127148
0.282459127148
0.282459127148
0.282459127148
0.282459127148
0.282459127148
0.282459127148
0.282459127148
0.282459127148
0.282459127148
0.282459127148
0.282459127148
0.282459127148
0.282459127148
0.282459127148
0.282459127148
0.282459127148
0.282459127148
0.282459127148
0.282459127148
0.282459127148
0.282459127148
0.282459127148
0.282459127148
0.282459127148
0.282459127148
0.282459127148
0.282459127148
0.282459127148
0.282459127148
0.282459127148
0.282459127148
0.282459127148
0.282459127148
0.282459127148
0.282459127148
0.282459127148
0.282459127148
0.282459127148
0.282459127148
0.282459127148
0.282459127148
0.282459127148
0.282459127148
0.282459127148
0.282459127148
0.282459127148
0.282459127148
0.282459127148
0.282459127148
0.282459127148
0.282459127148
0.282459127148
0.282459127148
0.282459127148
0.282459127148
0.282459127148
0.282459127148
0.282459127148
0.282459127148
0.282459127148
0.282459127148
0.282459127148
0.282459127148
0.282459127148
0.282459127148
0.282459127148
0.282459127148
0.282459127148
0.282459127148
0.282459127148
0.282459127148
0.282459127148
0.282459127148
0.282459127148
0.282459127148
0.282459127148
0.282459127148
0.282459127148
0.282459127148
0.282459127148
0.282459127148
0.282459127148
0.282459127148
0.282459127148
0.282459127148
0.282459127148
0.282459127148
0.282459127148
0.282459127148
0.282459127148
0.282459127148
0.282459127148
0.282459127148
0.282459127148
0.282459127148
0.282459127148
0.282459127148
0.282459127148
0.282459127148
0.282459127148
0.282459127148
0.282459127148
0.282459127148
0.282459127148
0.282459127148
0.282459127148
0.282459127148
0.282459127148
0.282459127148
0.282459127148
0.282459127148
0.282459127148
0.282459127148
0.282459127148
0.282459127148
0.282459127148
0.282459127148
0.282459127148
