0.407315430117
0.321247303491
0.30881600658
0.292919057057
0.290571985719
0.290571985719
0.290571985719
0.290571985719
0.290571985719
0.290571985719
0.290571985719
0.290571985719
0.290571985719
0.290571985719
0.290571985719
0.290571985719
0.290571985719
0.290571985719
0.290571985719
0.290571985719
0.290571985719
0.290571985719
0.290571985719
0.290571985719
0.290571985719
0.290571985719
0.290571985719
0.290571985719
0.290571985719
0.290571985719
0.290571985719
0.290571985719
0.290391592759
0.290391592759
0.290391592759
0.290391592759
0.290391592759
0.290391592759
0.290391592759
0.290391592759
0.290391592759
0.290391592759
0.290391592759
0.290391592759
0.290391592759
0.290391592759
0.290391592759
0.290391592759
0.290391592759
0.290391592759
0.290391592759
0.290391592759
0.290391592759
0.290391592759
0.290391592759
0.290391592759
0.290391592759
0.290391592759
0.290391592759
0.290391592759
0.290391592759
0.290391592759
0.290391592759
0.290391592759
0.290391592759
0.290391592759
0.290391592759
0.290391592759
0.290391592759
0.290391592759
0.290391592759
0.290391592759
0.290391592759
0.290391592759
0.290391592759
0.290391592759
0.290391592759
0.288248335945
0.288248335945
0.288248335945
0.288248335945
0.288248335945
0.288248335945
0.288248335945
0.288248335945
0.288248335945
0.288248335945
0.288248335945
0.288248335945
0.288248335945
0.288248335945
0.288248335945
0.288248335945
0.288248335945
0.288248335945
0.288248335945
0.288248335945
0.288248335945
0.288248335945
0.288248335945
0.288248335945
0.288248335945
0.288248335945
0.288248335945
0.288248335945
0.287177674308
0.287177674308
0.287177674308
0.287177674308
0.287177674308
0.287177674308
0.287177674308
0.287177674308
0.287177674308
0.287177674308
0.287177674308
0.287177674308
0.287177674308
0.287177674308
0.287177674308
0.287177674308
0.287177674308
0.287177674308
0.287177674308
0.287177674308
0.287177674308
0.287177674308
0.287177674308
0.287177674308
0.287177674308
0.287177674308
0.287177674308
0.287177674308
0.287177674308
0.287177674308
0.287177674308
0.287177674308
0.287177674308
0.287177674308
0.287177674308
0.287177674308
0.287177674308
0.287177674308
0.287177674308
0.287177674308
0.287177674308
0.287177674308
0.287177674308
0.287177674308
0.287177674308
0.287177674308
0.287177674308
0.287177674308
0.287177674308
0.287177674308
0.287177674308
0.287177674308
0.287177674308
0.287177674308
0.287177674308
0.287177674308
0.287177674308
0.287177674308
0.287177674308
0.287177674308
0.279386429469
0.279386429469
0.279386429469
0.279386429469
0.279386429469
0.279386429469
0.279386429469
0.279386429469
0.279386429469
0.279386429469
0.279386429469
0.279386429469
0.279386429469
0.279386429469
0.279386429469
0.279386429469
0.279386429469
0.279386429469
0.279386429469
0.279386429469
0.279386429469
0.279386429469
0.279386429469
0.279386429469
0.279386429469
0.279386429469
0.279386429469
0.279386429469
0.279386429469
0.279386429469
0.279386429469
0.279386429469
0.279386429469
0.279386429469
0.279386429469
0.279386429469
0.279386429469
0.279386429469
0.279386429469
0.279386429469
0.279386429469
0.279386429469
0.279386429469
0.279386429469
0.279386429469
0.279386429469
0.279386429469
0.279386429469
0.279386429469
0.279386429469
0.279386429469
0.279386429469
0.279386429469
0.279386429469
0.279386429469
0.279386429469
0.279386429469
0.279386429469
0.279386429469
0.279386429469
0.279386429469
0.279386429469
0.279386429469
0.279386429469
0.279386429469
0.279386429469
0.279386429469
0.279386429469
0.279386429469
0.279386429469
0.279386429469
0.279386429469
0.279386429469
0.279386429469
0.279386429469
0.279386429469
0.279386429469
0.279386429469
0.279386429469
0.279386429469
0.279386429469
0.279386429469
0.279386429469
0.279386429469
0.279386429469
0.279386429469
0.279386429469
0.279386429469
0.279386429469
0.279386429469
0.279386429469
0.279386429469
0.279386429469
0.279386429469
0.279386429469
0.279386429469
0.279386429469
0.279386429469
0.279386429469
0.279386429469
0.279386429469
0.279386429469
0.279386429469
0.279386429469
0.279386429469
0.279386429469
0.279386429469
0.279386429469
0.279386429469
0.279386429469
0.279386429469
0.279386429469
0.279386429469
0.279386429469
0.279386429469
0.279386429469
0.279386429469
0.279386429469
0.279386429469
0.279386429469
0.279386429469
0.279386429469
0.279386429469
0.279386429469
0.279386429469
0.279386429469
0.279386429469
0.279386429469
0.279386429469
0.279386429469
0.279386429469
0.279386429469
0.279386429469
0.279386429469
0.279386429469
0.279386429469
0.279386429469
0.279386429469
0.279386429469
0.279386429469
0.279386429469
0.279386429469
0.279386429469
0.279386429469
0.279386429469
0.279386429469
0.279386429469
0.279386429469
0.279386429469
0.279386429469
0.279386429469
0.279386429469
0.279386429469
0.279386429469
0.279386429469
0.279386429469
0.279386429469
0.279386429469
0.279386429469
0.279386429469
0.279386429469
0.279386429469
0.279386429469
0.279386429469
0.279386429469
0.279386429469
0.279386429469
0.279386429469
0.279386429469
0.279386429469
0.279386429469
0.279386429469
0.279386429469
0.279386429469
0.279386429469
0.279386429469
0.279386429469
0.279386429469
0.279386429469
0.279386429469
0.279386429469
0.279386429469
0.279386429469
0.279386429469
0.279386429469
0.279386429469
0.279386429469
0.279386429469
0.279386429469
0.279386429469
0.279386429469
0.279386429469
0.279386429469
0.279386429469
0.279386429469
0.279386429469
0.279386429469
0.279386429469
0.279386429469
0.279386429469
0.279386429469
0.279386429469
0.279386429469
0.279386429469
0.279386429469
0.279386429469
0.279386429469
0.279386429469
0.279386429469
0.279386429469
0.279386429469
0.279386429469
0.279386429469
0.279386429469
0.279386429469
0.279386429469
0.279386429469
0.279386429469
0.279386429469
0.279386429469
0.279386429469
0.279386429469
0.279386429469
0.279386429469
0.279386429469
0.279386429469
0.279386429469
0.279386429469
0.279386429469
0.279386429469
0.279386429469
0.279386429469
0.279386429469
0.279386429469
0.279386429469
