0.41673603741
0.3298944683
0.300527205039
0.300527205039
0.30000200669
0.299595375571
0.299595375571
0.296951491712
0.296951491712
0.295750740081
0.291939041552
0.291939041552
0.291939041552
0.291939041552
0.291939041552
0.291939041552
0.291939041552
0.29140148096
0.29140148096
0.29140148096
0.289920953514
0.289920953514
0.289920953514
0.289920953514
0.289920953514
0.287579054032
0.287579054032
0.287579054032
0.287579054032
0.287579054032
0.287579054032
0.287579054032
0.287579054032
0.287579054032
0.287579054032
0.287579054032
0.287579054032
0.287579054032
0.287579054032
0.287579054032
0.287579054032
0.287579054032
0.287579054032
0.287579054032
0.287579054032
0.287579054032
0.287579054032
0.287579054032
0.287579054032
0.287579054032
0.287579054032
0.287579054032
0.287579054032
0.287579054032
0.287579054032
0.287579054032
0.287579054032
0.287579054032
0.287579054032
0.287579054032
0.287579054032
0.287579054032
0.287579054032
0.287579054032
0.287579054032
0.287579054032
0.287579054032
0.287579054032
0.287579054032
0.287579054032
0.287579054032
0.287579054032
0.287579054032
0.287579054032
0.287579054032
0.287579054032
0.287579054032
0.287579054032
0.287579054032
0.287579054032
0.287579054032
0.287579054032
0.287579054032
0.287579054032
0.287579054032
0.28575264604
0.28575264604
0.28575264604
0.28575264604
0.28575264604
0.28575264604
0.28575264604
0.28575264604
0.28575264604
0.28575264604
0.28575264604
0.28575264604
0.28575264604
0.28575264604
0.28575264604
0.28575264604
0.28575264604
0.28575264604
0.28575264604
0.28575264604
0.28575264604
0.28575264604
0.28575264604
0.28575264604
0.28575264604
0.28575264604
0.28575264604
0.28575264604
0.28575264604
0.28575264604
0.28575264604
0.28575264604
0.28575264604
0.28575264604
0.28575264604
0.28575264604
0.28575264604
0.28575264604
0.28575264604
0.28575264604
0.28575264604
0.28575264604
0.28575264604
0.28575264604
0.28575264604
0.28575264604
0.28575264604
0.28575264604
0.28575264604
0.28575264604
0.28575264604
0.28575264604
0.28575264604
0.28575264604
0.28575264604
0.28575264604
0.28575264604
0.28575264604
0.28575264604
0.28575264604
0.28575264604
0.28575264604
0.28575264604
0.28575264604
0.28575264604
0.28575264604
0.28575264604
0.28575264604
0.28575264604
0.28575264604
0.28575264604
0.28575264604
0.28575264604
0.28575264604
0.28575264604
0.28575264604
0.285453621421
0.285453621421
0.285453621421
0.285453621421
0.281658213525
0.281658213525
0.281658213525
0.281658213525
0.281658213525
0.281658213525
0.281658213525
0.281658213525
0.281658213525
0.281658213525
0.281658213525
0.281658213525
0.281658213525
0.281658213525
0.281658213525
0.281658213525
0.281658213525
0.281658213525
0.281658213525
0.281658213525
0.281658213525
0.281658213525
0.281658213525
0.281658213525
0.281658213525
0.281658213525
0.281658213525
0.281658213525
0.281658213525
0.281658213525
0.281658213525
0.281658213525
0.281658213525
0.281658213525
0.281658213525
0.281658213525
0.281658213525
0.281658213525
0.281658213525
0.281658213525
0.281658213525
0.281658213525
0.281658213525
0.281658213525
0.281658213525
0.281658213525
0.281658213525
0.281658213525
0.281658213525
0.281658213525
0.281658213525
0.281658213525
0.281658213525
0.281658213525
0.281658213525
0.281658213525
0.281658213525
0.281658213525
0.281658213525
0.281658213525
0.281658213525
0.281658213525
0.281658213525
0.281658213525
0.281658213525
0.281658213525
0.281658213525
0.281658213525
0.281658213525
0.281658213525
0.281658213525
0.281658213525
0.281658213525
0.281658213525
0.281658213525
0.281658213525
0.281658213525
0.281658213525
0.281658213525
0.281658213525
0.281658213525
0.281658213525
0.281658213525
0.281658213525
0.281658213525
0.281658213525
0.281658213525
0.281658213525
0.281658213525
0.281658213525
0.281658213525
0.281658213525
0.281658213525
0.281658213525
0.281658213525
0.281658213525
0.281658213525
0.281658213525
0.281658213525
0.281658213525
0.281658213525
0.281658213525
0.281658213525
0.281658213525
0.281658213525
0.281658213525
0.281658213525
0.281658213525
0.281658213525
0.281658213525
0.281658213525
0.281658213525
0.281658213525
0.281658213525
0.281658213525
0.281658213525
0.281658213525
0.281658213525
0.281658213525
0.281658213525
0.281658213525
0.281658213525
0.281658213525
0.281658213525
0.281658213525
0.281658213525
0.281658213525
0.281658213525
0.281658213525
0.281658213525
0.281658213525
0.281658213525
0.281658213525
0.281658213525
0.281658213525
0.281658213525
0.281658213525
0.281658213525
0.281658213525
0.281658213525
0.281658213525
0.281658213525
0.281658213525
0.281658213525
0.281658213525
0.281658213525
0.281658213525
0.281658213525
0.281658213525
0.281658213525
0.281658213525
0.281658213525
0.281658213525
0.281658213525
0.281658213525
0.281658213525
0.281658213525
0.281658213525
0.281658213525
0.281658213525
0.281658213525
0.281658213525
0.281658213525
0.281658213525
0.281658213525
0.281658213525
0.281658213525
0.281658213525
0.281658213525
0.281658213525
0.281658213525
0.281658213525
0.281658213525
0.281658213525
0.281658213525
0.281658213525
0.281658213525
0.281658213525
0.281658213525
0.281658213525
0.281658213525
0.281658213525
0.281658213525
0.281658213525
0.281658213525
0.281658213525
0.281658213525
0.281658213525
0.281658213525
0.281658213525
0.281658213525
0.281658213525
0.281658213525
0.281658213525
0.281658213525
0.281658213525
0.281658213525
0.281658213525
0.281658213525
0.281658213525
0.281658213525
0.281658213525
0.281658213525
0.281658213525
0.281658213525
0.281658213525
0.281658213525
0.281658213525
0.281658213525
0.281658213525
0.281658213525
0.281658213525
0.281658213525
0.281658213525
0.281658213525
0.281658213525
0.281658213525
0.281658213525
0.281658213525
0.281658213525
0.281658213525
0.281658213525
0.281658213525
0.281658213525
0.281658213525
0.281658213525
0.281658213525
0.281658213525
0.281658213525
0.281658213525
0.281658213525
0.281658213525
0.281658213525
0.281658213525
0.281658213525
