0.270786650607
0.235358186485
0.217737026998
0.199616599082
0.199616599082
0.199616599082
0.199616599082
0.199616599082
0.199616599082
0.199616599082
0.199616599082
0.199616599082
0.199616599082
0.199616599082
0.199616599082
0.199616599082
0.199616599082
0.199616599082
0.199616599082
0.199616599082
0.199616599082
0.199616599082
0.199616599082
0.199616599082
0.199616599082
0.199616599082
0.199616599082
0.199616599082
0.199616599082
0.199616599082
0.199616599082
0.199616599082
0.187018732879
0.187018732879
0.187018732879
0.187018732879
0.187018732879
0.187018732879
0.187018732879
0.187018732879
0.184733218849
0.184733218849
0.184733218849
0.184733218849
0.184733218849
0.184733218849
0.184733218849
0.184733218849
0.184733218849
0.184733218849
0.184733218849
0.184733218849
0.184733218849
0.184733218849
0.184733218849
0.184733218849
0.184733218849
0.184733218849
0.184733218849
0.184733218849
0.184733218849
0.184733218849
0.184733218849
0.184733218849
0.184733218849
0.184733218849
0.184733218849
0.184733218849
0.184733218849
0.184733218849
0.184733218849
0.184733218849
0.184733218849
0.184733218849
0.184733218849
0.184733218849
0.184733218849
0.184733218849
0.184733218849
0.184733218849
0.184733218849
0.184733218849
0.184733218849
0.184733218849
0.184733218849
0.184733218849
0.184733218849
0.184733218849
0.184733218849
0.184733218849
0.184733218849
0.184733218849
0.184733218849
0.184733218849
0.184733218849
0.184733218849
0.184733218849
0.184733218849
0.184733218849
0.184733218849
0.184733218849
0.182901067032
0.182901067032
0.182901067032
0.182901067032
0.182901067032
0.182901067032
0.182901067032
0.182901067032
0.182901067032
0.182901067032
0.182901067032
0.182901067032
0.182901067032
0.182901067032
0.182901067032
0.182901067032
0.182901067032
0.182901067032
0.182901067032
0.182901067032
0.182901067032
0.182901067032
0.182901067032
0.182901067032
0.182901067032
0.182901067032
0.182901067032
0.182901067032
0.182901067032
0.182901067032
0.182901067032
0.182901067032
0.182901067032
0.182901067032
0.182901067032
0.182901067032
0.182901067032
0.182901067032
0.182901067032
0.182901067032
0.182901067032
0.182901067032
0.182901067032
0.182901067032
0.182901067032
0.182901067032
0.182901067032
0.182901067032
0.182901067032
0.182901067032
0.182901067032
0.182901067032
0.182901067032
0.182901067032
0.182901067032
0.182901067032
0.182901067032
0.182901067032
0.182901067032
0.182901067032
0.182901067032
0.182901067032
0.182901067032
0.182901067032
0.182901067032
0.182901067032
0.182901067032
0.182901067032
0.182901067032
0.182901067032
0.182901067032
0.182901067032
0.182901067032
0.182901067032
0.182901067032
0.182901067032
0.182901067032
0.182901067032
0.182901067032
0.182901067032
0.182901067032
0.182901067032
0.182901067032
0.182901067032
0.182901067032
0.182901067032
0.182901067032
0.182901067032
0.182901067032
0.182901067032
0.182901067032
0.182901067032
0.182901067032
0.182901067032
0.182901067032
0.182901067032
0.182901067032
0.182901067032
0.182901067032
0.182901067032
0.182901067032
0.182901067032
0.182901067032
0.182901067032
0.182901067032
0.182901067032
0.182901067032
0.182901067032
0.182901067032
0.182901067032
0.182901067032
0.182901067032
0.182901067032
0.182901067032
0.182901067032
0.182901067032
0.182901067032
0.182901067032
0.182901067032
0.182901067032
0.182901067032
0.182901067032
0.182901067032
0.182901067032
0.182901067032
0.182901067032
0.182901067032
0.182901067032
0.182901067032
0.182901067032
0.182901067032
0.182901067032
0.182901067032
0.182901067032
0.182901067032
0.182901067032
0.182901067032
0.182901067032
0.182901067032
0.182901067032
0.182901067032
0.182901067032
0.182901067032
0.182901067032
0.182901067032
0.182901067032
0.182901067032
0.182901067032
0.182901067032
0.182901067032
0.182901067032
0.182901067032
0.182901067032
0.182901067032
0.182901067032
0.182901067032
0.182901067032
0.182901067032
0.182901067032
0.182901067032
0.182901067032
0.182901067032
0.182901067032
0.182901067032
0.182901067032
0.182901067032
0.182901067032
0.182901067032
0.182901067032
0.182901067032
0.182901067032
0.182901067032
0.182901067032
0.182901067032
0.182901067032
0.182901067032
0.182901067032
0.182901067032
0.182901067032
0.182901067032
0.182901067032
0.182901067032
0.182901067032
0.182901067032
0.182901067032
0.182901067032
0.182901067032
0.182901067032
0.182901067032
0.182901067032
0.182901067032
0.182901067032
0.182901067032
0.182901067032
0.182901067032
0.182901067032
0.182901067032
0.182901067032
0.182901067032
