0.291723864188
0.237724936517
0.204458763409
0.204458763409
0.204458763409
0.187992229316
0.187992229316
0.187992229316
0.187992229316
0.187992229316
0.187992229316
0.187992229316
0.187992229316
0.187992229316
0.187992229316
0.187992229316
0.187992229316
0.187992229316
0.187992229316
0.187992229316
0.187992229316
0.187992229316
0.187992229316
0.187992229316
0.187992229316
0.187992229316
0.187992229316
0.187992229316
0.187992229316
0.187992229316
0.187992229316
0.187992229316
0.187992229316
0.187992229316
0.187992229316
0.187992229316
0.187992229316
0.187992229316
0.187992229316
0.187992229316
0.187992229316
0.187992229316
0.187992229316
0.187992229316
0.187992229316
0.187992229316
0.187992229316
0.187992229316
0.187992229316
0.187992229316
0.187992229316
0.187992229316
0.187992229316
0.187992229316
0.187992229316
0.18680287761
0.18680287761
0.18680287761
0.18680287761
0.18680287761
0.18680287761
0.18680287761
0.18680287761
0.18680287761
0.18680287761
0.18680287761
0.18680287761
0.18680287761
0.18680287761
0.18680287761
0.18680287761
0.18680287761
0.18680287761
0.18680287761
0.18680287761
0.18680287761
0.18680287761
0.18680287761
0.18680287761
0.18680287761
0.18680287761
0.18680287761
0.18680287761
0.18680287761
0.18680287761
0.18680287761
0.18680287761
0.18680287761
0.18680287761
0.18680287761
0.18680287761
0.18680287761
0.18680287761
0.18680287761
0.18680287761
0.18680287761
0.18680287761
0.18680287761
0.18680287761
0.18680287761
0.18680287761
0.18680287761
0.18680287761
0.18680287761
0.18680287761
0.18680287761
0.18680287761
0.18680287761
0.18680287761
0.18680287761
0.18680287761
0.18680287761
0.18680287761
0.184217940233
0.184217940233
0.184217940233
0.184217940233
0.184217940233
0.184217940233
0.184217940233
0.184217940233
0.184217940233
0.184217940233
0.184217940233
0.184217940233
0.184217940233
0.184217940233
0.184217940233
0.184217940233
0.184217940233
0.184217940233
0.184217940233
0.184217940233
0.184217940233
0.184217940233
0.184217940233
0.184217940233
0.184217940233
0.184217940233
0.184217940233
0.184217940233
0.184217940233
0.184217940233
0.184217940233
0.184217940233
0.184217940233
0.184217940233
0.184217940233
0.184217940233
0.184217940233
0.184217940233
0.184217940233
0.184217940233
0.184217940233
0.184217940233
0.184217940233
0.184217940233
0.184217940233
0.184217940233
0.184217940233
0.184217940233
0.184217940233
0.184217940233
0.184217940233
0.184217940233
0.184217940233
0.184217940233
0.184217940233
0.184217940233
0.184217940233
0.184217940233
0.184217940233
0.184217940233
0.184217940233
0.184217940233
0.184217940233
0.184217940233
0.184217940233
0.184217940233
0.184217940233
0.184217940233
0.184217940233
0.184217940233
0.184217940233
0.184217940233
0.184217940233
0.184217940233
0.184217940233
0.184217940233
0.184217940233
0.184217940233
0.184217940233
0.184217940233
0.184217940233
0.184217940233
0.184217940233
0.184217940233
0.184217940233
0.184217940233
0.184217940233
0.184217940233
0.184217940233
0.184217940233
0.184217940233
0.184217940233
0.184217940233
0.184217940233
0.184217940233
0.184217940233
0.184217940233
0.184217940233
0.184217940233
0.184217940233
0.184217940233
0.184217940233
0.184217940233
0.184217940233
0.184217940233
0.184217940233
0.184217940233
0.184217940233
0.184217940233
0.184217940233
0.184217940233
0.184217940233
0.184217940233
0.184217940233
0.184217940233
0.184217940233
0.184217940233
0.184217940233
0.184217940233
0.184217940233
0.184217940233
0.184217940233
0.184217940233
0.184217940233
0.184217940233
0.184217940233
0.184217940233
0.184217940233
0.184217940233
0.184217940233
0.184217940233
0.184217940233
0.184217940233
0.184217940233
0.184217940233
0.184217940233
0.184217940233
0.184217940233
0.184217940233
0.184217940233
0.184217940233
0.184217940233
0.184217940233
0.184217940233
0.184217940233
0.184217940233
0.184217940233
0.184217940233
0.184217940233
0.184217940233
0.184217940233
0.184217940233
0.184217940233
0.184217940233
0.184217940233
0.184217940233
0.184217940233
0.184217940233
0.184217940233
0.184217940233
0.184217940233
0.184217940233
0.184217940233
0.184217940233
0.184217940233
0.184217940233
0.184217940233
0.184217940233
0.184217940233
0.184217940233
0.184217940233
0.184217940233
0.184217940233
0.184217940233
0.184217940233
0.184217940233
0.184217940233
0.184217940233
0.184217940233
0.184217940233
0.184217940233
0.184217940233
0.184217940233
0.184217940233
0.184217940233
0.184217940233
0.184217940233
