0.424049859326
0.320504577668
0.301557974917
0.301557974917
0.297241072719
0.29644086634
0.29644086634
0.29644086634
0.29644086634
0.29644086634
0.29644086634
0.29644086634
0.29644086634
0.29644086634
0.29644086634
0.29644086634
0.291463384549
0.291463384549
0.291463384549
0.291463384549
0.291463384549
0.291463384549
0.291463384549
0.291463384549
0.2888179592
0.2888179592
0.2888179592
0.2888179592
0.2888179592
0.2888179592
0.2888179592
0.2888179592
0.2888179592
0.2888179592
0.2888179592
0.2888179592
0.2888179592
0.2888179592
0.2888179592
0.2888179592
0.2888179592
0.2888179592
0.2888179592
0.2888179592
0.2888179592
0.2888179592
0.2888179592
0.2888179592
0.2888179592
0.2888179592
0.2888179592
0.287530442102
0.287530442102
0.287530442102
0.287530442102
0.287530442102
0.287530442102
0.287530442102
0.287530442102
0.287530442102
0.287530442102
0.287530442102
0.287530442102
0.287530442102
0.287530442102
0.287530442102
0.287530442102
0.28668156681
0.28668156681
0.28668156681
0.28668156681
0.28668156681
0.28668156681
0.28668156681
0.28668156681
0.28668156681
0.28668156681
0.28668156681
0.28668156681
0.28668156681
0.28668156681
0.28668156681
0.28668156681
0.28668156681
0.28668156681
0.28668156681
0.28668156681
0.28668156681
0.28668156681
0.28668156681
0.285695447934
0.285695447934
0.285695447934
0.285695447934
0.285695447934
0.285695447934
0.284148886123
0.284148886123
0.284148886123
0.284148886123
0.284148886123
0.284148886123
0.284148886123
0.284148886123
0.284148886123
0.284148886123
0.284148886123
0.284148886123
0.284148886123
0.284148886123
0.284148886123
0.284148886123
0.284148886123
0.284148886123
0.284148886123
0.284148886123
0.284148886123
0.284148886123
0.284148886123
0.284148886123
0.284148886123
0.284148886123
0.284148886123
0.284148886123
0.284148886123
0.284148886123
0.284148886123
0.284148886123
0.284148886123
0.284148886123
0.284148886123
0.284148886123
0.284148886123
0.284148886123
0.284148886123
0.284148886123
0.284148886123
0.284148886123
0.284148886123
0.284148886123
0.284148886123
0.284148886123
0.284148886123
0.284148886123
0.284148886123
0.284148886123
0.284148886123
0.284148886123
0.284148886123
0.284148886123
0.284148886123
0.284148886123
0.284148886123
0.284148886123
0.284148886123
0.284148886123
0.284148886123
0.284148886123
0.284148886123
0.284148886123
0.284148886123
0.284148886123
0.284148886123
0.284148886123
0.284148886123
0.284148886123
0.284148886123
0.284148886123
0.284148886123
0.284148886123
0.284148886123
0.284148886123
0.284148886123
0.284148886123
0.284148886123
0.284148886123
0.284148886123
0.284148886123
0.284148886123
0.284148886123
0.284148886123
0.284148886123
0.284148886123
0.284148886123
0.284148886123
0.284148886123
0.284148886123
0.284148886123
0.284148886123
0.284148886123
0.284148886123
0.284148886123
0.284148886123
0.284148886123
0.284148886123
0.284148886123
0.284148886123
0.284148886123
0.284148886123
0.284148886123
0.284148886123
0.284148886123
0.284148886123
0.284148886123
0.284148886123
0.284148886123
0.284148886123
0.284148886123
0.284148886123
0.284148886123
0.284148886123
0.284148886123
0.284148886123
0.284148886123
0.284148886123
0.284148886123
0.284148886123
0.284148886123
0.284148886123
0.284148886123
0.284148886123
0.284148886123
0.284148886123
0.284148886123
0.284148886123
0.284148886123
0.284148886123
0.284148886123
0.284148886123
0.284148886123
0.284148886123
0.284148886123
0.284148886123
0.284148886123
0.284148886123
0.284148886123
0.284148886123
0.284148886123
0.284148886123
0.284148886123
0.284148886123
0.284148886123
0.284148886123
0.284148886123
0.284148886123
0.284148886123
0.284148886123
0.284148886123
0.284148886123
0.284148886123
0.284148886123
0.284148886123
0.284148886123
0.284148886123
0.284148886123
0.284148886123
0.284148886123
0.284148886123
0.284148886123
0.284148886123
0.284148886123
0.284148886123
0.284148886123
0.284148886123
0.284148886123
0.284148886123
0.284148886123
0.284148886123
0.284148886123
0.284148886123
0.284148886123
0.284148886123
0.284148886123
0.284148886123
0.284148886123
0.284148886123
0.284148886123
0.284148886123
0.284148886123
0.284148886123
0.284148886123
0.284148886123
0.284148886123
0.284148886123
0.284148886123
0.284148886123
0.284148886123
0.284148886123
0.284148886123
0.284148886123
0.284148886123
0.284148886123
0.284148886123
0.284148886123
0.284148886123
0.284148886123
0.284148886123
0.284148886123
0.284148886123
0.284148886123
0.284148886123
0.284148886123
0.284148886123
0.284148886123
0.284148886123
0.284148886123
0.284148886123
0.284148886123
0.284148886123
0.284148886123
0.284148886123
0.284148886123
0.283172670501
0.283172670501
0.283172670501
0.283172670501
0.283172670501
0.283172670501
0.283172670501
0.283172670501
0.283172670501
0.283172670501
0.283172670501
0.283172670501
0.283172670501
0.283172670501
0.283172670501
0.283172670501
0.283172670501
0.283172670501
0.283172670501
0.283172670501
0.283172670501
0.283172670501
0.283172670501
0.283172670501
0.283172670501
0.283172670501
0.283172670501
0.283172670501
0.283172670501
0.283172670501
0.283172670501
0.283172670501
0.283172670501
0.2828535481
0.2828535481
0.2828535481
0.2828535481
0.2828535481
0.2828535481
0.2828535481
0.2828535481
0.2828535481
0.2828535481
0.2828535481
0.2828535481
0.2828535481
0.2828535481
0.2828535481
0.2828535481
0.2828535481
0.2828535481
0.2828535481
0.2828535481
0.2828535481
0.2828535481
0.2828535481
0.2828535481
0.2828535481
0.2828535481
0.2828535481
0.2828535481
0.2828535481
0.2828535481
0.2828535481
0.2828535481
0.2828535481
0.2828535481
0.2828535481
0.2828535481
0.2828535481
0.2828535481
0.2828535481
0.2828535481
0.2828535481
0.2828535481
0.2828535481
0.2828535481
0.2828535481
0.2828535481
0.2828535481
0.2828535481
0.2828535481
0.2828535481
0.2828535481
0.2828535481
0.2828535481
0.2828535481
0.2828535481
