0.30803156428
0.23267412883
0.226143355267
0.226143355267
0.219666544258
0.219666544258
0.219666544258
0.219666544258
0.212225116359
0.212225116359
0.212225116359
0.212225116359
0.212225116359
0.212225116359
0.212225116359
0.212225116359
0.212225116359
0.212225116359
0.208445638933
0.208445638933
0.208445638933
0.20494170866
0.200315447966
0.198034192095
0.198034192095
0.198034192095
0.198034192095
0.198034192095
0.198034192095
0.196474505603
0.196474505603
0.196474505603
0.196474505603
0.196474505603
0.196474505603
0.196474505603
0.196474505603
0.196474505603
0.196474505603
0.196474505603
0.196474505603
0.181451427664
0.181451427664
0.181451427664
0.181451427664
0.181451427664
0.181451427664
0.181451427664
0.181451427664
0.181451427664
0.181451427664
0.181451427664
0.181451427664
0.181451427664
0.181451427664
0.181451427664
0.181451427664
0.181451427664
0.181451427664
0.181451427664
0.181451427664
0.181451427664
0.181451427664
0.181451427664
0.181451427664
0.181451427664
0.181451427664
0.181451427664
0.181451427664
0.181451427664
0.181451427664
0.181451427664
0.181451427664
0.181451427664
0.181451427664
0.181451427664
0.181451427664
0.181451427664
0.181451427664
0.181451427664
0.181451427664
0.181451427664
0.181451427664
0.181451427664
0.181451427664
0.181451427664
0.181451427664
0.181451427664
0.181451427664
0.181451427664
0.181451427664
0.181451427664
0.181451427664
0.181451427664
0.181451427664
0.181451427664
0.181451427664
0.181451427664
0.181451427664
0.181451427664
0.181451427664
0.181451427664
0.181451427664
0.181451427664
0.181451427664
0.181451427664
0.181451427664
0.181451427664
0.181451427664
0.181451427664
0.181451427664
0.181451427664
0.181451427664
0.181451427664
0.181451427664
0.181451427664
0.181451427664
0.181451427664
0.181451427664
0.181451427664
0.181451427664
0.181451427664
0.181451427664
0.181451427664
0.181451427664
0.181451427664
0.181451427664
0.181451427664
0.181451427664
0.181451427664
0.181451427664
0.181451427664
0.181451427664
0.181451427664
0.181451427664
0.181451427664
0.181451427664
0.181451427664
0.181451427664
0.181451427664
0.181451427664
0.181451427664
0.181451427664
0.181451427664
0.181451427664
0.181451427664
0.181451427664
0.181451427664
0.181451427664
0.181451427664
0.181451427664
0.181451427664
0.181451427664
0.181451427664
0.181451427664
0.181451427664
0.181451427664
0.181451427664
0.181451427664
0.181451427664
0.181451427664
0.181451427664
0.181451427664
0.181451427664
0.181451427664
0.181451427664
0.181451427664
0.181451427664
0.181451427664
0.181451427664
0.181451427664
0.181451427664
0.181451427664
0.181451427664
0.181451427664
0.181451427664
0.181451427664
0.181451427664
0.181451427664
0.181451427664
0.181451427664
0.181451427664
0.181451427664
0.181451427664
0.181451427664
0.181451427664
0.181451427664
0.181451427664
0.181451427664
0.181451427664
0.181451427664
0.181451427664
0.181451427664
0.181451427664
0.181451427664
0.181451427664
0.181451427664
0.181451427664
0.181451427664
0.181451427664
0.181451427664
0.181451427664
0.181451427664
0.181451427664
0.181451427664
0.181451427664
0.181451427664
0.181451427664
0.181451427664
0.181451427664
0.181451427664
0.181451427664
0.181451427664
0.181451427664
0.181451427664
0.181451427664
0.181451427664
0.181451427664
0.181451427664
0.181451427664
0.181451427664
0.181451427664
0.181451427664
0.181451427664
0.181451427664
0.181451427664
0.181451427664
0.181451427664
0.181451427664
0.181451427664
0.181451427664
0.181451427664
0.181451427664
0.181451427664
0.181451427664
0.181451427664
0.181451427664
0.181451427664
0.181451427664
0.181451427664
0.181451427664
0.181451427664
0.181451427664
0.181451427664
0.181451427664
0.181451427664
0.181451427664
0.181451427664
0.181451427664
0.181451427664
0.181451427664
0.181451427664
0.181451427664
0.181451427664
0.181451427664
0.181451427664
0.181451427664
0.181451427664
0.181451427664
0.181451427664
0.181451427664
0.181451427664
0.181451427664
0.181451427664
0.181451427664
0.181451427664
0.181451427664
0.181451427664
0.181451427664
0.181451427664
0.181451427664
0.181451427664
0.181451427664
0.181451427664
0.181451427664
0.181451427664
0.181451427664
0.181451427664
0.181451427664
0.181451427664
0.181451427664
0.181451427664
0.181451427664
0.181451427664
0.181451427664
0.181451427664
0.181451427664
0.181451427664
0.181451427664
0.181451427664
0.181451427664
0.181451427664
0.181451427664
0.181451427664
0.181451427664
0.181451427664
0.181451427664
0.181451427664
0.181451427664
0.181451427664
