0.386596236137
0.330433038704
0.30209790093
0.30209790093
0.299612157003
0.297332939908
0.297332939908
0.285882401724
0.285882401724
0.285882401724
0.285882401724
0.285882401724
0.285882401724
0.285882401724
0.285882401724
0.285882401724
0.285882401724
0.285882401724
0.285882401724
0.285882401724
0.285882401724
0.285882401724
0.285882401724
0.285882401724
0.285882401724
0.285882401724
0.285882401724
0.285882401724
0.285882401724
0.285882401724
0.285882401724
0.285882401724
0.285882401724
0.285882401724
0.285882401724
0.285882401724
0.285882401724
0.285882401724
0.285882401724
0.285882401724
0.285882401724
0.285882401724
0.285882401724
0.285882401724
0.285882401724
0.285882401724
0.285882401724
0.285882401724
0.284535121066
0.284535121066
0.284535121066
0.284535121066
0.284535121066
0.284535121066
0.284535121066
0.284535121066
0.284535121066
0.284535121066
0.284535121066
0.284535121066
0.284535121066
0.284535121066
0.284535121066
0.284535121066
0.284535121066
0.284535121066
0.284535121066
0.284535121066
0.284535121066
0.284535121066
0.284535121066
0.284535121066
0.284535121066
0.284535121066
0.284535121066
0.284535121066
0.284535121066
0.284535121066
0.284535121066
0.283362147698
0.283362147698
0.283362147698
0.283362147698
0.283362147698
0.283362147698
0.283362147698
0.283362147698
0.283362147698
0.283362147698
0.283362147698
0.283362147698
0.283362147698
0.283362147698
0.283362147698
0.283362147698
0.283362147698
0.283362147698
0.283362147698
0.283362147698
0.283362147698
0.283362147698
0.283362147698
0.283362147698
0.283362147698
0.283362147698
0.283362147698
0.283362147698
0.283362147698
0.283362147698
0.283362147698
0.283362147698
0.283362147698
0.283362147698
0.283362147698
0.283362147698
0.283362147698
0.283362147698
0.283362147698
0.283362147698
0.283362147698
0.283362147698
0.283362147698
0.283362147698
0.283362147698
0.283362147698
0.283362147698
0.283362147698
0.283362147698
0.283362147698
0.283362147698
0.283362147698
0.283362147698
0.283362147698
0.283362147698
0.283362147698
0.283362147698
0.283362147698
0.283362147698
0.283362147698
0.283362147698
0.283362147698
0.283362147698
0.283362147698
0.283362147698
0.283362147698
0.283362147698
0.283362147698
0.283362147698
0.283362147698
0.283362147698
0.283362147698
0.283362147698
0.283362147698
0.283362147698
0.283362147698
0.283362147698
0.283362147698
0.283362147698
0.283362147698
0.283362147698
0.283362147698
0.283362147698
0.283362147698
0.283362147698
0.283362147698
0.283362147698
0.283362147698
0.283362147698
0.283362147698
0.283362147698
0.283362147698
0.283362147698
0.283362147698
0.283362147698
0.283362147698
0.283362147698
0.283362147698
0.283362147698
0.283362147698
0.283362147698
0.283362147698
0.283362147698
0.283362147698
0.283362147698
0.283362147698
0.283362147698
0.283362147698
0.283362147698
0.283362147698
0.283362147698
0.283362147698
0.283362147698
0.283362147698
0.283362147698
0.283362147698
0.283362147698
0.283362147698
0.283362147698
0.283362147698
0.283362147698
0.283362147698
0.283362147698
0.283362147698
0.283362147698
0.283362147698
0.283362147698
0.283362147698
0.283362147698
0.283362147698
0.283362147698
0.283362147698
0.283362147698
0.283362147698
0.283362147698
0.283362147698
0.283362147698
0.283362147698
0.283362147698
0.283362147698
0.283362147698
0.283362147698
0.283362147698
0.283362147698
0.283362147698
0.283362147698
0.283362147698
0.283362147698
0.283362147698
0.283362147698
0.283362147698
0.283362147698
0.283362147698
0.283362147698
0.283362147698
0.283362147698
0.283362147698
0.283362147698
0.283362147698
0.283362147698
0.283362147698
0.283362147698
0.283362147698
0.283362147698
0.283362147698
0.283362147698
0.283362147698
0.283362147698
0.283362147698
0.283362147698
0.283362147698
0.283362147698
0.283362147698
0.283362147698
0.283362147698
0.283362147698
0.283362147698
0.283362147698
0.283362147698
0.283362147698
0.283362147698
0.283362147698
0.283362147698
0.283362147698
0.283362147698
0.283362147698
0.283362147698
0.283362147698
0.283362147698
0.283362147698
0.283362147698
0.283362147698
0.283362147698
0.283362147698
0.283362147698
0.283362147698
0.283362147698
0.283362147698
0.283362147698
0.283362147698
0.283362147698
0.283362147698
0.283362147698
0.283362147698
0.283362147698
0.283362147698
0.283362147698
0.283362147698
0.283362147698
0.283362147698
0.283362147698
0.283362147698
0.283362147698
0.283362147698
0.283362147698
0.283362147698
0.283362147698
0.283362147698
0.283362147698
0.283362147698
0.283362147698
0.283362147698
0.283362147698
0.283362147698
0.283362147698
0.283362147698
0.283362147698
0.283362147698
0.283362147698
0.283362147698
0.283362147698
0.283362147698
0.283362147698
0.283362147698
0.283362147698
0.283362147698
0.283362147698
0.283362147698
0.283362147698
0.283362147698
0.283362147698
0.283362147698
0.283362147698
0.283362147698
0.283362147698
0.283362147698
0.283362147698
0.283362147698
0.283362147698
0.283362147698
0.283362147698
0.283362147698
0.283362147698
0.283362147698
0.283362147698
0.283362147698
0.283362147698
0.283362147698
0.283362147698
0.283362147698
0.283362147698
0.283362147698
0.283362147698
0.283362147698
0.283362147698
0.283362147698
0.283362147698
0.283362147698
0.283362147698
0.283362147698
0.283362147698
0.283362147698
0.283362147698
0.283362147698
0.283362147698
0.283362147698
0.283362147698
0.283362147698
0.283362147698
0.283362147698
0.283362147698
0.283362147698
0.283362147698
0.283362147698
0.283362147698
0.283362147698
0.283362147698
0.283362147698
0.283362147698
0.283362147698
0.283362147698
0.283362147698
0.283362147698
0.283362147698
0.283362147698
0.283362147698
0.283362147698
0.283362147698
0.283362147698
0.283362147698
0.283362147698
0.283362147698
0.283362147698
0.283079786953
0.283079786953
0.283079786953
0.283079786953
0.283079786953
0.283079786953
0.283079786953
0.283079786953
0.283079786953
0.283079786953
0.283079786953
0.283079786953
0.283079786953
0.283079786953
0.283079786953
0.283079786953
0.283079786953
0.283079786953
