0.43269653836
0.318012545619
0.307811510494
0.305351096763
0.298456320163
0.29785258662
0.29785258662
0.29785258662
0.29785258662
0.289734537838
0.289734537838
0.289734537838
0.289734537838
0.289734537838
0.289734537838
0.289734537838
0.289734537838
0.289734537838
0.289734537838
0.289734537838
0.289734537838
0.289734537838
0.289734537838
0.289734537838
0.289734537838
0.289734537838
0.287452297523
0.287452297523
0.287452297523
0.287452297523
0.287452297523
0.287452297523
0.287452297523
0.287452297523
0.287452297523
0.287452297523
0.287452297523
0.287452297523
0.287452297523
0.287452297523
0.287452297523
0.287452297523
0.287452297523
0.287452297523
0.287452297523
0.287452297523
0.287452297523
0.287452297523
0.287452297523
0.287452297523
0.286970819792
0.286937942211
0.286937942211
0.286937942211
0.286937942211
0.286937942211
0.286937942211
0.286937942211
0.286937942211
0.286937942211
0.285066882497
0.285066882497
0.285066882497
0.285066882497
0.285066882497
0.285066882497
0.285066882497
0.285066882497
0.285066882497
0.285066882497
0.285066882497
0.285066882497
0.285066882497
0.285066882497
0.285066882497
0.285066882497
0.285066882497
0.285066882497
0.285066882497
0.285066882497
0.285066882497
0.285066882497
0.285066882497
0.285066882497
0.285066882497
0.285066882497
0.285066882497
0.285066882497
0.285066882497
0.285066882497
0.285066882497
0.285066882497
0.284352268904
0.284352268904
0.284352268904
0.284352268904
0.284352268904
0.284352268904
0.284352268904
0.284352268904
0.284352268904
0.284352268904
0.284352268904
0.284352268904
0.284352268904
0.284352268904
0.284352268904
0.284352268904
0.284352268904
0.284352268904
0.284352268904
0.284352268904
0.284352268904
0.284352268904
0.284352268904
0.284352268904
0.284352268904
0.284352268904
0.284352268904
0.284352268904
0.284352268904
0.284352268904
0.284352268904
0.284352268904
0.284352268904
0.284352268904
0.284352268904
0.284352268904
0.284352268904
0.284352268904
0.282631629748
0.282631629748
0.282631629748
0.282631629748
0.282631629748
0.282631629748
0.282631629748
0.282631629748
0.282631629748
0.282631629748
0.282631629748
0.282631629748
0.282631629748
0.282631629748
0.282631629748
0.282631629748
0.282631629748
0.282631629748
0.282631629748
0.282631629748
0.282631629748
0.282631629748
0.282631629748
0.282631629748
0.282631629748
0.282631629748
0.280881661021
0.280881661021
0.280881661021
0.280881661021
0.280881661021
0.280881661021
0.280881661021
0.280881661021
0.280881661021
0.280881661021
0.280881661021
0.280881661021
0.280881661021
0.280881661021
0.280881661021
0.280881661021
0.280881661021
0.280881661021
0.280881661021
0.280881661021
0.280881661021
0.280881661021
0.280881661021
0.280881661021
0.280881661021
0.280881661021
0.280881661021
0.280881661021
0.280881661021
0.280881661021
0.280881661021
0.280881661021
0.280881661021
0.280881661021
0.280881661021
0.280881661021
0.280881661021
0.280881661021
0.280881661021
0.280881661021
0.280881661021
0.280881661021
0.280881661021
0.280881661021
0.280881661021
0.280881661021
0.280881661021
0.280881661021
0.280881661021
0.280881661021
0.280881661021
0.280881661021
0.280881661021
0.280881661021
0.280881661021
0.280881661021
0.280881661021
0.280881661021
0.280881661021
0.280881661021
0.280881661021
0.280881661021
0.280881661021
0.280881661021
0.280881661021
0.280881661021
0.280881661021
0.280881661021
0.280881661021
0.280881661021
0.280881661021
0.280881661021
0.280881661021
0.280881661021
0.280881661021
0.280881661021
0.280881661021
0.280881661021
0.280881661021
0.280881661021
0.280881661021
0.280881661021
0.280881661021
0.280881661021
0.280881661021
0.280881661021
0.280881661021
0.280881661021
0.280881661021
0.280881661021
0.280881661021
0.280881661021
0.280881661021
0.280881661021
0.280881661021
0.280881661021
0.280881661021
0.280881661021
0.280881661021
0.280881661021
0.280881661021
0.280881661021
0.280881661021
0.280881661021
0.280881661021
0.280881661021
0.280881661021
0.280881661021
0.280881661021
0.280881661021
0.280881661021
0.280881661021
0.280881661021
0.280881661021
0.280881661021
0.280881661021
0.280881661021
0.280881661021
0.280881661021
0.280881661021
0.280881661021
0.280881661021
0.280881661021
0.280881661021
0.280881661021
0.280881661021
0.280881661021
0.280881661021
0.280881661021
0.280881661021
0.280881661021
0.280881661021
0.280881661021
0.280881661021
0.280881661021
0.280881661021
0.280881661021
0.280881661021
0.280881661021
0.280881661021
0.280881661021
0.280881661021
0.280881661021
0.280881661021
0.280881661021
0.280881661021
0.280881661021
0.280881661021
0.280881661021
0.280881661021
0.280881661021
0.280881661021
0.280881661021
0.280881661021
0.280881661021
0.280881661021
0.280881661021
0.280881661021
0.280881661021
0.280881661021
0.280881661021
0.280881661021
0.280881661021
0.280881661021
0.280881661021
0.280881661021
0.280881661021
0.280881661021
0.280881661021
0.280881661021
0.280881661021
0.280881661021
0.280881661021
0.280881661021
0.280881661021
0.280881661021
0.280881661021
0.280881661021
0.280881661021
0.280881661021
0.280881661021
0.280881661021
0.280881661021
0.280881661021
0.280881661021
0.280881661021
0.280881661021
0.280881661021
0.280881661021
0.280881661021
0.280881661021
0.280881661021
0.280881661021
0.280881661021
0.280881661021
0.280881661021
0.280881661021
0.280881661021
0.280881661021
0.280881661021
0.280881661021
0.280881661021
0.280881661021
0.280881661021
0.280881661021
0.280881661021
0.280881661021
0.280881661021
0.280881661021
0.280881661021
0.280881661021
0.280881661021
0.280881661021
0.280881661021
0.280881661021
0.280881661021
0.280881661021
0.280881661021
0.280881661021
0.280881661021
0.280881661021
0.280881661021
0.280881661021
0.280881661021
0.280881661021
0.280881661021
0.280881661021
0.280881661021
0.280881661021
0.280881661021
0.280881661021
0.280881661021
0.280881661021
0.280881661021
0.280881661021
0.280881661021
0.280881661021
0.280881661021
0.280881661021
0.280881661021
0.280881661021
0.280881661021
0.280881661021
0.280881661021
