0.380444792032
0.320650057678
0.303899528016
0.303899528016
0.298494336511
0.298494336511
0.298494336511
0.294414790216
0.294414790216
0.294414790216
0.291661030645
0.291661030645
0.291661030645
0.291661030645
0.291320153867
0.291320153867
0.291320153867
0.291320153867
0.291320153867
0.291320153867
0.291320153867
0.291320153867
0.291320153867
0.291320153867
0.291320153867
0.291320153867
0.291320153867
0.291320153867
0.291320153867
0.291320153867
0.291320153867
0.291320153867
0.291320153867
0.291320153867
0.291320153867
0.291320153867
0.291320153867
0.291320153867
0.291320153867
0.291320153867
0.291320153867
0.289936999258
0.289936999258
0.289936999258
0.289936999258
0.285967924543
0.285967924543
0.285967924543
0.285967924543
0.285967924543
0.285967924543
0.285967924543
0.285967924543
0.285967924543
0.285967924543
0.285967924543
0.285967924543
0.285967924543
0.285967924543
0.285967924543
0.285967924543
0.285967924543
0.285967924543
0.285967924543
0.285967924543
0.285967924543
0.285967924543
0.285967924543
0.285967924543
0.285967924543
0.285967924543
0.285967924543
0.285967924543
0.285967924543
0.285967924543
0.285967924543
0.285967924543
0.285967924543
0.285967924543
0.285967924543
0.285967924543
0.285967924543
0.285967924543
0.285967924543
0.285967924543
0.285967924543
0.285967924543
0.285967924543
0.285967924543
0.285574859661
0.285574859661
0.285574859661
0.285574859661
0.285574859661
0.285574859661
0.285574859661
0.285574859661
0.285574859661
0.285574859661
0.285574859661
0.285574859661
0.285574859661
0.285574859661
0.285574859661
0.285574859661
0.285574859661
0.285574859661
0.285574859661
0.285574859661
0.285574859661
0.285574859661
0.284690614656
0.284690614656
0.284690614656
0.284690614656
0.284690614656
0.284690614656
0.284690614656
0.284690614656
0.284690614656
0.284690614656
0.284690614656
0.284690614656
0.284690614656
0.284690614656
0.284690614656
0.284690614656
0.284690614656
0.284690614656
0.284690614656
0.284690614656
0.284690614656
0.284690614656
0.284690614656
0.284690614656
0.284690614656
0.284690614656
0.284690614656
0.284690614656
0.284690614656
0.284690614656
0.284690614656
0.284690614656
0.284690614656
0.284690614656
0.284690614656
0.284690614656
0.284690614656
0.284690614656
0.284690614656
0.284690614656
0.284690614656
0.284690614656
0.284690614656
0.284690614656
0.284690614656
0.284690614656
0.284690614656
0.284690614656
0.284690614656
0.284690614656
0.284690614656
0.284690614656
0.284690614656
0.284690614656
0.284690614656
0.284690614656
0.284690614656
0.284690614656
0.284690614656
0.284690614656
0.284690614656
0.284690614656
0.284690614656
0.284690614656
0.284690614656
0.284690614656
0.284690614656
0.284690614656
0.284690614656
0.284690614656
0.284690614656
0.284690614656
0.284690614656
0.284690614656
0.284690614656
0.284690614656
0.284690614656
0.284690614656
0.284690614656
0.284690614656
0.284690614656
0.284690614656
0.284690614656
0.284690614656
0.284690614656
0.284690614656
0.284690614656
0.284690614656
0.284690614656
0.284690614656
0.284690614656
0.284690614656
0.284690614656
0.284690614656
0.284690614656
0.284690614656
0.284690614656
0.284690614656
0.284690614656
0.284690614656
0.284690614656
0.284690614656
0.284690614656
0.284690614656
0.284690614656
0.284690614656
0.284690614656
0.284690614656
0.284690614656
0.284690614656
0.284690614656
0.284690614656
0.284690614656
0.284690614656
0.284690614656
0.284690614656
0.284690614656
0.284690614656
0.284690614656
0.284690614656
0.284690614656
0.284690614656
0.284690614656
0.284690614656
0.284690614656
0.284690614656
0.284690614656
0.284690614656
0.284690614656
0.284690614656
0.284690614656
0.284690614656
0.284690614656
0.284690614656
0.284690614656
0.284690614656
0.284690614656
0.284690614656
0.284690614656
0.284690614656
0.284690614656
0.284690614656
0.284690614656
0.284690614656
0.284690614656
0.284690614656
0.284690614656
0.284690614656
0.284690614656
0.284690614656
0.284690614656
0.284690614656
0.284560134974
0.284560134974
0.284560134974
0.284560134974
0.284560134974
0.284560134974
0.284560134974
0.284560134974
0.284560134974
0.284560134974
0.284560134974
0.284560134974
0.284560134974
0.284560134974
0.284560134974
0.284560134974
0.284560134974
0.284560134974
0.284560134974
0.284560134974
0.284560134974
0.284560134974
0.284560134974
0.284560134974
0.284560134974
0.284560134974
0.284560134974
0.284560134974
0.284560134974
0.284560134974
0.284560134974
0.284560134974
0.284560134974
0.284560134974
0.284560134974
0.284560134974
0.284560134974
0.284560134974
0.284560134974
0.284560134974
0.284560134974
0.284560134974
0.284560134974
0.284560134974
0.284560134974
0.284560134974
0.284560134974
0.284560134974
0.284560134974
0.284560134974
0.284560134974
0.284560134974
0.284560134974
0.284560134974
0.284560134974
0.284560134974
0.284560134974
0.284560134974
0.284560134974
0.284560134974
0.284560134974
0.284560134974
0.284560134974
0.284560134974
0.284560134974
0.284560134974
0.284560134974
0.284560134974
0.284560134974
0.284560134974
0.284560134974
0.284560134974
0.284560134974
0.284560134974
0.284560134974
0.284560134974
0.284560134974
0.284560134974
0.284560134974
0.284560134974
0.284560134974
0.284560134974
0.284560134974
0.284560134974
0.284560134974
0.284560134974
0.284560134974
0.284560134974
0.284560134974
0.284560134974
0.284560134974
0.284560134974
0.284560134974
0.284560134974
0.284560134974
0.284560134974
0.284560134974
0.284560134974
0.284560134974
0.284560134974
0.284560134974
0.284560134974
0.284560134974
0.284560134974
0.284560134974
0.284560134974
0.284560134974
0.284560134974
0.284560134974
0.284560134974
0.284560134974
0.284560134974
0.284560134974
0.284560134974
0.284560134974
0.284560134974
0.284560134974
0.284560134974
0.284560134974
0.284560134974
0.284560134974
0.284560134974
0.284560134974
0.284560134974
0.284560134974
0.284560134974
0.284560134974
0.284560134974
0.284560134974
0.284560134974
0.284560134974
0.284560134974
0.284560134974
0.284560134974
0.284560134974
0.284560134974
0.284560134974
