0.419052790869
0.321068888799
0.307287023468
0.302854620074
0.301636138185
0.297667925955
0.297667925955
0.297667925955
0.290732139545
0.290732139545
0.290732139545
0.290732139545
0.290732139545
0.290732139545
0.290732139545
0.290732139545
0.290732139545
0.290732139545
0.290732139545
0.290732139545
0.290732139545
0.290732139545
0.290732139545
0.290732139545
0.290732139545
0.290732139545
0.290732139545
0.290732139545
0.290732139545
0.290732139545
0.290732139545
0.290732139545
0.290732139545
0.290732139545
0.290732139545
0.290732139545
0.290732139545
0.290732139545
0.290732139545
0.290732139545
0.290732139545
0.290732139545
0.290732139545
0.290732139545
0.290732139545
0.290732139545
0.290732139545
0.290732139545
0.290732139545
0.290732139545
0.290732139545
0.290732139545
0.290732139545
0.290732139545
0.290732139545
0.290732139545
0.290732139545
0.290732139545
0.290732139545
0.290732139545
0.290560853725
0.288579827334
0.288579827334
0.288579827334
0.288579827334
0.288579827334
0.288579827334
0.288579827334
0.288579827334
0.288579827334
0.288579827334
0.288579827334
0.288579827334
0.288579827334
0.288579827334
0.288579827334
0.288579827334
0.288579827334
0.288579827334
0.288579827334
0.288579827334
0.288579827334
0.288579827334
0.288579827334
0.288579827334
0.288579827334
0.288579827334
0.288579827334
0.288579827334
0.288579827334
0.288579827334
0.288579827334
0.288579827334
0.288579827334
0.288579827334
0.288579827334
0.288579827334
0.288579827334
0.288579827334
0.288579827334
0.288579827334
0.288579827334
0.288579827334
0.288579827334
0.288579827334
0.288579827334
0.288579827334
0.288579827334
0.288579827334
0.288579827334
0.288579827334
0.288579827334
0.288579827334
0.288579827334
0.288579827334
0.288579827334
0.288579827334
0.288579827334
0.288579827334
0.288579827334
0.288579827334
0.288579827334
0.288579827334
0.288579827334
0.288579827334
0.288579827334
0.288579827334
0.288579827334
0.288579827334
0.288579827334
0.288579827334
0.288579827334
0.288579827334
0.288579827334
0.288579827334
0.288579827334
0.288579827334
0.288579827334
0.288579827334
0.288579827334
0.288579827334
0.283588255351
0.283588255351
0.283588255351
0.283588255351
0.283588255351
0.283588255351
0.283588255351
0.283588255351
0.283588255351
0.283588255351
0.283588255351
0.283588255351
0.283588255351
0.283588255351
0.283588255351
0.283588255351
0.283588255351
0.283588255351
0.283588255351
0.283588255351
0.283588255351
0.283588255351
0.283588255351
0.283588255351
0.283588255351
0.283588255351
0.283588255351
0.283588255351
0.283588255351
0.283588255351
0.283588255351
0.283588255351
0.283588255351
0.283588255351
0.283588255351
0.283588255351
0.283588255351
0.283588255351
0.283588255351
0.283588255351
0.283588255351
0.283588255351
0.283588255351
0.283588255351
0.283588255351
0.283588255351
0.283588255351
0.283588255351
0.283588255351
0.283588255351
0.283588255351
0.283588255351
0.283588255351
0.283588255351
0.283588255351
0.283588255351
0.283588255351
0.283588255351
0.283588255351
0.283588255351
0.283588255351
0.283588255351
0.283588255351
0.283588255351
0.283588255351
0.283588255351
0.283588255351
0.283588255351
0.283588255351
0.281524445846
0.281524445846
0.281524445846
0.281524445846
0.281524445846
0.281524445846
0.281524445846
0.281524445846
0.281524445846
0.281524445846
0.281524445846
0.281524445846
0.281524445846
0.281524445846
0.281524445846
0.281524445846
0.281524445846
0.281524445846
0.281524445846
0.281524445846
0.281524445846
0.281524445846
0.281524445846
0.281524445846
0.281524445846
0.281524445846
0.281524445846
0.281524445846
0.281524445846
0.281524445846
0.281524445846
0.281524445846
0.281524445846
0.281524445846
0.281524445846
0.281524445846
0.281524445846
0.281524445846
0.281524445846
0.281524445846
0.281524445846
0.281524445846
0.281524445846
0.281524445846
0.281524445846
0.281524445846
0.281524445846
0.281524445846
0.281524445846
0.281524445846
0.281524445846
0.281524445846
0.281524445846
0.281524445846
0.281524445846
0.281524445846
0.281524445846
0.281524445846
0.281524445846
0.281524445846
0.281524445846
0.281524445846
0.281524445846
0.281524445846
0.281524445846
0.281524445846
0.281524445846
0.281524445846
0.281524445846
0.281524445846
0.281524445846
0.281524445846
0.281524445846
0.281524445846
0.281524445846
0.281524445846
0.281524445846
0.281524445846
0.281524445846
0.281524445846
0.281524445846
0.281524445846
0.281524445846
0.281524445846
0.281524445846
0.281524445846
0.281524445846
0.281524445846
0.281524445846
0.281524445846
0.281524445846
0.281524445846
0.281524445846
0.281524445846
0.281524445846
0.281524445846
0.281524445846
0.281524445846
0.281524445846
0.281524445846
0.281524445846
0.281524445846
0.281524445846
0.281524445846
0.281524445846
0.281524445846
0.281524445846
0.281524445846
0.281524445846
0.281524445846
0.281524445846
0.281524445846
0.281524445846
0.281524445846
0.281524445846
0.281524445846
0.281524445846
0.281524445846
0.281524445846
0.281524445846
0.281524445846
0.281524445846
0.281524445846
0.281524445846
0.281524445846
0.281524445846
0.281524445846
0.281524445846
0.281524445846
0.281524445846
0.281524445846
0.281524445846
0.281524445846
0.281524445846
0.281524445846
0.281524445846
0.281524445846
0.281524445846
0.281524445846
0.281524445846
0.281524445846
0.281524445846
0.281524445846
0.281524445846
0.281524445846
0.281524445846
0.281524445846
0.281524445846
0.281524445846
0.281524445846
0.281524445846
0.281524445846
0.281524445846
0.281524445846
0.281524445846
0.281524445846
0.281524445846
0.281524445846
0.281524445846
0.281524445846
0.281524445846
0.281524445846
0.281524445846
0.281524445846
0.281524445846
0.281524445846
0.281524445846
0.281524445846
0.281524445846
0.281524445846
0.281524445846
0.281524445846
0.281524445846
0.281524445846
0.281524445846
0.281524445846
0.281524445846
0.281524445846
0.281524445846
0.281524445846
0.281524445846
0.281524445846
0.281524445846
0.281524445846
0.281524445846
0.281524445846
0.281524445846
0.281524445846
0.281524445846
0.281524445846
