0.372986126272
0.315035839744
0.299121371948
0.299121371948
0.297305437885
0.297305437885
0.297305437885
0.297139403266
0.297139403266
0.297139403266
0.294676416201
0.294676416201
0.294676416201
0.294676416201
0.294676416201
0.294676416201
0.294676416201
0.294676416201
0.294676416201
0.294676416201
0.294676416201
0.294676416201
0.28885679267
0.28885679267
0.28885679267
0.28885679267
0.28885679267
0.28885679267
0.28885679267
0.28885679267
0.28885679267
0.28885679267
0.28885679267
0.28885679267
0.28885679267
0.28885679267
0.28885679267
0.28885679267
0.28885679267
0.28885679267
0.28885679267
0.28885679267
0.28885679267
0.28885679267
0.28885679267
0.28885679267
0.28885679267
0.28885679267
0.28885679267
0.28885679267
0.28885679267
0.28885679267
0.28885679267
0.28885679267
0.28885679267
0.28885679267
0.28885679267
0.28885679267
0.28885679267
0.28885679267
0.28885679267
0.28885679267
0.28885679267
0.28885679267
0.28885679267
0.28885679267
0.28885679267
0.28885679267
0.28885679267
0.28885679267
0.28885679267
0.28885679267
0.28885679267
0.28885679267
0.28885679267
0.28885679267
0.28885679267
0.28885679267
0.28885679267
0.28885679267
0.28885679267
0.28885679267
0.28885679267
0.28885679267
0.28885679267
0.28885679267
0.28885679267
0.28885679267
0.288377688307
0.288377688307
0.288377688307
0.288377688307
0.288377688307
0.288377688307
0.288377688307
0.288377688307
0.288377688307
0.288377688307
0.288377688307
0.288377688307
0.288377688307
0.288377688307
0.288377688307
0.288377688307
0.288377688307
0.288377688307
0.28769182406
0.28769182406
0.28769182406
0.28769182406
0.28769182406
0.28769182406
0.28769182406
0.28769182406
0.28769182406
0.28769182406
0.28769182406
0.28769182406
0.28769182406
0.28769182406
0.28769182406
0.28769182406
0.28769182406
0.28769182406
0.28769182406
0.28769182406
0.28769182406
0.28769182406
0.28769182406
0.28769182406
0.28769182406
0.28769182406
0.28769182406
0.28769182406
0.28769182406
0.28769182406
0.28769182406
0.28769182406
0.28769182406
0.28769182406
0.28769182406
0.28769182406
0.28769182406
0.28769182406
0.28769182406
0.28769182406
0.28769182406
0.28769182406
0.28769182406
0.28769182406
0.28769182406
0.28708948569
0.28708948569
0.28708948569
0.28708948569
0.28708948569
0.28708948569
0.28708948569
0.28708948569
0.28708948569
0.28708948569
0.28708948569
0.28708948569
0.28708948569
0.28708948569
0.28708948569
0.28708948569
0.28708948569
0.28708948569
0.28708948569
0.28708948569
0.28708948569
0.28708948569
0.28708948569
0.28708948569
0.28708948569
0.28708948569
0.28708948569
0.28708948569
0.28708948569
0.28708948569
0.28708948569
0.28708948569
0.28708948569
0.28708948569
0.28708948569
0.28708948569
0.28708948569
0.28708948569
0.28708948569
0.28708948569
0.28708948569
0.28708948569
0.28708948569
0.28708948569
0.28708948569
0.28708948569
0.28708948569
0.28708948569
0.28708948569
0.28708948569
0.28708948569
0.28708948569
0.28708948569
0.28708948569
0.28708948569
0.28708948569
0.28708948569
0.28708948569
0.28708948569
0.28708948569
0.28708948569
0.28708948569
0.28708948569
0.28708948569
0.28708948569
0.28708948569
0.28708948569
0.28708948569
0.28708948569
0.28708948569
0.28708948569
0.28708948569
0.28708948569
0.28708948569
0.28708948569
0.28708948569
0.28708948569
0.28708948569
0.28708948569
0.28708948569
0.28708948569
0.28708948569
0.28708948569
0.28708948569
0.28708948569
0.28708948569
0.28708948569
0.28708948569
0.28708948569
0.28708948569
0.28708948569
0.28708948569
0.28708948569
0.28708948569
0.28708948569
0.28708948569
0.28708948569
0.28708948569
0.28708948569
0.28708948569
0.28708948569
0.28708948569
0.28708948569
0.28708948569
0.28708948569
0.28708948569
0.28708948569
0.28708948569
0.28708948569
0.28708948569
0.28708948569
0.28708948569
0.28708948569
0.28708948569
0.28708948569
0.28708948569
0.28708948569
0.28708948569
0.28708948569
0.28708948569
0.28708948569
0.28708948569
0.28708948569
0.28708948569
0.28708948569
0.28708948569
0.28708948569
0.28708948569
0.28708948569
0.28708948569
0.28708948569
0.28708948569
0.28708948569
0.28708948569
0.28708948569
0.28708948569
0.28708948569
0.28708948569
0.28708948569
0.28708948569
0.28708948569
0.28708948569
0.28708948569
0.28708948569
0.28708948569
0.28708948569
0.28708948569
0.28708948569
0.28708948569
0.28708948569
0.281869184574
0.281869184574
0.281869184574
0.281869184574
0.281869184574
0.281869184574
0.281869184574
0.281869184574
0.281869184574
0.281869184574
0.281869184574
0.281869184574
0.281869184574
0.281869184574
0.281869184574
0.281869184574
0.281869184574
0.281869184574
0.281869184574
0.281869184574
0.281869184574
0.281869184574
0.281869184574
0.281869184574
0.281869184574
0.281869184574
0.281869184574
0.281869184574
0.281869184574
0.281869184574
0.281869184574
0.281869184574
0.281869184574
0.281869184574
0.281869184574
0.281869184574
0.281869184574
0.281869184574
0.281869184574
0.281869184574
0.281869184574
0.281869184574
0.281869184574
0.281869184574
0.281869184574
0.281869184574
0.281869184574
0.281869184574
0.281869184574
0.281869184574
0.281869184574
0.281869184574
0.281869184574
0.281869184574
0.281869184574
0.281869184574
0.281869184574
0.281869184574
0.281869184574
0.281869184574
0.281869184574
0.281869184574
0.281869184574
0.281869184574
0.281869184574
0.281869184574
0.281869184574
0.281869184574
0.281869184574
0.281869184574
0.281869184574
0.281869184574
0.281869184574
0.281869184574
0.281869184574
0.281869184574
0.281869184574
0.281869184574
0.281869184574
0.281869184574
0.281869184574
0.281869184574
0.281869184574
0.281869184574
0.281869184574
0.281869184574
0.281869184574
0.281869184574
0.281869184574
0.281869184574
0.281869184574
0.281869184574
0.281869184574
0.281869184574
0.281869184574
0.281869184574
0.281869184574
0.281869184574
0.281869184574
