0.330166027605
0.233931357368
0.207698565535
0.206388169468
0.206388169468
0.197868287032
0.197868287032
0.196690279026
0.196690279026
0.19489541354
0.19489541354
0.19489541354
0.19489541354
0.19489541354
0.19489541354
0.19489541354
0.19489541354
0.19489541354
0.19489541354
0.19489541354
0.19489541354
0.189599945347
0.189599945347
0.189599945347
0.189599945347
0.189599945347
0.189599945347
0.189599945347
0.189599945347
0.189599945347
0.189599945347
0.189599945347
0.189599945347
0.189599945347
0.189599945347
0.189599945347
0.189599945347
0.189599945347
0.189599945347
0.189599945347
0.189599945347
0.189599945347
0.189599945347
0.189599945347
0.189599945347
0.189599945347
0.189599945347
0.189599945347
0.189599945347
0.189599945347
0.189599945347
0.189599945347
0.189599945347
0.189599945347
0.189599945347
0.189599945347
0.189599945347
0.189599945347
0.189599945347
0.189599945347
0.189599945347
0.189599945347
0.189599945347
0.189599945347
0.189599945347
0.189599945347
0.189599945347
0.189599945347
0.189599945347
0.189599945347
0.189599945347
0.189599945347
0.189599945347
0.189599945347
0.189599945347
0.189599945347
0.189599945347
0.189599945347
0.189599945347
0.189599945347
0.189599945347
0.189599945347
0.189599945347
0.189599945347
0.189599945347
0.189599945347
0.189599945347
0.189599945347
0.189599945347
0.189599945347
0.189599945347
0.189599945347
0.189599945347
0.189599945347
0.189599945347
0.189599945347
0.189599945347
0.189599945347
0.189599945347
0.189599945347
0.189599945347
0.189599945347
0.189599945347
0.189599945347
0.189599945347
0.189599945347
0.189599945347
0.189599945347
0.189599945347
0.189599945347
0.189599945347
0.189599945347
0.189599945347
0.189599945347
0.189599945347
0.189599945347
0.189599945347
0.189599945347
0.189599945347
0.189599945347
0.189599945347
0.189599945347
0.189599945347
0.189599945347
0.189599945347
0.189599945347
0.189599945347
0.189599945347
0.189599945347
0.189599945347
0.189599945347
0.189599945347
0.189599945347
0.189599945347
0.189599945347
0.189599945347
0.189599945347
0.189599945347
0.189599945347
0.189599945347
0.189599945347
0.189599945347
0.189599945347
0.189599945347
0.189599945347
0.189599945347
0.189599945347
0.189599945347
0.189599945347
0.189599945347
0.189599945347
0.189599945347
0.189599945347
0.189599945347
0.189599945347
0.189599945347
0.189599945347
0.189599945347
0.189599945347
0.189599945347
0.189599945347
0.189599945347
0.189599945347
0.189599945347
0.189599945347
0.189599945347
0.189599945347
0.189599945347
0.189599945347
0.189599945347
0.189599945347
0.189599945347
0.189599945347
0.189599945347
0.189599945347
0.189599945347
0.189599945347
0.189599945347
0.189599945347
0.189599945347
0.189599945347
0.189599945347
0.189599945347
0.189599945347
0.189599945347
0.189599945347
0.189599945347
0.189599945347
0.189599945347
0.189599945347
0.189599945347
0.189599945347
0.189599945347
0.189599945347
0.189599945347
0.189599945347
0.189599945347
0.189599945347
0.189599945347
0.189599945347
0.189599945347
0.189599945347
0.189599945347
0.189599945347
0.189599945347
0.189599945347
0.189599945347
0.189599945347
0.189599945347
0.189599945347
0.189599945347
0.189599945347
0.189599945347
0.189599945347
0.189599945347
0.189599945347
0.189599945347
0.189599945347
0.189599945347
0.189599945347
0.189599945347
0.189599945347
0.189599945347
0.189599945347
0.189599945347
0.189599945347
0.189599945347
0.189599945347
0.189599945347
0.189599945347
0.189599945347
0.189599945347
0.189599945347
0.189599945347
0.189599945347
0.189599945347
0.189599945347
0.189599945347
0.189599945347
0.189599945347
0.189599945347
0.189599945347
0.189599945347
0.189599945347
0.189599945347
0.189599945347
0.189599945347
0.189599945347
0.189599945347
0.189599945347
0.189599945347
0.189599945347
0.189599945347
0.189599945347
0.189599945347
0.189599945347
0.189599945347
0.189599945347
0.189599945347
0.189599945347
0.189599945347
0.189599945347
0.189599945347
0.189599945347
0.189599945347
0.189599945347
0.189599945347
0.189599945347
0.189599945347
0.189599945347
0.189599945347
0.189599945347
0.189599945347
0.189599945347
0.189599945347
0.189599945347
0.189599945347
0.189599945347
0.189599945347
0.189599945347
0.189599945347
0.189599945347
0.189599945347
0.189599945347
0.189599945347
0.189599945347
0.189599945347
0.189599945347
0.189599945347
0.189599945347
0.189599945347
0.189599945347
0.189599945347
0.189599945347
0.189599945347
0.189599945347
0.189599945347
0.189599945347
0.189599945347
0.189599945347
