0.315979473207
0.246925968701
0.214293027648
0.214293027648
0.214293027648
0.204869408987
0.204869408987
0.204869408987
0.204869408987
0.204869408987
0.200894999209
0.200894999209
0.200894999209
0.200472067583
0.197485254756
0.191677824094
0.191677824094
0.191677824094
0.191677824094
0.191677824094
0.191677824094
0.191677824094
0.191677824094
0.191677824094
0.191677824094
0.191677824094
0.191677824094
0.191677824094
0.191677824094
0.191677824094
0.191677824094
0.191677824094
0.191677824094
0.191677824094
0.189855734674
0.189855734674
0.189855734674
0.189855734674
0.189855734674
0.189855734674
0.189855734674
0.189855734674
0.189855734674
0.189855734674
0.189855734674
0.189855734674
0.189855734674
0.189855734674
0.189855734674
0.189855734674
0.189855734674
0.189855734674
0.189855734674
0.189855734674
0.189855734674
0.189855734674
0.189855734674
0.189855734674
0.189855734674
0.189855734674
0.189855734674
0.189855734674
0.189855734674
0.189855734674
0.189855734674
0.189855734674
0.189855734674
0.189855734674
0.189855734674
0.189855734674
0.189855734674
0.189855734674
0.189855734674
0.189855734674
0.189855734674
0.189855734674
0.189855734674
0.189855734674
0.189855734674
0.189855734674
0.189855734674
0.189855734674
0.189855734674
0.189855734674
0.189855734674
0.189855734674
0.189855734674
0.189855734674
0.189855734674
0.189855734674
0.189855734674
0.189855734674
0.189855734674
0.189855734674
0.189855734674
0.189855734674
0.189855734674
0.189855734674
0.189855734674
0.189855734674
0.189855734674
0.189855734674
0.189855734674
0.189855734674
0.189855734674
0.189855734674
0.189855734674
0.189855734674
0.189855734674
0.189855734674
0.189855734674
0.189855734674
0.189855734674
0.189855734674
0.189855734674
0.189855734674
0.189855734674
0.189715725025
0.189715725025
0.189715725025
0.189715725025
0.189715725025
0.189715725025
0.189715725025
0.189715725025
0.189715725025
0.189715725025
0.189715725025
0.189715725025
0.189715725025
0.189715725025
0.189715725025
0.189715725025
0.189715725025
0.189715725025
0.189715725025
0.189715725025
0.189715725025
0.189539867951
0.189539867951
0.189539867951
0.189539867951
0.189539867951
0.189539867951
0.189539867951
0.189539867951
0.189539867951
0.189539867951
0.189539867951
0.189539867951
0.189539867951
0.189539867951
0.189539867951
0.189539867951
0.189539867951
0.189539867951
0.189539867951
0.189539867951
0.189539867951
0.189539867951
0.189539867951
0.189539867951
0.189539867951
0.189539867951
0.189539867951
0.189539867951
0.189539867951
0.189539867951
0.189539867951
0.189539867951
0.189539867951
0.189539867951
0.189539867951
0.189539867951
0.189539867951
0.189539867951
0.189539867951
0.189539867951
0.189539867951
0.189539867951
0.189539867951
0.189539867951
0.189539867951
0.189539867951
0.189539867951
0.189539867951
0.189539867951
0.189539867951
0.189539867951
0.189539867951
0.189539867951
0.189539867951
0.189539867951
0.189539867951
0.189539867951
0.189539867951
0.189539867951
0.189539867951
0.189539867951
0.189539867951
0.189539867951
0.189539867951
0.189539867951
0.189539867951
0.189539867951
0.189539867951
0.189539867951
0.189539867951
0.189539867951
0.189539867951
0.189539867951
0.189539867951
0.189539867951
0.189539867951
0.189539867951
0.189539867951
0.189539867951
0.189539867951
0.189539867951
0.189539867951
0.189539867951
0.189539867951
0.189539867951
0.189539867951
0.189539867951
0.189539867951
0.189539867951
0.189539867951
0.189539867951
0.189539867951
0.189539867951
0.189539867951
0.189539867951
0.189539867951
0.189539867951
0.189539867951
0.189539867951
0.189539867951
0.189539867951
0.189539867951
0.189539867951
0.189539867951
0.189539867951
0.189539867951
0.189539867951
0.189539867951
0.189539867951
0.189539867951
0.189539867951
0.189539867951
0.189539867951
0.189539867951
0.189539867951
0.189539867951
0.189539867951
0.189539867951
0.189539867951
0.189539867951
0.189539867951
0.189539867951
0.189539867951
0.189539867951
0.189539867951
0.189539867951
0.189539867951
0.189539867951
0.189539867951
0.189539867951
0.189539867951
0.189539867951
0.189539867951
0.189539867951
0.189539867951
0.189539867951
0.189539867951
0.189539867951
0.189539867951
0.189539867951
0.189539867951
0.189539867951
0.189539867951
0.189539867951
0.189539867951
0.189539867951
0.189539867951
0.189539867951
0.189539867951
0.189539867951
0.189539867951
0.189539867951
0.189539867951
0.189539867951
0.189539867951
0.187335481866
0.187335481866
0.187335481866
0.187335481866
0.187335481866
0.187335481866
0.187335481866
