0.324150870121
0.233749873873
0.22467065961
0.22076931887
0.22076931887
0.212222094785
0.212222094785
0.205236914083
0.205236914083
0.205236914083
0.205236914083
0.205236914083
0.201589232989
0.201589232989
0.201589232989
0.201589232989
0.201589232989
0.201589232989
0.201589232989
0.201589232989
0.201589232989
0.201589232989
0.201589232989
0.201589232989
0.201589232989
0.201589232989
0.201589232989
0.201589232989
0.201589232989
0.201589232989
0.201589232989
0.201589232989
0.201589232989
0.201589232989
0.201589232989
0.201589232989
0.201589232989
0.201589232989
0.201589232989
0.201589232989
0.201589232989
0.201589232989
0.201589232989
0.201589232989
0.201589232989
0.201589232989
0.201589232989
0.201589232989
0.201589232989
0.201589232989
0.201589232989
0.201589232989
0.201589232989
0.201589232989
0.201589232989
0.201589232989
0.201589232989
0.201589232989
0.194964417397
0.194964417397
0.194964417397
0.194964417397
0.194290635389
0.194290635389
0.194290635389
0.194290635389
0.185471768926
0.185471768926
0.185471768926
0.185471768926
0.185471768926
0.185471768926
0.185471768926
0.185471768926
0.185471768926
0.185471768926
0.185471768926
0.185471768926
0.185471768926
0.185471768926
0.185471768926
0.185471768926
0.185471768926
0.185471768926
0.185471768926
0.185471768926
0.185471768926
0.185471768926
0.185471768926
0.185471768926
0.185471768926
0.185471768926
0.185471768926
0.185471768926
0.185471768926
0.185471768926
0.185471768926
0.185471768926
0.185471768926
0.185471768926
0.185471768926
0.185471768926
0.185471768926
0.185471768926
0.185471768926
0.185471768926
0.185471768926
0.185471768926
0.185471768926
0.185471768926
0.185471768926
0.185471768926
0.185471768926
0.185471768926
0.185471768926
0.185471768926
0.185471768926
0.185471768926
0.185471768926
0.185471768926
0.185471768926
0.185471768926
0.185471768926
0.185471768926
0.185471768926
0.185471768926
0.185471768926
0.185471768926
0.185471768926
0.185471768926
0.185471768926
0.185471768926
0.185471768926
0.185471768926
0.185471768926
0.185471768926
0.185471768926
0.185471768926
0.185471768926
0.185471768926
0.185471768926
0.185471768926
0.185471768926
0.185471768926
0.185471768926
0.185471768926
0.185471768926
0.185471768926
0.185471768926
0.185471768926
0.185471768926
0.185471768926
0.185471768926
0.185471768926
0.185471768926
0.185471768926
0.185471768926
0.185471768926
0.185471768926
0.185471768926
0.185471768926
0.185471768926
0.185471768926
0.185471768926
0.185471768926
0.185471768926
0.185471768926
0.185471768926
0.185471768926
0.185471768926
0.185471768926
0.185471768926
0.185471768926
0.185471768926
0.185471768926
0.185471768926
0.185471768926
0.185471768926
0.185471768926
0.185471768926
0.185471768926
0.185471768926
0.185471768926
0.185471768926
0.185471768926
0.185471768926
0.185471768926
0.185471768926
0.185471768926
0.185471768926
0.185471768926
0.185471768926
0.185471768926
0.185471768926
0.185471768926
0.185471768926
0.185471768926
0.185471768926
0.185471768926
0.185471768926
0.185471768926
0.185471768926
0.185471768926
0.185471768926
0.185471768926
0.185471768926
0.185471768926
0.185471768926
0.185471768926
0.185471768926
0.185471768926
0.185471768926
0.185471768926
0.185471768926
0.185471768926
0.185471768926
0.185471768926
0.185471768926
0.185471768926
0.185471768926
0.185471768926
0.185471768926
0.185471768926
0.185471768926
0.185471768926
0.185471768926
0.185471768926
0.185471768926
0.185471768926
0.185471768926
0.185471768926
0.185471768926
0.185471768926
0.185471768926
0.185471768926
0.185471768926
0.185471768926
0.185471768926
0.185471768926
0.185471768926
0.185471768926
0.185471768926
0.185471768926
0.185471768926
0.185471768926
0.185471768926
0.185471768926
0.185471768926
0.185471768926
0.185471768926
0.185471768926
0.185471768926
0.185471768926
0.185471768926
0.185471768926
0.185471768926
0.185471768926
0.185471768926
0.185471768926
0.185471768926
0.185471768926
0.185471768926
0.185471768926
0.185471768926
0.185471768926
0.185471768926
0.185471768926
0.185471768926
0.185471768926
0.185471768926
0.185471768926
0.185471768926
0.185471768926
0.185471768926
0.185471768926
0.185471768926
0.185471768926
0.185471768926
0.185471768926
0.185471768926
0.185471768926
0.185471768926
0.185471768926
0.185471768926
0.185471768926
0.185471768926
0.185471768926
0.185471768926
0.185471768926
0.185471768926
0.185471768926
0.185471768926
0.185471768926
0.185471768926
0.185471768926
0.185471768926
0.185471768926
0.185471768926
0.185471768926
0.185471768926
