0.424897181503
0.335184505131
0.306286618202
0.301330567569
0.299808248446
0.298777059594
0.298777059594
0.298777059594
0.289733790554
0.289733790554
0.289733790554
0.289733790554
0.289733790554
0.283933902172
0.283933902172
0.283933902172
0.283933902172
0.283933902172
0.283933902172
0.283933902172
0.283933902172
0.283933902172
0.283933902172
0.283933902172
0.283933902172
0.281789785402
0.281789785402
0.281789785402
0.281789785402
0.281789785402
0.281789785402
0.281789785402
0.281789785402
0.281789785402
0.281789785402
0.281789785402
0.281789785402
0.281789785402
0.281789785402
0.281789785402
0.281789785402
0.281789785402
0.281789785402
0.281789785402
0.281789785402
0.281789785402
0.281789785402
0.281789785402
0.281789785402
0.281789785402
0.281789785402
0.281789785402
0.281789785402
0.281789785402
0.281789785402
0.281789785402
0.281789785402
0.281789785402
0.281789785402
0.281789785402
0.281789785402
0.281789785402
0.281789785402
0.281789785402
0.281789785402
0.281789785402
0.281789785402
0.281789785402
0.281789785402
0.281789785402
0.281789785402
0.281789785402
0.281789785402
0.281789785402
0.281789785402
0.281789785402
0.281789785402
0.281789785402
0.281789785402
0.281789785402
0.281789785402
0.281789785402
0.281789785402
0.281789785402
0.281789785402
0.281789785402
0.281789785402
0.281789785402
0.281789785402
0.281789785402
0.281789785402
0.281789785402
0.281789785402
0.281789785402
0.281789785402
0.281789785402
0.281789785402
0.281789785402
0.281789785402
0.281789785402
0.281789785402
0.281789785402
0.281789785402
0.281789785402
0.281789785402
0.281789785402
0.281789785402
0.281789785402
0.281789785402
0.281789785402
0.281789785402
0.281789785402
0.281789785402
0.281789785402
0.281789785402
0.281789785402
0.281789785402
0.281789785402
0.281789785402
0.281789785402
0.281789785402
0.281789785402
0.281789785402
0.281789785402
0.281789785402
0.281789785402
0.281789785402
0.281789785402
0.281789785402
0.281789785402
0.281789785402
0.281789785402
0.281789785402
0.281789785402
0.281789785402
0.281789785402
0.281789785402
0.281789785402
0.281789785402
0.281789785402
0.281789785402
0.281789785402
0.281789785402
0.281789785402
0.281789785402
0.281789785402
0.281789785402
0.281789785402
0.281789785402
0.281789785402
0.281789785402
0.281789785402
0.281789785402
0.281789785402
0.281789785402
0.281789785402
0.281789785402
0.281789785402
0.281789785402
0.281789785402
0.281789785402
0.281789785402
0.281789785402
0.281789785402
0.281789785402
0.281789785402
0.281789785402
0.281789785402
0.281789785402
0.281789785402
0.281789785402
0.281789785402
0.281789785402
0.281789785402
0.281789785402
0.281789785402
0.281789785402
0.281789785402
0.281789785402
0.281789785402
0.281789785402
0.281789785402
0.281789785402
0.281789785402
0.281789785402
0.281789785402
0.281789785402
0.281789785402
0.281789785402
0.281789785402
0.281789785402
0.281789785402
0.281789785402
0.281789785402
0.281789785402
0.281789785402
0.281789785402
0.281789785402
0.281789785402
0.281789785402
0.281789785402
0.281789785402
0.281789785402
0.281789785402
0.281789785402
0.281789785402
0.281789785402
0.281789785402
0.281789785402
0.281789785402
0.281789785402
0.281789785402
0.281789785402
0.281789785402
0.281789785402
0.281789785402
0.281789785402
0.281789785402
0.281789785402
0.281789785402
0.281789785402
0.281789785402
0.281789785402
0.281789785402
0.281789785402
0.281789785402
0.281789785402
0.281789785402
0.281789785402
0.281789785402
0.281789785402
0.281789785402
0.281789785402
0.281789785402
0.281789785402
0.281789785402
0.281789785402
0.281789785402
0.281789785402
0.281789785402
0.281789785402
0.281789785402
0.281789785402
0.277502131614
0.277502131614
0.277502131614
0.277502131614
0.277502131614
0.277502131614
0.277502131614
0.277502131614
0.277502131614
0.277502131614
0.277502131614
0.277502131614
0.277502131614
0.277502131614
0.277502131614
0.277502131614
0.277502131614
0.277502131614
0.277502131614
0.277502131614
0.277502131614
0.277502131614
0.277502131614
0.277502131614
0.277502131614
0.277502131614
0.277502131614
0.277502131614
0.277502131614
0.277502131614
0.277502131614
0.277502131614
0.277502131614
0.277502131614
0.277502131614
0.277502131614
0.277502131614
0.277502131614
0.277502131614
0.277502131614
0.277502131614
0.277502131614
0.277502131614
0.277502131614
0.277502131614
0.277502131614
0.277502131614
0.277502131614
0.277502131614
0.277502131614
0.277502131614
0.277502131614
0.277502131614
0.277502131614
0.277502131614
0.277502131614
0.277502131614
0.277502131614
0.277502131614
0.277502131614
0.277502131614
0.277502131614
0.277502131614
0.277502131614
0.277502131614
0.277502131614
0.277502131614
0.277502131614
0.277502131614
0.277502131614
0.277502131614
0.277502131614
0.277502131614
0.277502131614
0.277502131614
0.277502131614
0.277502131614
0.277502131614
0.277502131614
0.277502131614
0.277502131614
0.277502131614
0.277502131614
0.277502131614
0.277502131614
0.277502131614
0.277502131614
0.277502131614
0.277502131614
0.277502131614
0.277502131614
0.277502131614
0.277502131614
0.277502131614
0.277502131614
0.277502131614
0.277502131614
0.277502131614
0.277502131614
0.277502131614
0.277502131614
0.277502131614
0.277502131614
0.277502131614
0.277502131614
0.277502131614
0.277502131614
0.277502131614
0.277502131614
0.277502131614
0.277502131614
0.277502131614
0.277502131614
0.277502131614
0.277502131614
0.277502131614
0.277502131614
0.277502131614
0.277502131614
0.277502131614
0.277502131614
0.277502131614
0.277502131614
0.277502131614
0.277502131614
0.277502131614
0.277502131614
0.277502131614
0.277502131614
0.277502131614
0.277502131614
0.277502131614
0.277502131614
0.277502131614
0.277502131614
0.277502131614
0.277502131614
0.277502131614
0.277502131614
0.277502131614
0.277502131614
0.277502131614
0.277502131614
0.277502131614
0.277502131614
0.277502131614
0.277502131614
0.277502131614
0.277502131614
0.277502131614
0.277502131614
0.277502131614
0.277502131614
0.277502131614
0.277502131614
0.277502131614
0.277502131614
