0.310731808199
0.240768134567
0.210953727277
0.207715347148
0.207715347148
0.207715347148
0.197493354375
0.197493354375
0.197493354375
0.197493354375
0.197493354375
0.197493354375
0.197493354375
0.197493354375
0.197493354375
0.197493354375
0.197493354375
0.197493354375
0.197493354375
0.197493354375
0.197493354375
0.197493354375
0.197493354375
0.197493354375
0.197493354375
0.197493354375
0.197493354375
0.197493354375
0.197493354375
0.197493354375
0.197493354375
0.195839947637
0.195839947637
0.195839947637
0.195839947637
0.195839947637
0.195839947637
0.195839947637
0.195839947637
0.195543416712
0.195543416712
0.195543416712
0.195543416712
0.195543416712
0.195543416712
0.195543416712
0.195543416712
0.195543416712
0.195543416712
0.195543416712
0.195543416712
0.195543416712
0.195543416712
0.195543416712
0.195543416712
0.195543416712
0.195543416712
0.195543416712
0.195543416712
0.195543416712
0.195543416712
0.195543416712
0.182740492547
0.182740492547
0.182740492547
0.182740492547
0.182740492547
0.182740492547
0.182740492547
0.182740492547
0.182740492547
0.182740492547
0.182740492547
0.182740492547
0.182740492547
0.182740492547
0.182740492547
0.182740492547
0.182740492547
0.182740492547
0.182740492547
0.182740492547
0.182740492547
0.182740492547
0.182740492547
0.182740492547
0.182740492547
0.182740492547
0.182740492547
0.182740492547
0.182740492547
0.182740492547
0.182740492547
0.182740492547
0.182740492547
0.182740492547
0.182740492547
0.182740492547
0.182740492547
0.182740492547
0.182740492547
0.182740492547
0.182740492547
0.182740492547
0.182740492547
0.182740492547
0.182740492547
0.182740492547
0.182740492547
0.182740492547
0.182740492547
0.182740492547
0.182740492547
0.182740492547
0.182740492547
0.182740492547
0.182740492547
0.182740492547
0.182740492547
0.182740492547
0.182740492547
0.182740492547
0.182740492547
0.182740492547
0.182740492547
0.182740492547
0.182740492547
0.182740492547
0.182740492547
0.182740492547
0.182740492547
0.182740492547
0.182740492547
0.182740492547
0.182740492547
0.182740492547
0.182740492547
0.182740492547
0.182740492547
0.182740492547
0.182740492547
0.182740492547
0.182740492547
0.182740492547
0.182740492547
0.182740492547
0.182740492547
0.182740492547
0.182740492547
0.182740492547
0.182740492547
0.182740492547
0.182740492547
0.182740492547
0.182740492547
0.182740492547
0.182740492547
0.182740492547
0.182740492547
0.182740492547
0.182740492547
0.182740492547
0.182740492547
0.182740492547
0.182740492547
0.182740492547
0.182740492547
0.182740492547
0.182740492547
0.182740492547
0.182740492547
0.182740492547
0.182740492547
0.182740492547
0.182740492547
0.182740492547
0.182740492547
0.182740492547
0.182740492547
0.182740492547
0.182740492547
0.182740492547
0.182740492547
0.182740492547
0.182740492547
0.182740492547
0.182740492547
0.182740492547
0.182740492547
0.182740492547
0.182740492547
0.182740492547
0.182740492547
0.182740492547
0.182740492547
0.182740492547
0.182740492547
0.182740492547
0.182740492547
0.182740492547
0.182740492547
0.182740492547
0.182740492547
0.182740492547
0.182740492547
0.182740492547
0.182740492547
0.182740492547
0.182740492547
0.182740492547
0.182740492547
0.182740492547
0.182740492547
0.182740492547
0.182740492547
0.182740492547
0.182740492547
0.182740492547
0.182740492547
0.182740492547
0.182740492547
0.182740492547
0.182740492547
0.182740492547
0.182740492547
0.182740492547
0.182740492547
0.182740492547
0.182740492547
0.182740492547
0.182740492547
0.182740492547
0.182740492547
0.182740492547
0.182740492547
0.182740492547
0.182740492547
0.182740492547
0.182740492547
0.182740492547
0.182740492547
0.182740492547
0.182740492547
0.182740492547
0.182740492547
0.182740492547
0.182740492547
0.182740492547
0.182740492547
0.182740492547
0.182740492547
0.182740492547
0.182740492547
0.182740492547
0.182740492547
0.182740492547
0.182740492547
0.182740492547
0.182740492547
0.182740492547
0.182740492547
0.182740492547
0.182740492547
0.182740492547
0.182740492547
0.182740492547
0.182740492547
0.182740492547
0.182740492547
0.182740492547
0.182740492547
0.182740492547
0.182740492547
0.182740492547
0.182740492547
0.182740492547
0.182740492547
0.182740492547
0.182740492547
0.182740492547
0.182740492547
0.182740492547
0.182740492547
0.182740492547
0.182740492547
0.182740492547
0.182740492547
0.182740492547
0.182740492547
0.182740492547
0.182740492547
0.182740492547
0.182740492547
0.182740492547
0.182740492547
0.182740492547
0.182740492547
0.182740492547
0.182740492547
0.182740492547
