0.319255174082
0.245960607292
0.228685363222
0.228685363222
0.213810883417
0.202958777551
0.202958777551
0.202958777551
0.202958777551
0.202958777551
0.202958777551
0.202958777551
0.197306654304
0.197306654304
0.197306654304
0.197306654304
0.197306654304
0.197306654304
0.197306654304
0.197306654304
0.197306654304
0.197306654304
0.197306654304
0.197306654304
0.197306654304
0.197306654304
0.197306654304
0.197306654304
0.197306654304
0.197306654304
0.197306654304
0.197306654304
0.19424050977
0.19424050977
0.19424050977
0.19424050977
0.19424050977
0.19424050977
0.19424050977
0.19424050977
0.19424050977
0.19424050977
0.19424050977
0.19424050977
0.19424050977
0.19424050977
0.19424050977
0.19424050977
0.19424050977
0.19424050977
0.19424050977
0.19424050977
0.19424050977
0.19424050977
0.19424050977
0.19424050977
0.19424050977
0.19424050977
0.19424050977
0.19424050977
0.19424050977
0.19424050977
0.19424050977
0.19424050977
0.19424050977
0.19424050977
0.19424050977
0.19424050977
0.19424050977
0.19424050977
0.19424050977
0.19424050977
0.19424050977
0.19424050977
0.19424050977
0.19424050977
0.19424050977
0.19424050977
0.19424050977
0.19424050977
0.19424050977
0.19424050977
0.19424050977
0.19424050977
0.19424050977
0.19424050977
0.19424050977
0.19424050977
0.19424050977
0.19424050977
0.19424050977
0.193437506867
0.193437506867
0.193437506867
0.193437506867
0.193437506867
0.193437506867
0.193437506867
0.193437506867
0.193437506867
0.193437506867
0.193437506867
0.193437506867
0.193437506867
0.193437506867
0.193437506867
0.193437506867
0.193437506867
0.193437506867
0.193437506867
0.193437506867
0.193437506867
0.193437506867
0.193437506867
0.193437506867
0.193437506867
0.193437506867
0.193437506867
0.193437506867
0.193437506867
0.193437506867
0.193437506867
0.193437506867
0.193437506867
0.193437506867
0.193437506867
0.193437506867
0.193437506867
0.193437506867
0.193437506867
0.193437506867
0.193437506867
0.193437506867
0.193437506867
0.193437506867
0.193437506867
0.191385413731
0.191385413731
0.191385413731
0.191385413731
0.191385413731
0.191385413731
0.191385413731
0.191385413731
0.191385413731
0.191385413731
0.191385413731
0.191385413731
0.191385413731
0.191385413731
0.191385413731
0.191385413731
0.191385413731
0.191385413731
0.191385413731
0.191385413731
0.191385413731
0.191385413731
0.191385413731
0.191385413731
0.191385413731
0.191385413731
0.191385413731
0.191385413731
0.191385413731
0.191385413731
0.191385413731
0.191385413731
0.191385413731
0.191385413731
0.191385413731
0.191385413731
0.191385413731
0.191385413731
0.191385413731
0.191385413731
0.191385413731
0.191385413731
0.191385413731
0.191385413731
0.191385413731
0.191385413731
0.191385413731
0.191385413731
0.191385413731
0.191385413731
0.191385413731
0.191385413731
0.191385413731
0.191385413731
0.191385413731
0.191385413731
0.191385413731
0.191385413731
0.191385413731
0.191385413731
0.191385413731
0.191385413731
0.191385413731
0.191385413731
0.191385413731
0.191385413731
0.191385413731
0.191385413731
0.191385413731
0.191385413731
0.191385413731
0.191385413731
0.191385413731
0.191385413731
0.191385413731
0.191385413731
0.191385413731
0.191385413731
0.191385413731
0.191385413731
0.191385413731
0.191385413731
0.191385413731
0.191385413731
0.191385413731
0.191385413731
0.1894342368
0.1894342368
0.1894342368
0.1894342368
0.1894342368
0.1894342368
0.1894342368
0.1894342368
0.1894342368
0.1894342368
0.1894342368
0.1894342368
0.1894342368
0.1894342368
0.1894342368
0.1894342368
0.1894342368
0.1894342368
0.1894342368
0.1894342368
0.1894342368
0.1894342368
0.1894342368
0.1894342368
0.1894342368
0.1894342368
0.1894342368
0.1894342368
0.1894342368
0.1894342368
0.1894342368
0.1894342368
0.1894342368
0.1894342368
0.1894342368
0.1894342368
0.1894342368
0.1894342368
0.1894342368
0.1894342368
0.1894342368
0.1894342368
0.1894342368
0.1894342368
0.1894342368
0.1894342368
0.1894342368
0.1894342368
0.1894342368
0.1894342368
0.1894342368
0.1894342368
0.1894342368
0.1894342368
0.1894342368
0.1894342368
0.1894342368
0.1894342368
0.1894342368
0.1894342368
0.1894342368
0.1894342368
0.1894342368
0.1894342368
0.1894342368
0.1894342368
0.1894342368
0.1894342368
0.1894342368
0.1894342368
0.1894342368
0.1894342368
0.1894342368
0.1894342368
0.1894342368
0.1894342368
0.1894342368
0.1894342368
