0.409369009882
0.314763776076
0.304833230142
0.304833230142
0.299103981009
0.295284849219
0.295284849219
0.295284849219
0.295284849219
0.295284849219
0.295284849219
0.295284849219
0.295284849219
0.295284849219
0.295284849219
0.295284849219
0.295284849219
0.295284849219
0.295284849219
0.286961041705
0.286961041705
0.286961041705
0.286961041705
0.286961041705
0.286961041705
0.286961041705
0.286961041705
0.286961041705
0.286961041705
0.286961041705
0.286961041705
0.286961041705
0.286961041705
0.286961041705
0.285332206095
0.285332206095
0.285332206095
0.285332206095
0.285332206095
0.285332206095
0.285332206095
0.285332206095
0.285332206095
0.285332206095
0.285332206095
0.285332206095
0.285332206095
0.285332206095
0.285332206095
0.285332206095
0.285332206095
0.285332206095
0.285332206095
0.285332206095
0.285332206095
0.285332206095
0.285332206095
0.285332206095
0.285332206095
0.285332206095
0.285332206095
0.285332206095
0.285332206095
0.285332206095
0.285332206095
0.285332206095
0.285332206095
0.285332206095
0.285332206095
0.285332206095
0.285332206095
0.285332206095
0.285332206095
0.285332206095
0.285332206095
0.285332206095
0.285332206095
0.285332206095
0.285332206095
0.285332206095
0.285332206095
0.285332206095
0.285332206095
0.285332206095
0.285332206095
0.285332206095
0.285332206095
0.285332206095
0.285332206095
0.285332206095
0.285332206095
0.285332206095
0.285332206095
0.285332206095
0.285332206095
0.285332206095
0.285332206095
0.285332206095
0.285332206095
0.285332206095
0.285332206095
0.285332206095
0.285332206095
0.285332206095
0.285332206095
0.285332206095
0.285332206095
0.285332206095
0.285332206095
0.285332206095
0.285332206095
0.285332206095
0.285332206095
0.285332206095
0.285332206095
0.285332206095
0.285332206095
0.285332206095
0.285332206095
0.285332206095
0.285332206095
0.285332206095
0.285332206095
0.285332206095
0.285332206095
0.285332206095
0.285332206095
0.285332206095
0.285332206095
0.285332206095
0.285332206095
0.285332206095
0.285332206095
0.285332206095
0.285332206095
0.285332206095
0.285332206095
0.285332206095
0.285332206095
0.285332206095
0.285332206095
0.285332206095
0.285332206095
0.285332206095
0.285332206095
0.285332206095
0.285332206095
0.285332206095
0.285332206095
0.285332206095
0.285332206095
0.285332206095
0.285332206095
0.285332206095
0.285332206095
0.285332206095
0.285332206095
0.285332206095
0.285332206095
0.285332206095
0.285332206095
0.285332206095
0.285332206095
0.285332206095
0.285332206095
0.285332206095
0.285332206095
0.285332206095
0.285332206095
0.285332206095
0.285332206095
0.285332206095
0.285332206095
0.285332206095
0.285332206095
0.285332206095
0.285332206095
0.285332206095
0.285332206095
0.285332206095
0.285332206095
0.285332206095
0.285332206095
0.285332206095
0.285332206095
0.285332206095
0.285332206095
0.285332206095
0.285332206095
0.285332206095
0.285332206095
0.285332206095
0.285332206095
0.285332206095
0.285332206095
0.285332206095
0.285332206095
0.285332206095
0.285332206095
0.285332206095
0.285332206095
0.285332206095
0.285332206095
0.285332206095
0.285332206095
0.285332206095
0.285332206095
0.285332206095
0.285332206095
0.285332206095
0.285332206095
0.285332206095
0.285332206095
0.285332206095
0.285332206095
0.285332206095
0.285332206095
0.285332206095
0.285332206095
0.285332206095
0.285332206095
0.285332206095
0.285332206095
0.285332206095
0.285332206095
0.285332206095
0.285332206095
0.285332206095
0.285332206095
0.285332206095
0.285332206095
0.285332206095
0.285332206095
0.285332206095
0.285332206095
0.285332206095
0.285332206095
0.285332206095
0.285332206095
0.285332206095
0.285332206095
0.285332206095
0.285332206095
0.285332206095
0.285332206095
0.285332206095
0.285332206095
0.285332206095
0.285332206095
0.285332206095
0.285332206095
0.285332206095
0.285332206095
0.285332206095
0.285332206095
0.285332206095
0.285332206095
0.285332206095
0.285332206095
0.285332206095
0.285332206095
0.285332206095
0.285332206095
0.285332206095
0.285332206095
0.285332206095
0.285332206095
0.285332206095
0.285332206095
0.285332206095
0.285332206095
0.285332206095
0.285332206095
0.285332206095
0.285332206095
0.285332206095
0.285332206095
0.285332206095
0.285332206095
0.285332206095
0.285332206095
0.285332206095
0.285332206095
0.285332206095
0.285332206095
0.285332206095
0.285332206095
0.285332206095
0.285332206095
0.285332206095
0.285332206095
0.285332206095
0.285332206095
0.285332206095
0.285332206095
0.285332206095
0.285332206095
0.285332206095
0.285332206095
0.285332206095
0.285332206095
0.285332206095
0.285332206095
0.285332206095
0.285332206095
0.285332206095
0.285332206095
0.285332206095
0.285332206095
0.285332206095
0.285332206095
0.285332206095
0.285332206095
0.285332206095
0.285332206095
0.285332206095
0.285332206095
0.285332206095
0.285332206095
0.285332206095
0.285332206095
0.285332206095
0.285332206095
0.285332206095
0.285332206095
0.285332206095
0.285332206095
0.285332206095
0.285332206095
0.285332206095
0.285332206095
0.285332206095
0.285332206095
0.285332206095
0.285332206095
0.285332206095
0.285332206095
0.285332206095
0.285332206095
0.277492425329
0.277492425329
0.277492425329
0.277492425329
0.277492425329
0.277492425329
0.277492425329
0.277492425329
0.277492425329
0.277492425329
0.277492425329
0.277492425329
0.277492425329
0.277492425329
0.277492425329
0.277492425329
0.277492425329
0.277492425329
0.277492425329
0.277492425329
0.277492425329
0.277492425329
0.277492425329
0.277492425329
0.277492425329
0.277492425329
0.277492425329
0.277492425329
0.277492425329
0.277492425329
0.277492425329
0.277492425329
0.277492425329
0.277492425329
0.277492425329
0.277492425329
0.277492425329
0.277492425329
0.277492425329
0.277492425329
0.277492425329
0.277492425329
0.277492425329
0.277492425329
0.277492425329
0.277492425329
0.277492425329
0.277492425329
0.277492425329
0.277492425329
0.277492425329
0.277492425329
0.277492425329
0.277492425329
0.277492425329
0.277492425329
0.277492425329
0.277492425329
0.277492425329
0.277492425329
0.277492425329
