0.411986505653
0.314995805845
0.3079532428
0.293410188552
0.293410188552
0.293255652207
0.293255652207
0.293255652207
0.293255652207
0.293255652207
0.292143115386
0.292143115386
0.292143115386
0.292143115386
0.292143115386
0.292143115386
0.292143115386
0.292143115386
0.292143115386
0.292143115386
0.292143115386
0.292143115386
0.292143115386
0.292143115386
0.292143115386
0.292143115386
0.292143115386
0.292143115386
0.292143115386
0.292143115386
0.292143115386
0.292143115386
0.292143115386
0.292143115386
0.292143115386
0.292143115386
0.292143115386
0.292143115386
0.292143115386
0.292143115386
0.292143115386
0.292143115386
0.292143115386
0.292143115386
0.292143115386
0.292143115386
0.292143115386
0.292143115386
0.292143115386
0.292143115386
0.292143115386
0.288197808006
0.288197808006
0.288197808006
0.288197808006
0.288197808006
0.288197808006
0.288197808006
0.288197808006
0.288197808006
0.288197808006
0.288197808006
0.288197808006
0.288197808006
0.288197808006
0.288197808006
0.288197808006
0.288197808006
0.288197808006
0.288197808006
0.286760206708
0.286760206708
0.286760206708
0.286760206708
0.286353875773
0.286353875773
0.286353875773
0.286353875773
0.286353875773
0.286353875773
0.286353875773
0.286353875773
0.286353875773
0.286353875773
0.286353875773
0.286353875773
0.286353875773
0.286353875773
0.286353875773
0.286353875773
0.286353875773
0.286353875773
0.286353875773
0.286353875773
0.286353875773
0.286353875773
0.286353875773
0.286353875773
0.286353875773
0.286353875773
0.286353875773
0.286353875773
0.286353875773
0.286353875773
0.286353875773
0.286353875773
0.286353875773
0.286353875773
0.286353875773
0.286353875773
0.286353875773
0.286353875773
0.286353875773
0.286353875773
0.286353875773
0.286353875773
0.286353875773
0.286353875773
0.286353875773
0.286353875773
0.286353875773
0.286353875773
0.286353875773
0.286353875773
0.286353875773
0.286353875773
0.286353875773
0.286353875773
0.286353875773
0.286353875773
0.286353875773
0.286353875773
0.286353875773
0.286353875773
0.286353875773
0.286353875773
0.283155483142
0.283155483142
0.283155483142
0.283155483142
0.283155483142
0.283155483142
0.283155483142
0.283155483142
0.283155483142
0.283155483142
0.283155483142
0.283155483142
0.283155483142
0.283155483142
0.283155483142
0.283155483142
0.283155483142
0.283155483142
0.283155483142
0.283155483142
0.283155483142
0.283155483142
0.283155483142
0.283155483142
0.283155483142
0.283155483142
0.283155483142
0.283155483142
0.283155483142
0.283155483142
0.283155483142
0.283155483142
0.283155483142
0.283155483142
0.283155483142
0.283155483142
0.283155483142
0.283155483142
0.283155483142
0.283155483142
0.283155483142
0.283155483142
0.283155483142
0.283155483142
0.283155483142
0.283155483142
0.283155483142
0.283155483142
0.283155483142
0.283155483142
0.283155483142
0.283155483142
0.283155483142
0.283155483142
0.283155483142
0.283155483142
0.283155483142
0.283155483142
0.283155483142
0.283155483142
0.283155483142
0.283155483142
0.283155483142
0.283155483142
0.283155483142
0.283155483142
0.283155483142
0.283155483142
0.283155483142
0.283155483142
0.283155483142
0.283155483142
0.283155483142
0.283155483142
0.283155483142
0.283155483142
0.283155483142
0.283155483142
0.283155483142
0.283155483142
0.283155483142
0.283155483142
0.283155483142
0.283155483142
0.283155483142
0.283155483142
0.283155483142
0.283155483142
0.283155483142
0.283155483142
0.283155483142
0.283155483142
0.283155483142
0.283155483142
0.283155483142
0.283155483142
0.283155483142
0.283155483142
0.283155483142
0.283155483142
0.283155483142
0.283155483142
0.283155483142
0.283155483142
0.283155483142
0.283155483142
0.283155483142
0.283155483142
0.283155483142
0.283155483142
0.283155483142
0.283155483142
0.283155483142
0.283155483142
0.283155483142
0.283155483142
0.283155483142
0.283155483142
0.283155483142
0.283155483142
0.283155483142
0.283155483142
0.283155483142
0.283155483142
0.283155483142
0.283155483142
0.283155483142
0.283155483142
0.283155483142
0.283155483142
0.283155483142
0.283155483142
0.283155483142
0.283155483142
0.283155483142
0.283155483142
0.283155483142
0.283155483142
0.283155483142
0.283155483142
0.283155483142
0.283155483142
0.283155483142
0.283155483142
0.283155483142
0.283155483142
0.283155483142
0.283155483142
0.283155483142
0.283155483142
0.283155483142
0.283155483142
0.283155483142
0.283155483142
0.283155483142
0.283155483142
0.283155483142
0.283155483142
0.283155483142
0.283155483142
0.283155483142
0.283155483142
0.283155483142
0.283155483142
0.283155483142
0.283155483142
0.283155483142
0.283155483142
0.283155483142
0.283155483142
0.283155483142
0.283155483142
0.283155483142
0.283155483142
0.283155483142
0.283155483142
0.283155483142
0.283155483142
0.283155483142
0.283155483142
0.283155483142
0.283155483142
0.283155483142
0.283155483142
0.283155483142
0.281865022022
0.281865022022
0.281865022022
0.281865022022
0.281865022022
0.281865022022
0.281865022022
0.281865022022
0.281865022022
0.281865022022
0.281865022022
0.281865022022
0.281865022022
0.281865022022
0.281865022022
0.281865022022
0.281865022022
0.281865022022
0.281865022022
0.281865022022
0.281865022022
0.281865022022
0.281865022022
0.281865022022
0.281865022022
0.281865022022
0.281865022022
0.281865022022
0.281865022022
0.281865022022
0.281865022022
0.281865022022
0.281865022022
0.281865022022
0.281865022022
0.281865022022
0.281865022022
0.281865022022
0.281865022022
0.281865022022
0.281865022022
0.281865022022
0.281865022022
0.281865022022
0.281865022022
0.281865022022
0.281865022022
0.281865022022
0.281865022022
0.281865022022
0.281865022022
0.281865022022
0.281865022022
0.281865022022
0.281865022022
0.281865022022
0.281865022022
0.281865022022
0.281865022022
0.281865022022
0.281865022022
0.281865022022
0.281865022022
0.281865022022
0.281865022022
0.281865022022
0.281865022022
0.281865022022
0.281865022022
0.281865022022
0.281865022022
0.281865022022
0.281865022022
0.281865022022
0.281865022022
0.281865022022
0.281865022022
0.281865022022
0.281865022022
