0.340272901153
0.264574002927
0.214253887205
0.208369811235
0.20432481314
0.202593866772
0.202593866772
0.202593866772
0.202593866772
0.202593866772
0.202593866772
0.202593866772
0.202593866772
0.202593866772
0.202593866772
0.202593866772
0.202593866772
0.202593866772
0.202593866772
0.202593866772
0.202593866772
0.202593866772
0.202593866772
0.202593866772
0.202593866772
0.202593866772
0.202593866772
0.202593866772
0.202593866772
0.197775963219
0.197775963219
0.197775963219
0.197775963219
0.197775963219
0.197775963219
0.197775963219
0.197775963219
0.197775963219
0.197775963219
0.197775963219
0.197775963219
0.197775963219
0.197775963219
0.197775963219
0.194129591333
0.194129591333
0.194129591333
0.194129591333
0.194129591333
0.194129591333
0.194129591333
0.194129591333
0.194129591333
0.194129591333
0.194129591333
0.194129591333
0.194129591333
0.194129591333
0.194129591333
0.194129591333
0.194129591333
0.194129591333
0.194129591333
0.194129591333
0.194129591333
0.194129591333
0.194129591333
0.194129591333
0.194129591333
0.194129591333
0.194129591333
0.194129591333
0.194129591333
0.194129591333
0.194129591333
0.194129591333
0.194129591333
0.194129591333
0.194129591333
0.194129591333
0.194129591333
0.194129591333
0.194129591333
0.194129591333
0.194129591333
0.194129591333
0.194129591333
0.194129591333
0.194129591333
0.194129591333
0.194129591333
0.194129591333
0.194129591333
0.194129591333
0.194129591333
0.194129591333
0.194129591333
0.194129591333
0.194129591333
0.194129591333
0.194129591333
0.194129591333
0.194129591333
0.194129591333
0.194129591333
0.194129591333
0.194129591333
0.194129591333
0.194129591333
0.194129591333
0.194129591333
0.194129591333
0.194129591333
0.194129591333
0.194129591333
0.194129591333
0.194129591333
0.194129591333
0.194129591333
0.194129591333
0.194129591333
0.194129591333
0.194129591333
0.194129591333
0.194129591333
0.194129591333
0.194129591333
0.194129591333
0.194129591333
0.194129591333
0.194129591333
0.194129591333
0.194129591333
0.194129591333
0.194129591333
0.194129591333
0.194129591333
0.194129591333
0.194129591333
0.194129591333
0.194129591333
0.194129591333
0.194129591333
0.194129591333
0.194129591333
0.194129591333
0.194129591333
0.194129591333
0.194129591333
0.194129591333
0.194129591333
0.194129591333
0.194129591333
0.194129591333
0.194129591333
0.194129591333
0.194129591333
0.194129591333
0.194129591333
0.194129591333
0.194129591333
0.194129591333
0.194129591333
0.194129591333
0.194129591333
0.194129591333
0.194129591333
0.194129591333
0.194129591333
0.194129591333
0.194129591333
0.194129591333
0.194129591333
0.194129591333
0.194129591333
0.194129591333
0.194129591333
0.194129591333
0.194129591333
0.194129591333
0.194129591333
0.192789120227
0.192789120227
0.192789120227
0.192789120227
0.192789120227
0.192789120227
0.192789120227
0.192789120227
0.192789120227
0.192789120227
0.192789120227
0.192789120227
0.192789120227
0.192789120227
0.192789120227
0.192789120227
0.192789120227
0.192789120227
0.192789120227
0.192789120227
0.192789120227
0.192789120227
0.192789120227
0.192789120227
0.192789120227
0.192789120227
0.192789120227
0.192789120227
0.192789120227
0.192789120227
0.192789120227
0.192789120227
0.192789120227
0.192789120227
0.192789120227
0.192789120227
0.192789120227
0.192789120227
0.192789120227
0.192789120227
0.192789120227
0.192789120227
0.192789120227
0.192789120227
0.192789120227
0.192789120227
0.192789120227
0.192789120227
0.192789120227
0.192789120227
0.192789120227
0.192789120227
0.192789120227
0.192789120227
0.192789120227
0.192789120227
0.192789120227
0.192789120227
0.192789120227
0.192789120227
0.192789120227
0.192789120227
0.192789120227
0.192789120227
0.192789120227
0.192789120227
0.192789120227
0.192789120227
0.192789120227
0.192789120227
0.192789120227
0.192789120227
0.192789120227
0.192789120227
0.192789120227
0.192789120227
0.192789120227
0.192789120227
0.192789120227
0.192789120227
0.192789120227
0.192789120227
0.19154383525
0.19154383525
0.19154383525
0.19154383525
0.19154383525
0.19154383525
0.19154383525
0.19154383525
0.19154383525
0.19154383525
0.19154383525
0.19154383525
0.19154383525
0.19154383525
0.19154383525
0.19154383525
0.19154383525
0.19154383525
0.19154383525
0.19154383525
0.19154383525
0.19154383525
0.19154383525
0.19154383525
0.19154383525
0.19154383525
0.19154383525
0.19154383525
0.19154383525
0.19154383525
0.19154383525
0.19154383525
0.19154383525
0.19154383525
0.19154383525
0.19154383525
0.19154383525
