0.423858926005
0.318973542386
0.315266800868
0.297969795392
0.297969795392
0.297884016912
0.297884016912
0.297884016912
0.297884016912
0.294174765699
0.294174765699
0.294174765699
0.289218101733
0.289218101733
0.289218101733
0.289218101733
0.289218101733
0.289218101733
0.289218101733
0.287756342505
0.287756342505
0.287756342505
0.287756342505
0.287756342505
0.287756342505
0.287756342505
0.287756342505
0.287756342505
0.287756342505
0.287756342505
0.287756342505
0.287756342505
0.287756342505
0.287756342505
0.287756342505
0.287756342505
0.287756342505
0.287756342505
0.287756342505
0.287756342505
0.287756342505
0.287756342505
0.287756342505
0.287756342505
0.287756342505
0.287756342505
0.287756342505
0.287756342505
0.287756342505
0.287756342505
0.287756342505
0.287756342505
0.287756342505
0.287756342505
0.287756342505
0.287756342505
0.287756342505
0.287756342505
0.287756342505
0.287756342505
0.287756342505
0.287756342505
0.287756342505
0.287756342505
0.287756342505
0.287756342505
0.287756342505
0.287756342505
0.287756342505
0.287756342505
0.285349718206
0.285349718206
0.285349718206
0.285349718206
0.285349718206
0.285349718206
0.285349718206
0.285349718206
0.285349718206
0.285349718206
0.285349718206
0.285349718206
0.285349718206
0.285349718206
0.285349718206
0.285349718206
0.285349718206
0.285349718206
0.285349718206
0.285349718206
0.285349718206
0.285349718206
0.285349718206
0.285349718206
0.285349718206
0.285349718206
0.285349718206
0.285349718206
0.285349718206
0.285349718206
0.285349718206
0.285349718206
0.285349718206
0.285349718206
0.285349718206
0.285349718206
0.285349718206
0.285349718206
0.285349718206
0.285349718206
0.285349718206
0.285349718206
0.285349718206
0.285349718206
0.282972423316
0.282972423316
0.282972423316
0.282972423316
0.282972423316
0.282972423316
0.282972423316
0.282972423316
0.282972423316
0.282972423316
0.282972423316
0.282972423316
0.282972423316
0.282972423316
0.282972423316
0.282972423316
0.282972423316
0.282972423316
0.282972423316
0.282972423316
0.282972423316
0.282972423316
0.282972423316
0.282972423316
0.282972423316
0.282972423316
0.282972423316
0.282972423316
0.282972423316
0.282972423316
0.282972423316
0.282972423316
0.282972423316
0.282972423316
0.282972423316
0.282972423316
0.282972423316
0.282972423316
0.282972423316
0.282972423316
0.282972423316
0.282972423316
0.282972423316
0.282972423316
0.282972423316
0.282972423316
0.282972423316
0.282972423316
0.282972423316
0.282972423316
0.282972423316
0.282972423316
0.282972423316
0.282972423316
0.282972423316
0.282972423316
0.282972423316
0.282972423316
0.282972423316
0.282972423316
0.282972423316
0.282972423316
0.282972423316
0.282972423316
0.282972423316
0.282972423316
0.282972423316
0.282972423316
0.282972423316
0.282972423316
0.282972423316
0.282972423316
0.282972423316
0.282972423316
0.282972423316
0.282972423316
0.282972423316
0.282972423316
0.282972423316
0.282972423316
0.282972423316
0.282972423316
0.282972423316
0.282972423316
0.282972423316
0.282972423316
0.282972423316
0.282972423316
0.282972423316
0.282972423316
0.282972423316
0.282972423316
0.282972423316
0.282972423316
0.282972423316
0.282972423316
0.282972423316
0.282972423316
0.282972423316
0.282972423316
0.282972423316
0.282972423316
0.282972423316
0.282972423316
0.282972423316
0.282972423316
0.282972423316
0.282972423316
0.282972423316
0.282972423316
0.282972423316
0.282972423316
0.282972423316
0.282972423316
0.282972423316
0.282972423316
0.282972423316
0.282972423316
0.282972423316
0.282972423316
0.282972423316
0.282972423316
0.282972423316
0.282972423316
0.282972423316
0.282972423316
0.282972423316
0.282972423316
0.282972423316
0.282972423316
0.282972423316
0.282972423316
0.282972423316
0.282972423316
0.282972423316
0.282972423316
0.282972423316
0.282972423316
0.282972423316
0.282972423316
0.282972423316
0.282972423316
0.282972423316
0.282972423316
0.282972423316
0.282972423316
0.282972423316
0.282972423316
0.282972423316
0.282972423316
0.282972423316
0.282972423316
0.282972423316
0.282972423316
0.282972423316
0.282972423316
0.282972423316
0.282972423316
0.282972423316
0.282211404994
0.282211404994
0.282211404994
0.282211404994
0.282211404994
0.282211404994
0.282211404994
0.282211404994
0.282211404994
0.282211404994
0.282211404994
0.282211404994
0.282211404994
0.282211404994
0.282211404994
0.282211404994
0.282211404994
0.282211404994
0.282211404994
0.282211404994
0.282211404994
0.282211404994
0.282211404994
0.282211404994
0.282211404994
0.282211404994
0.282211404994
0.282211404994
0.282211404994
0.282211404994
0.282211404994
0.282211404994
0.282211404994
0.282211404994
0.282211404994
0.282211404994
0.282211404994
0.282211404994
0.282211404994
0.282211404994
0.282211404994
0.282211404994
0.282211404994
0.282211404994
0.282211404994
0.282211404994
0.282211404994
0.282211404994
0.282211404994
0.282211404994
0.282211404994
0.282211404994
0.282211404994
0.282211404994
0.282211404994
0.282211404994
0.282211404994
0.282211404994
0.282211404994
0.282211404994
0.282211404994
0.281367105682
0.281367105682
0.281367105682
0.281367105682
0.281367105682
0.281367105682
0.281367105682
0.281367105682
0.281367105682
0.281367105682
0.281367105682
0.281367105682
0.281367105682
0.281367105682
0.281367105682
0.281367105682
0.281367105682
0.281367105682
0.281367105682
0.281367105682
0.281367105682
0.281367105682
0.281367105682
0.281367105682
0.281367105682
0.281367105682
0.281367105682
0.281367105682
0.281367105682
0.281367105682
0.281367105682
0.281367105682
0.281367105682
0.281367105682
0.281367105682
0.281367105682
0.281367105682
0.281367105682
0.281367105682
0.281367105682
0.281367105682
0.281367105682
0.281367105682
0.281367105682
0.281367105682
0.281367105682
0.281367105682
0.281367105682
0.281367105682
0.281367105682
0.281367105682
0.281367105682
0.281367105682
0.281367105682
0.281367105682
0.281367105682
0.281367105682
0.281367105682
0.281367105682
0.281367105682
0.281367105682
0.281367105682
0.281367105682
0.281367105682
0.281367105682
0.281367105682
