0.285857120141
0.221689045629
0.196967617493
0.196967617493
0.196967617493
0.196967617493
0.196228043191
0.196228043191
0.196228043191
0.196228043191
0.196228043191
0.196228043191
0.196228043191
0.196228043191
0.196228043191
0.196228043191
0.196228043191
0.196228043191
0.196228043191
0.196228043191
0.196228043191
0.193435715786
0.193435715786
0.193435715786
0.193435715786
0.193435715786
0.193435715786
0.193435715786
0.193435715786
0.193435715786
0.193435715786
0.193435715786
0.193435715786
0.193435715786
0.193435715786
0.193435715786
0.193435715786
0.193435715786
0.193435715786
0.193435715786
0.193435715786
0.193435715786
0.193435715786
0.193435715786
0.193435715786
0.193435715786
0.193435715786
0.193435715786
0.193435715786
0.193435715786
0.193435715786
0.193435715786
0.193435715786
0.193435715786
0.193435715786
0.193435715786
0.193435715786
0.193435715786
0.193435715786
0.193435715786
0.193435715786
0.193435715786
0.193435715786
0.193435715786
0.193435715786
0.193435715786
0.193435715786
0.193435715786
0.193435715786
0.193435715786
0.192783778118
0.192783778118
0.192783778118
0.192783778118
0.192783778118
0.192783778118
0.192783778118
0.192783778118
0.192783778118
0.189980401517
0.189980401517
0.189980401517
0.189980401517
0.189980401517
0.189980401517
0.189980401517
0.189980401517
0.189980401517
0.189980401517
0.189980401517
0.189980401517
0.189980401517
0.189980401517
0.189980401517
0.189980401517
0.189980401517
0.189980401517
0.189980401517
0.189980401517
0.189980401517
0.189980401517
0.189980401517
0.189980401517
0.189980401517
0.189980401517
0.189980401517
0.189980401517
0.189980401517
0.189980401517
0.189980401517
0.189980401517
0.189980401517
0.189980401517
0.189980401517
0.189980401517
0.189980401517
0.189980401517
0.189980401517
0.189980401517
0.189980401517
0.189980401517
0.189980401517
0.189980401517
0.189980401517
0.189980401517
0.189980401517
0.189980401517
0.189980401517
0.189980401517
0.189980401517
0.189980401517
0.189980401517
0.189980401517
0.189980401517
0.189980401517
0.189980401517
0.189980401517
0.189980401517
0.189980401517
0.189980401517
0.182996494431
0.182996494431
0.182996494431
0.182996494431
0.182996494431
0.182996494431
0.182996494431
0.182996494431
0.182996494431
0.182996494431
0.182996494431
0.182996494431
0.182996494431
0.182996494431
0.182996494431
0.182996494431
0.182996494431
0.182996494431
0.182996494431
0.182996494431
0.182996494431
0.182996494431
0.182996494431
0.182996494431
0.182996494431
0.182996494431
0.182996494431
0.182996494431
0.182996494431
0.182996494431
0.182996494431
0.182996494431
0.182996494431
0.182996494431
0.182996494431
0.182996494431
0.182996494431
0.182996494431
0.182996494431
0.182996494431
0.182996494431
0.182996494431
0.182996494431
0.182996494431
0.182996494431
0.182996494431
0.182996494431
0.182996494431
0.182996494431
0.182996494431
0.182996494431
0.182996494431
0.182996494431
0.182996494431
0.182996494431
0.182996494431
0.182996494431
0.182996494431
0.182996494431
0.182996494431
0.182996494431
0.182996494431
0.182996494431
0.182996494431
0.182996494431
0.182996494431
0.182996494431
0.182996494431
0.182996494431
0.182996494431
0.182996494431
0.182996494431
0.182996494431
0.182996494431
0.182996494431
0.182996494431
0.182996494431
0.182996494431
0.182996494431
0.182996494431
0.182996494431
0.182996494431
0.182996494431
0.182996494431
0.182996494431
0.182996494431
0.182996494431
0.182996494431
0.182996494431
0.182996494431
0.182996494431
0.182996494431
0.182996494431
0.182996494431
0.182996494431
0.182996494431
0.182996494431
0.182996494431
0.182996494431
0.182996494431
0.182996494431
0.182996494431
0.182996494431
0.182996494431
0.182996494431
0.182996494431
0.182996494431
0.182996494431
0.182996494431
0.182996494431
0.182996494431
0.182996494431
0.182996494431
0.182996494431
0.182996494431
0.182996494431
0.182996494431
0.182996494431
0.182996494431
0.182996494431
0.182996494431
0.182996494431
0.182996494431
0.182996494431
0.182996494431
0.182996494431
0.182996494431
0.182996494431
0.182996494431
0.182996494431
0.182996494431
0.182996494431
0.182996494431
0.182996494431
0.182996494431
0.182996494431
0.182996494431
0.182996494431
0.182996494431
0.182996494431
0.182996494431
0.182996494431
0.182996494431
0.182996494431
0.182996494431
0.181335533729
0.181335533729
0.181335533729
0.181335533729
0.181335533729
0.181335533729
0.181335533729
0.181335533729
0.181335533729
0.181335533729
0.181335533729
0.181335533729
0.181335533729
0.181335533729
0.181335533729
