0.419167053402
0.327507999814
0.295467327491
0.295467327491
0.295467327491
0.295467327491
0.295467327491
0.295467327491
0.295467327491
0.295467327491
0.295467327491
0.294712344867
0.294712344867
0.294712344867
0.294712344867
0.294712344867
0.29387241826
0.290427154748
0.290427154748
0.290427154748
0.290427154748
0.290427154748
0.290427154748
0.290427154748
0.290427154748
0.290427154748
0.290427154748
0.290427154748
0.290427154748
0.290427154748
0.290427154748
0.290427154748
0.290427154748
0.290427154748
0.290427154748
0.290427154748
0.290427154748
0.290427154748
0.290427154748
0.290427154748
0.290427154748
0.290427154748
0.290427154748
0.290427154748
0.290427154748
0.290427154748
0.288699844197
0.288699844197
0.288699844197
0.288699844197
0.285501713051
0.285501713051
0.285501713051
0.285501713051
0.285501713051
0.285501713051
0.285501713051
0.285501713051
0.285501713051
0.285501713051
0.285501713051
0.285501713051
0.285501713051
0.285501713051
0.285501713051
0.285501713051
0.285501713051
0.285501713051
0.285501713051
0.285501713051
0.285501713051
0.285501713051
0.285501713051
0.285501713051
0.285501713051
0.285501713051
0.285501713051
0.285501713051
0.285501713051
0.285501713051
0.285501713051
0.285501713051
0.285501713051
0.285501713051
0.285501713051
0.285501713051
0.285501713051
0.285501713051
0.285501713051
0.285501713051
0.285501713051
0.285501713051
0.285501713051
0.285501713051
0.285501713051
0.285501713051
0.285501713051
0.285501713051
0.285501713051
0.285501713051
0.285501713051
0.285501713051
0.285501713051
0.285501713051
0.285501713051
0.285501713051
0.285501713051
0.285501713051
0.285407868174
0.285407868174
0.285407868174
0.285407868174
0.285407868174
0.285407868174
0.285407868174
0.285407868174
0.285407868174
0.285407868174
0.285407868174
0.285407868174
0.285407868174
0.285407868174
0.285407868174
0.285407868174
0.285407868174
0.285407868174
0.285407868174
0.285407868174
0.285407868174
0.285407868174
0.285407868174
0.285407868174
0.285407868174
0.285407868174
0.285407868174
0.285407868174
0.285407868174
0.285407868174
0.285407868174
0.285407868174
0.285407868174
0.285407868174
0.285407868174
0.285407868174
0.285407868174
0.285407868174
0.285407868174
0.285407868174
0.285407868174
0.285407868174
0.285407868174
0.285407868174
0.285407868174
0.285407868174
0.285407868174
0.285407868174
0.285407868174
0.285407868174
0.285407868174
0.285407868174
0.285407868174
0.285407868174
0.285407868174
0.285407868174
0.285407868174
0.285407868174
0.285407868174
0.285407868174
0.285407868174
0.285407868174
0.285407868174
0.285407868174
0.285407868174
0.285407868174
0.285407868174
0.285407868174
0.285407868174
0.285407868174
0.285407868174
0.285407868174
0.285407868174
0.285407868174
0.285407868174
0.285407868174
0.285407868174
0.285407868174
0.285407868174
0.285407868174
0.285407868174
0.285407868174
0.285407868174
0.285407868174
0.285407868174
0.285407868174
0.285407868174
0.285407868174
0.285407868174
0.285407868174
0.285407868174
0.285407868174
0.285407868174
0.285407868174
0.285407868174
0.285407868174
0.285407868174
0.285407868174
0.285407868174
0.285407868174
0.285407868174
0.285407868174
0.285407868174
0.285407868174
0.285407868174
0.285407868174
0.285407868174
0.285407868174
0.285407868174
0.285407868174
0.285407868174
0.285407868174
0.285407868174
0.285407868174
0.285407868174
0.285407868174
0.285407868174
0.285407868174
0.285407868174
0.285407868174
0.285407868174
0.285407868174
0.285407868174
0.285407868174
0.285407868174
0.285407868174
0.285407868174
0.285407868174
0.285407868174
0.285407868174
0.285407868174
0.285407868174
0.285407868174
0.285407868174
0.285407868174
0.285407868174
0.285407868174
0.285407868174
0.285407868174
0.285407868174
0.285407868174
0.285407868174
0.285407868174
0.285407868174
0.285407868174
0.285407868174
0.285407868174
0.285407868174
0.285407868174
0.285407868174
0.285407868174
0.285407868174
0.285407868174
0.285407868174
0.285407868174
0.285407868174
0.285407868174
0.285407868174
0.285407868174
0.285407868174
0.285407868174
0.285407868174
0.285407868174
0.285407868174
0.285407868174
0.285407868174
0.285407868174
0.285407868174
0.285407868174
0.285407868174
0.285407868174
0.285407868174
0.285407868174
0.285407868174
0.285407868174
0.285407868174
0.285407868174
0.285407868174
0.285407868174
0.285407868174
0.285407868174
0.285407868174
0.285407868174
0.285407868174
0.285407868174
0.285407868174
0.285407868174
0.285407868174
0.285407868174
0.285407868174
0.284516496693
0.284516496693
0.284516496693
0.284516496693
0.284516496693
0.284516496693
0.284516496693
0.284516496693
0.284516496693
0.284516496693
0.284516496693
0.284516496693
0.284516496693
0.284516496693
0.284516496693
0.284516496693
0.284516496693
0.284516496693
0.284516496693
0.284516496693
0.284516496693
0.284516496693
0.284516496693
0.284516496693
0.284516496693
0.284516496693
0.284516496693
0.284516496693
0.284516496693
0.284516496693
0.284516496693
0.284516496693
0.284516496693
0.284516496693
0.284516496693
0.284516496693
0.284516496693
0.284516496693
0.284516496693
0.284516496693
0.284516496693
0.284516496693
0.284516496693
0.284516496693
0.284516496693
0.284516496693
0.284516496693
0.284516496693
0.284516496693
0.284516496693
0.284516496693
0.284516496693
0.284516496693
0.284516496693
0.284516496693
0.284516496693
0.284516496693
0.284516496693
0.284516496693
0.284516496693
0.284516496693
0.284516496693
0.284516496693
0.284516496693
0.284516496693
0.284516496693
0.284516496693
0.284516496693
0.284516496693
0.284516496693
0.284516496693
0.284516496693
0.284516496693
0.284516496693
0.284516496693
0.284516496693
0.284516496693
0.284516496693
0.284516496693
0.284516496693
0.284516496693
0.284516496693
0.284516496693
0.284516496693
0.284516496693
0.284516496693
0.284516496693
0.284516496693
0.284516496693
0.284516496693
0.284516496693
0.284516496693
0.284516496693
0.284516496693
0.284516496693
0.284516496693
0.284516496693
0.284516496693
0.284516496693
0.284516496693
0.284516496693
0.284516496693
