0.420126704904
0.317404280355
0.295830847964
0.295830847964
0.29163297784
0.29163297784
0.29163297784
0.29163297784
0.29163297784
0.29163297784
0.29163297784
0.29163297784
0.29163297784
0.29163297784
0.29163297784
0.29163297784
0.29163297784
0.29163297784
0.29163297784
0.29163297784
0.29163297784
0.29163297784
0.29163297784
0.29163297784
0.29163297784
0.29163297784
0.29163297784
0.29163297784
0.29163297784
0.29163297784
0.29163297784
0.29163297784
0.29163297784
0.29163297784
0.29163297784
0.290417042757
0.290417042757
0.290417042757
0.290417042757
0.290417042757
0.290417042757
0.290417042757
0.290417042757
0.289053640581
0.289053640581
0.289053640581
0.289053640581
0.289053640581
0.289053640581
0.289053640581
0.289053640581
0.289053640581
0.289053640581
0.289053640581
0.28578247658
0.28578247658
0.28578247658
0.283845071055
0.283845071055
0.283845071055
0.283845071055
0.283845071055
0.283845071055
0.283845071055
0.283845071055
0.283845071055
0.283845071055
0.283845071055
0.283845071055
0.283845071055
0.283845071055
0.283845071055
0.283845071055
0.283845071055
0.283845071055
0.283845071055
0.283845071055
0.283845071055
0.283845071055
0.283845071055
0.283845071055
0.283845071055
0.283845071055
0.283845071055
0.283845071055
0.283845071055
0.283845071055
0.283845071055
0.283845071055
0.283845071055
0.283845071055
0.283845071055
0.283845071055
0.283845071055
0.283845071055
0.283845071055
0.283845071055
0.283845071055
0.283845071055
0.283845071055
0.283845071055
0.283845071055
0.283845071055
0.283845071055
0.283845071055
0.283845071055
0.283845071055
0.283845071055
0.283845071055
0.283845071055
0.283845071055
0.283845071055
0.283845071055
0.283845071055
0.283845071055
0.283845071055
0.283845071055
0.283845071055
0.283845071055
0.283845071055
0.283845071055
0.283845071055
0.283845071055
0.283845071055
0.283845071055
0.283845071055
0.283845071055
0.283845071055
0.283845071055
0.283845071055
0.283845071055
0.283845071055
0.283845071055
0.283845071055
0.283845071055
0.283845071055
0.283845071055
0.283845071055
0.283845071055
0.283845071055
0.283845071055
0.283845071055
0.283845071055
0.283845071055
0.283845071055
0.283845071055
0.283845071055
0.283845071055
0.283845071055
0.283845071055
0.283845071055
0.283845071055
0.283845071055
0.283845071055
0.283845071055
0.283845071055
0.283845071055
0.283845071055
0.283845071055
0.283845071055
0.283845071055
0.283845071055
0.283845071055
0.283845071055
0.283845071055
0.283845071055
0.283845071055
0.283845071055
0.283845071055
0.283845071055
0.283845071055
0.283845071055
0.283845071055
0.283845071055
0.283845071055
0.283845071055
0.283845071055
0.283845071055
0.283845071055
0.283845071055
0.283845071055
0.283845071055
0.283845071055
0.283845071055
0.283845071055
0.283845071055
0.283845071055
0.283845071055
0.283845071055
0.283845071055
0.283845071055
0.283845071055
0.283845071055
0.283845071055
0.283845071055
0.283845071055
0.283845071055
0.283845071055
0.283845071055
0.283845071055
0.283845071055
0.283845071055
0.283845071055
0.283845071055
0.283845071055
0.283845071055
0.283845071055
0.283845071055
0.283845071055
0.283845071055
0.283845071055
0.283845071055
0.283845071055
0.283845071055
0.283845071055
0.283845071055
0.283845071055
0.283845071055
0.283845071055
0.283845071055
0.283845071055
0.283845071055
0.283845071055
0.283845071055
0.283845071055
0.283845071055
0.283845071055
0.283845071055
0.283845071055
0.283845071055
0.283845071055
0.283845071055
0.283845071055
0.283845071055
0.283845071055
0.283845071055
0.283845071055
0.283845071055
0.283845071055
0.283845071055
0.283845071055
0.283845071055
0.283845071055
0.283845071055
0.283845071055
0.283845071055
0.283845071055
0.283845071055
0.283845071055
0.283845071055
0.283845071055
0.283845071055
0.283845071055
0.283845071055
0.281142810019
0.281142810019
0.281142810019
0.281142810019
0.281142810019
0.281142810019
0.281142810019
0.281142810019
0.281142810019
0.281142810019
0.281142810019
0.281142810019
0.281142810019
0.281142810019
0.281142810019
0.281142810019
0.281142810019
0.281142810019
0.281142810019
0.281142810019
0.281142810019
0.281142810019
0.281142810019
0.281142810019
0.281142810019
0.281142810019
0.281142810019
0.281142810019
0.281142810019
0.281142810019
0.281142810019
0.281142810019
0.281142810019
0.281142810019
0.281142810019
0.281142810019
0.281142810019
0.281142810019
0.281142810019
0.281142810019
0.281142810019
0.281142810019
0.281142810019
0.281142810019
0.281142810019
0.281142810019
0.281142810019
0.281142810019
0.281142810019
0.281142810019
0.281142810019
0.281142810019
0.281142810019
0.281142810019
0.281142810019
0.281142810019
0.281142810019
0.281142810019
0.281142810019
0.281142810019
0.281142810019
0.281142810019
0.281142810019
0.281142810019
0.281142810019
0.281142810019
0.281142810019
0.281142810019
0.281142810019
0.281142810019
0.281142810019
0.281142810019
0.281142810019
0.281142810019
0.281142810019
0.281142810019
0.281142810019
0.281142810019
0.281142810019
0.281142810019
0.281142810019
0.281142810019
0.281142810019
0.281142810019
0.281142810019
0.281142810019
0.281142810019
0.281142810019
0.281142810019
0.281142810019
0.281142810019
0.281142810019
0.281142810019
0.281142810019
0.281142810019
0.281142810019
0.281142810019
0.281142810019
0.281142810019
0.281142810019
0.281142810019
0.281142810019
0.281142810019
0.281142810019
0.281142810019
0.281142810019
0.281142810019
0.281142810019
0.281142810019
0.281142810019
0.281142810019
0.281142810019
0.281142810019
0.281142810019
0.281142810019
0.281142810019
0.281142810019
0.281142810019
0.281142810019
0.281142810019
0.281142810019
0.281142810019
0.281142810019
0.281142810019
0.281142810019
0.281142810019
0.281142810019
0.281142810019
0.281142810019
0.281142810019
0.281142810019
0.281142810019
0.281142810019
0.281142810019
0.281142810019
0.281142810019
0.281142810019
0.281142810019
0.281142810019
0.281142810019
0.281142810019
0.281142810019
0.281142810019
0.281142810019
0.281142810019
0.281142810019
