0.327228359107
0.251104531774
0.213829485957
0.197846945823
0.197846945823
0.197846945823
0.197846945823
0.197846945823
0.197846945823
0.190543833146
0.190543833146
0.190543833146
0.190543833146
0.190543833146
0.190543833146
0.190543833146
0.190543833146
0.190543833146
0.190543833146
0.190543833146
0.190543833146
0.190543833146
0.190543833146
0.190543833146
0.190543833146
0.190543833146
0.190543833146
0.190543833146
0.190543833146
0.190543833146
0.190543833146
0.190543833146
0.190543833146
0.190543833146
0.190543833146
0.189169829409
0.189169829409
0.189169829409
0.189169829409
0.189169829409
0.189169829409
0.189169829409
0.189169829409
0.189169829409
0.189169829409
0.189169829409
0.189169829409
0.189169829409
0.189169829409
0.189169829409
0.189169829409
0.189169829409
0.189169829409
0.189169829409
0.189169829409
0.189169829409
0.189169829409
0.189169829409
0.189169829409
0.189169829409
0.189169829409
0.189169829409
0.189169829409
0.189169829409
0.189169829409
0.189169829409
0.189169829409
0.189169829409
0.189169829409
0.189169829409
0.189169829409
0.189169829409
0.189169829409
0.189169829409
0.189169829409
0.189169829409
0.189169829409
0.189169829409
0.189169829409
0.189169829409
0.189169829409
0.189169829409
0.189169829409
0.189169829409
0.189169829409
0.189169829409
0.189169829409
0.189169829409
0.189169829409
0.189169829409
0.189169829409
0.189169829409
0.189169829409
0.189169829409
0.189169829409
0.189169829409
0.189169829409
0.189169829409
0.189169829409
0.189169829409
0.189169829409
0.189169829409
0.189169829409
0.189169829409
0.189169829409
0.189169829409
0.189169829409
0.189169829409
0.189169829409
0.189169829409
0.189169829409
0.189169829409
0.189169829409
0.189169829409
0.189169829409
0.189169829409
0.183788007664
0.183788007664
0.183788007664
0.183788007664
0.183788007664
0.183788007664
0.183788007664
0.183788007664
0.183788007664
0.183788007664
0.183788007664
0.183788007664
0.183788007664
0.183788007664
0.183788007664
0.183788007664
0.183788007664
0.183788007664
0.183788007664
0.183788007664
0.183788007664
0.183788007664
0.183788007664
0.183788007664
0.183788007664
0.183788007664
0.183788007664
0.183788007664
0.183788007664
0.183788007664
0.183788007664
0.183788007664
0.183788007664
0.183788007664
0.183788007664
0.183788007664
0.183788007664
0.183788007664
0.183788007664
0.183788007664
0.183788007664
0.183788007664
0.183788007664
0.183788007664
0.183788007664
0.183788007664
0.183788007664
0.183788007664
0.183788007664
0.183788007664
0.183788007664
0.183788007664
0.183788007664
0.183788007664
0.183788007664
0.183788007664
0.183788007664
0.183788007664
0.183788007664
0.183788007664
0.183788007664
0.183788007664
0.183788007664
0.183788007664
0.183788007664
0.183788007664
0.183788007664
0.183788007664
0.183788007664
0.183788007664
0.183788007664
0.183788007664
0.183788007664
0.183788007664
0.183788007664
0.183788007664
0.183788007664
0.183788007664
0.183788007664
0.183788007664
0.183788007664
0.183788007664
0.183788007664
0.183788007664
0.183788007664
0.183788007664
0.183788007664
0.183788007664
0.183788007664
0.183788007664
0.183788007664
0.183788007664
0.183788007664
0.183788007664
0.183788007664
0.183788007664
0.183788007664
0.183788007664
0.183788007664
0.183788007664
0.183788007664
0.183788007664
0.183788007664
0.183788007664
0.183788007664
0.183788007664
0.183788007664
0.183788007664
0.183788007664
0.183788007664
0.183788007664
0.183788007664
0.183788007664
0.183788007664
0.183788007664
0.183788007664
0.183788007664
0.183788007664
0.183788007664
0.183788007664
0.183788007664
0.183788007664
0.183788007664
0.183788007664
0.183788007664
0.183788007664
0.183788007664
0.183788007664
0.183788007664
0.183788007664
0.183788007664
0.183788007664
0.183788007664
0.183788007664
0.183788007664
0.183788007664
0.183788007664
0.183788007664
0.183788007664
0.183788007664
0.183788007664
0.183788007664
0.183788007664
0.183788007664
0.183788007664
0.183788007664
0.183788007664
0.183788007664
0.183788007664
0.183788007664
0.183788007664
0.183788007664
0.183788007664
0.183788007664
0.183788007664
0.183788007664
0.183788007664
0.183788007664
0.183788007664
0.183788007664
0.183788007664
0.183788007664
0.183788007664
0.183788007664
0.183788007664
0.183788007664
0.183788007664
0.183788007664
0.183788007664
0.183788007664
0.183788007664
0.183788007664
0.183788007664
0.183788007664
0.183788007664
0.183788007664
0.183788007664
0.183788007664
0.183788007664
0.183788007664
0.183788007664
0.183788007664
0.183788007664
0.183788007664
0.301693306959
0.226820810707
0.218234560566
