0.29967894855
0.240779974174
0.206915345974
0.206915345974
0.195274015152
0.195274015152
0.195274015152
0.195274015152
0.195274015152
0.195274015152
0.195274015152
0.195274015152
0.195274015152
0.195274015152
0.195274015152
0.195274015152
0.195274015152
0.195274015152
0.195274015152
0.195274015152
0.195274015152
0.195274015152
0.195274015152
0.195274015152
0.195274015152
0.195274015152
0.195274015152
0.189465837692
0.189465837692
0.189465837692
0.189465837692
0.189465837692
0.189465837692
0.189465837692
0.189465837692
0.189465837692
0.189465837692
0.189465837692
0.189465837692
0.189465837692
0.189465837692
0.189465837692
0.189465837692
0.189465837692
0.189465837692
0.189465837692
0.189465837692
0.189465837692
0.189465837692
0.189465837692
0.189465837692
0.189465837692
0.189465837692
0.189465837692
0.189465837692
0.189465837692
0.189465837692
0.189465837692
0.189465837692
0.189465837692
0.189465837692
0.189465837692
0.189465837692
0.189465837692
0.189465837692
0.189465837692
0.189465837692
0.189465837692
0.189465837692
0.189465837692
0.189465837692
0.189465837692
0.189465837692
0.189465837692
0.189465837692
0.189465837692
0.189465837692
0.189465837692
0.189465837692
0.189465837692
0.189465837692
0.189465837692
0.189465837692
0.189465837692
0.189465837692
0.189465837692
0.189465837692
0.189465837692
0.189465837692
0.189465837692
0.189465837692
0.189465837692
0.189465837692
0.189465837692
0.189465837692
0.189465837692
0.189465837692
0.189465837692
0.189465837692
0.189465837692
0.189465837692
0.189465837692
0.189465837692
0.189465837692
0.189465837692
0.189465837692
0.189465837692
0.189465837692
0.189465837692
0.189465837692
0.189465837692
0.189465837692
0.189465837692
0.189465837692
0.189465837692
0.189465837692
0.189465837692
0.189465837692
0.189465837692
0.189465837692
0.189465837692
0.189465837692
0.189465837692
0.189465837692
0.189465837692
0.189465837692
0.189465837692
0.189465837692
0.189465837692
0.189465837692
0.189465837692
0.189465837692
0.189465837692
0.189465837692
0.189465837692
0.189465837692
0.189465837692
0.189465837692
0.189465837692
0.189465837692
0.189465837692
0.189465837692
0.189465837692
0.189465837692
0.189465837692
0.189465837692
0.189465837692
0.189465837692
0.189465837692
0.189465837692
0.189465837692
0.189465837692
0.189465837692
0.189465837692
0.189465837692
0.189465837692
0.189465837692
0.189465837692
0.189465837692
0.189465837692
0.189465837692
0.189465837692
0.189465837692
0.189465837692
0.189465837692
0.189465837692
0.189465837692
0.189465837692
0.189465837692
0.189465837692
0.189465837692
0.189465837692
0.189465837692
0.189465837692
0.189465837692
0.189465837692
0.189465837692
0.189465837692
0.184088285499
0.184088285499
0.184088285499
0.184088285499
0.184088285499
0.184088285499
0.184088285499
0.184088285499
0.184088285499
0.184088285499
0.184088285499
0.184088285499
0.184088285499
0.184088285499
0.184088285499
0.184088285499
0.184088285499
0.184088285499
0.184088285499
0.184088285499
0.184088285499
0.184088285499
0.184088285499
0.184088285499
0.184088285499
0.184088285499
0.184088285499
0.184088285499
0.184088285499
0.184088285499
0.184088285499
0.184088285499
0.184088285499
0.184088285499
0.184088285499
0.184088285499
0.184088285499
0.184088285499
0.184088285499
0.184088285499
0.184088285499
0.184088285499
0.184088285499
0.184088285499
0.184088285499
0.184088285499
0.184088285499
0.184088285499
0.184088285499
0.184088285499
0.184088285499
0.184088285499
0.184088285499
0.184088285499
0.184088285499
0.184088285499
0.184088285499
0.184088285499
0.184088285499
0.184088285499
0.184088285499
0.184088285499
0.184088285499
0.184088285499
0.184088285499
0.184088285499
0.184088285499
0.184088285499
0.184088285499
0.184088285499
0.184088285499
0.184088285499
0.184088285499
0.184088285499
0.184088285499
0.184088285499
0.184088285499
0.184088285499
0.184088285499
0.184088285499
0.184088285499
0.184088285499
0.184088285499
0.184088285499
0.184088285499
0.184088285499
0.184088285499
0.184088285499
0.184088285499
0.184088285499
0.184088285499
0.184088285499
0.184088285499
0.184088285499
0.184088285499
0.184088285499
0.184088285499
0.184088285499
0.184088285499
0.184088285499
0.184088285499
0.184088285499
0.184088285499
0.184088285499
0.184088285499
0.184088285499
0.184088285499
0.184088285499
0.184088285499
0.184088285499
0.184088285499
0.184088285499
0.184088285499
0.184088285499
0.184088285499
0.184088285499
0.181153232528
0.181153232528
0.181153232528
0.181153232528
0.181153232528
0.181153232528
