0.412495983072
0.328737753643
0.307112161875
0.302712951725
0.302712951725
0.295455554437
0.295455554437
0.295455554437
0.295161968587
0.295161968587
0.293087572285
0.293087572285
0.293087572285
0.293087572285
0.291015199462
0.291015199462
0.291015199462
0.291015199462
0.291015199462
0.291015199462
0.29008088037
0.29008088037
0.29008088037
0.29008088037
0.29008088037
0.29008088037
0.29008088037
0.29008088037
0.29008088037
0.29008088037
0.29008088037
0.29008088037
0.29008088037
0.29008088037
0.29008088037
0.29008088037
0.29008088037
0.29008088037
0.29008088037
0.29008088037
0.29008088037
0.29008088037
0.29008088037
0.29008088037
0.29008088037
0.29008088037
0.29008088037
0.29008088037
0.29008088037
0.29008088037
0.281347346214
0.281347346214
0.281347346214
0.281347346214
0.281347346214
0.281347346214
0.281347346214
0.281347346214
0.281347346214
0.281347346214
0.281347346214
0.281347346214
0.281347346214
0.281347346214
0.281347346214
0.281347346214
0.281347346214
0.281347346214
0.281347346214
0.281347346214
0.281347346214
0.281347346214
0.281347346214
0.281347346214
0.281347346214
0.281347346214
0.281347346214
0.281347346214
0.281347346214
0.281347346214
0.281347346214
0.281347346214
0.281347346214
0.281347346214
0.281347346214
0.281347346214
0.281347346214
0.281347346214
0.281347346214
0.281347346214
0.281347346214
0.281347346214
0.281347346214
0.281347346214
0.281347346214
0.281347346214
0.281347346214
0.281347346214
0.281347346214
0.281347346214
0.281347346214
0.281347346214
0.281347346214
0.281347346214
0.281347346214
0.281347346214
0.281347346214
0.281347346214
0.281347346214
0.281347346214
0.281347346214
0.281347346214
0.281347346214
0.281347346214
0.281347346214
0.281347346214
0.281347346214
0.281347346214
0.281347346214
0.281347346214
0.281347346214
0.281347346214
0.281347346214
0.281347346214
0.281347346214
0.281347346214
0.281347346214
0.281347346214
0.281347346214
0.281347346214
0.281347346214
0.281347346214
0.281347346214
0.281347346214
0.281347346214
0.281347346214
0.281347346214
0.281347346214
0.281347346214
0.281347346214
0.281347346214
0.281347346214
0.281347346214
0.281347346214
0.281347346214
0.281347346214
0.281347346214
0.281347346214
0.281347346214
0.281347346214
0.281347346214
0.281347346214
0.280702834291
0.280702834291
0.280702834291
0.280702834291
0.280702834291
0.280702834291
0.280702834291
0.280702834291
0.280702834291
0.280702834291
0.280702834291
0.280702834291
0.280702834291
0.280702834291
0.280702834291
0.280702834291
0.280702834291
0.280702834291
0.280702834291
0.280702834291
0.280702834291
0.280702834291
0.280702834291
0.280702834291
0.280702834291
0.280702834291
0.280702834291
0.280702834291
0.280702834291
0.280702834291
0.280702834291
0.280702834291
0.280702834291
0.280702834291
0.280702834291
0.280702834291
0.280702834291
0.280702834291
0.280702834291
0.280702834291
0.280702834291
0.280702834291
0.280702834291
0.280702834291
0.280702834291
0.280702834291
0.280702834291
0.280702834291
0.280702834291
0.280702834291
0.280702834291
0.280702834291
0.280702834291
0.280702834291
0.280702834291
0.280702834291
0.280702834291
0.280702834291
0.280702834291
0.280702834291
0.280702834291
0.280702834291
0.280702834291
0.280702834291
0.280702834291
0.280702834291
0.280702834291
0.280702834291
0.280702834291
0.280702834291
0.280702834291
0.280702834291
0.280702834291
0.280702834291
0.280702834291
0.280702834291
0.280702834291
0.280702834291
0.280702834291
0.280702834291
0.280702834291
0.280702834291
0.280702834291
0.280702834291
0.280702834291
0.280702834291
0.280702834291
0.280702834291
0.280702834291
0.280702834291
0.280702834291
0.280702834291
0.280702834291
0.280702834291
0.280702834291
0.280702834291
0.280702834291
0.280702834291
0.280702834291
0.280702834291
0.280702834291
0.280702834291
0.280702834291
0.280702834291
0.280702834291
0.280702834291
0.280702834291
0.280702834291
0.280702834291
0.280702834291
0.280702834291
0.280702834291
0.280702834291
0.280702834291
0.280702834291
0.280702834291
0.280702834291
0.280702834291
0.280702834291
0.280702834291
0.280702834291
0.280702834291
0.280702834291
0.280702834291
0.280702834291
0.280702834291
0.280702834291
0.280702834291
0.280702834291
0.280702834291
0.280702834291
0.280702834291
0.280702834291
0.280702834291
0.280702834291
0.280702834291
0.280702834291
0.280702834291
0.280702834291
0.280702834291
0.280702834291
0.280702834291
0.280702834291
0.280702834291
0.280702834291
0.280702834291
0.280702834291
0.280702834291
0.280702834291
0.280702834291
0.280702834291
0.280702834291
0.280702834291
0.280702834291
0.280702834291
0.280702834291
0.280702834291
0.280702834291
0.280702834291
0.280702834291
0.280702834291
0.280702834291
0.280702834291
0.280702834291
0.280702834291
0.280702834291
0.280702834291
0.280702834291
0.280702834291
0.280702834291
0.280471143873
0.280471143873
0.280471143873
0.280471143873
0.280471143873
0.280471143873
0.280471143873
0.280471143873
0.280471143873
0.280471143873
0.280471143873
0.280471143873
0.280471143873
0.280471143873
0.280471143873
0.280471143873
0.280471143873
0.280471143873
0.280471143873
0.280471143873
0.280471143873
0.280471143873
0.280471143873
0.280471143873
0.280471143873
0.280471143873
0.280471143873
0.280471143873
0.280471143873
0.280471143873
0.280471143873
0.280471143873
0.280471143873
0.280471143873
0.280471143873
0.280471143873
0.280471143873
0.280471143873
0.280471143873
0.280471143873
0.280471143873
0.280471143873
0.280471143873
0.280471143873
0.280471143873
0.280471143873
0.280471143873
0.280471143873
0.280471143873
0.280471143873
0.280471143873
0.280471143873
0.280471143873
0.280471143873
0.280471143873
0.280471143873
0.280471143873
0.280471143873
0.280471143873
0.280471143873
0.280471143873
0.280471143873
0.280471143873
0.280471143873
0.280471143873
0.280471143873
0.280471143873
0.280471143873
0.280471143873
0.280471143873
0.280471143873
0.280471143873
0.280471143873
0.280471143873
0.280471143873
0.280471143873
0.280471143873
0.280471143873
