0.273980952822
0.207697423922
0.207697423922
0.207697423922
0.207697423922
0.207697423922
0.207697423922
0.207697423922
0.207697423922
0.207697423922
0.207697423922
0.207697423922
0.207697423922
0.207697423922
0.207697423922
0.207697423922
0.207697423922
0.207697423922
0.207697423922
0.207697423922
0.207697423922
0.207697423922
0.207697423922
0.207697423922
0.203319310319
0.203319310319
0.203319310319
0.203319310319
0.203319310319
0.203319310319
0.203319310319
0.203319310319
0.203319310319
0.190632350075
0.190632350075
0.190632350075
0.190632350075
0.190632350075
0.190632350075
0.190632350075
0.190632350075
0.190632350075
0.190632350075
0.190632350075
0.190632350075
0.190632350075
0.190632350075
0.190632350075
0.190632350075
0.190632350075
0.190632350075
0.190632350075
0.190632350075
0.190632350075
0.190632350075
0.190632350075
0.190632350075
0.190632350075
0.190632350075
0.190632350075
0.190632350075
0.190632350075
0.190632350075
0.190632350075
0.190632350075
0.190632350075
0.189135096383
0.189135096383
0.189135096383
0.189135096383
0.189135096383
0.189135096383
0.189135096383
0.189135096383
0.189135096383
0.189135096383
0.189135096383
0.189135096383
0.189135096383
0.189135096383
0.189135096383
0.189135096383
0.189135096383
0.189135096383
0.189135096383
0.189135096383
0.189135096383
0.189135096383
0.189135096383
0.189135096383
0.189135096383
0.189135096383
0.189135096383
0.189135096383
0.189135096383
0.189135096383
0.189135096383
0.189135096383
0.189135096383
0.189135096383
0.189135096383
0.189135096383
0.189135096383
0.189135096383
0.189135096383
0.189135096383
0.189135096383
0.189135096383
0.189135096383
0.189135096383
0.189135096383
0.189135096383
0.189135096383
0.189135096383
0.189135096383
0.189135096383
0.189135096383
0.189135096383
0.189135096383
0.189135096383
0.189135096383
0.189135096383
0.189135096383
0.189135096383
0.189135096383
0.189135096383
0.189135096383
0.189135096383
0.189135096383
0.189135096383
0.189135096383
0.189135096383
0.189135096383
0.189135096383
0.189135096383
0.189135096383
0.189135096383
0.189135096383
0.189135096383
0.189135096383
0.189135096383
0.189135096383
0.189135096383
0.189135096383
0.189135096383
0.189135096383
0.189135096383
0.189135096383
0.189135096383
0.189135096383
0.189135096383
0.189135096383
0.189135096383
0.189135096383
0.189135096383
0.189135096383
0.189135096383
0.189135096383
0.189135096383
0.189135096383
0.189135096383
0.189135096383
0.189135096383
0.189135096383
0.17540683844
0.17540683844
0.17540683844
0.17540683844
0.17540683844
0.17540683844
0.17540683844
0.17540683844
0.17540683844
0.17540683844
0.17540683844
0.17540683844
0.17540683844
0.17540683844
0.17540683844
0.17540683844
0.17540683844
0.17540683844
0.17540683844
0.17540683844
0.17540683844
0.17540683844
0.17540683844
0.17540683844
0.17540683844
0.17540683844
0.17540683844
0.17540683844
0.17540683844
0.17540683844
0.17540683844
0.17540683844
0.17540683844
0.17540683844
0.17540683844
0.17540683844
0.17540683844
0.17540683844
0.17540683844
0.17540683844
0.17540683844
0.17540683844
0.17540683844
0.17540683844
0.17540683844
0.17540683844
0.17540683844
0.17540683844
0.17540683844
0.17540683844
0.17540683844
0.17540683844
0.17540683844
0.17540683844
0.17540683844
0.17540683844
0.17540683844
0.17540683844
0.17540683844
0.17540683844
0.17540683844
0.17540683844
0.17540683844
0.17540683844
0.17540683844
0.17540683844
0.17540683844
0.17540683844
0.17540683844
0.17540683844
0.17540683844
0.17540683844
0.17540683844
0.17540683844
0.17540683844
0.17540683844
0.17540683844
0.17540683844
0.17540683844
0.17540683844
0.17540683844
0.17540683844
0.17540683844
0.17540683844
0.17540683844
0.17540683844
0.17540683844
0.17540683844
0.17540683844
0.17540683844
0.17540683844
0.17540683844
0.17540683844
0.17540683844
0.17540683844
0.17540683844
0.17540683844
0.17540683844
0.17540683844
0.17540683844
0.17540683844
0.17540683844
0.17540683844
0.17540683844
0.17540683844
0.17540683844
0.17540683844
0.17540683844
0.17540683844
0.17540683844
0.17540683844
0.17540683844
0.17540683844
0.17540683844
0.17540683844
0.17540683844
0.17540683844
0.17540683844
0.17540683844
0.17540683844
0.17540683844
0.17540683844
0.17540683844
0.17540683844
0.17540683844
0.17540683844
0.17540683844
0.17540683844
0.17540683844
0.17540683844
0.17540683844
0.17540683844
0.17540683844
0.17540683844
0.17540683844
0.17540683844
