0.406275246521
0.32384607909
0.304280904766
0.29508291914
0.294979244355
0.294979244355
0.294979244355
0.294979244355
0.294486372056
0.294416502471
0.294416502471
0.294416502471
0.294416502471
0.294416502471
0.294416502471
0.294416502471
0.294416502471
0.288848332199
0.288848332199
0.288848332199
0.288848332199
0.288848332199
0.288848332199
0.288848332199
0.288848332199
0.288848332199
0.288848332199
0.288848332199
0.288848332199
0.288848332199
0.288848332199
0.287383712834
0.287383712834
0.287383712834
0.287383712834
0.287383712834
0.287383712834
0.28699600661
0.28699600661
0.28699600661
0.28699600661
0.28699600661
0.28699600661
0.28699600661
0.28699600661
0.28699600661
0.28687051754
0.28687051754
0.28687051754
0.28687051754
0.28687051754
0.28687051754
0.28687051754
0.28687051754
0.28687051754
0.28687051754
0.28687051754
0.28687051754
0.28687051754
0.28687051754
0.28687051754
0.28687051754
0.28687051754
0.28687051754
0.28687051754
0.28687051754
0.28687051754
0.28687051754
0.28687051754
0.28687051754
0.28687051754
0.28687051754
0.28687051754
0.28687051754
0.28687051754
0.28687051754
0.28687051754
0.28687051754
0.28687051754
0.28687051754
0.28687051754
0.28687051754
0.28687051754
0.28687051754
0.28687051754
0.28687051754
0.28687051754
0.28687051754
0.28687051754
0.28687051754
0.28687051754
0.28441834833
0.28441834833
0.28441834833
0.28441834833
0.28441834833
0.28441834833
0.28441834833
0.28441834833
0.28441834833
0.28441834833
0.28441834833
0.28441834833
0.28441834833
0.28441834833
0.28441834833
0.28441834833
0.28441834833
0.28441834833
0.28441834833
0.28441834833
0.28441834833
0.28441834833
0.28441834833
0.28441834833
0.28441834833
0.28441834833
0.28441834833
0.28441834833
0.28441834833
0.28441834833
0.28441834833
0.28441834833
0.28441834833
0.28441834833
0.28441834833
0.28441834833
0.28441834833
0.28441834833
0.28441834833
0.28441834833
0.28441834833
0.28441834833
0.28441834833
0.28441834833
0.28441834833
0.28441834833
0.28441834833
0.28441834833
0.28441834833
0.28441834833
0.28441834833
0.28441834833
0.28441834833
0.28441834833
0.28441834833
0.28441834833
0.28441834833
0.28441834833
0.28441834833
0.28441834833
0.28441834833
0.28441834833
0.28441834833
0.28441834833
0.28441834833
0.28441834833
0.28441834833
0.28441834833
0.28441834833
0.28441834833
0.28441834833
0.28441834833
0.28441834833
0.28441834833
0.28441834833
0.28441834833
0.28441834833
0.28441834833
0.28441834833
0.28441834833
0.28441834833
0.28441834833
0.28441834833
0.28441834833
0.28441834833
0.28441834833
0.28441834833
0.28441834833
0.28441834833
0.28441834833
0.28441834833
0.28441834833
0.28441834833
0.28441834833
0.28441834833
0.28441834833
0.28441834833
0.28441834833
0.28441834833
0.28441834833
0.28441834833
0.28441834833
0.28441834833
0.28441834833
0.28441834833
0.28441834833
0.28441834833
0.28441834833
0.28441834833
0.28441834833
0.28441834833
0.28441834833
0.28441834833
0.28441834833
0.28441834833
0.28441834833
0.28441834833
0.28441834833
0.28441834833
0.28441834833
0.28441834833
0.28441834833
0.28441834833
0.28441834833
0.28441834833
0.28441834833
0.28441834833
0.28441834833
0.28441834833
0.28441834833
0.28441834833
0.28441834833
0.28441834833
0.28441834833
0.28441834833
0.28441834833
0.28441834833
0.28441834833
0.28441834833
0.28441834833
0.28441834833
0.28441834833
0.28441834833
0.28441834833
0.28441834833
0.28441834833
0.28441834833
0.28441834833
0.28441834833
0.28441834833
0.28441834833
0.28441834833
0.28441834833
0.28441834833
0.28441834833
0.28441834833
0.28441834833
0.28441834833
0.28441834833
0.28441834833
0.28441834833
0.28441834833
0.28441834833
0.280966130265
0.280966130265
0.280966130265
0.280966130265
0.280966130265
0.280966130265
0.280966130265
0.280966130265
0.280966130265
0.280966130265
0.280966130265
0.280966130265
0.280966130265
0.280966130265
0.280966130265
0.280966130265
0.280966130265
0.280966130265
0.280966130265
0.280966130265
0.280966130265
0.280966130265
0.280966130265
0.280966130265
0.280966130265
0.280966130265
0.280966130265
0.280966130265
0.280966130265
0.280966130265
0.280966130265
0.280966130265
0.280966130265
0.280966130265
0.280966130265
0.280966130265
0.280966130265
0.280966130265
0.280966130265
0.280966130265
0.280966130265
0.280966130265
0.280966130265
0.280966130265
0.280966130265
0.280966130265
0.280966130265
0.280966130265
0.280966130265
0.280966130265
0.280966130265
0.280966130265
0.280966130265
0.280966130265
0.280966130265
0.280966130265
0.280966130265
0.280966130265
0.280966130265
0.280966130265
0.280966130265
0.280966130265
0.280966130265
0.280966130265
0.280966130265
0.280966130265
0.280966130265
0.280966130265
0.280966130265
0.280966130265
0.280966130265
0.280966130265
0.280966130265
0.280966130265
0.280966130265
0.280966130265
0.280966130265
0.280966130265
0.280966130265
0.280966130265
0.280966130265
0.280966130265
0.280966130265
0.280966130265
0.280966130265
0.280966130265
0.280966130265
0.280966130265
0.280966130265
0.280966130265
0.280966130265
0.280966130265
0.280966130265
0.280966130265
0.280966130265
0.280966130265
0.280966130265
0.280966130265
0.280966130265
0.280966130265
0.280966130265
0.280966130265
0.280966130265
0.280966130265
0.280966130265
0.280966130265
0.280966130265
0.280966130265
0.280966130265
0.280966130265
0.280966130265
0.280966130265
0.280966130265
0.280966130265
0.280966130265
0.280966130265
0.280966130265
0.280966130265
0.280966130265
0.280966130265
0.280966130265
0.280966130265
0.280966130265
0.280966130265
0.280966130265
0.280966130265
0.280966130265
0.280966130265
0.280966130265
0.280966130265
0.280966130265
0.280966130265
0.280966130265
0.280966130265
0.280966130265
0.280966130265
0.280966130265
0.280966130265
0.280966130265
0.280966130265
0.280966130265
0.280966130265
0.280966130265
0.280966130265
0.280966130265
0.280966130265
