0.405556173261
0.318097293653
0.305135338945
0.305135338945
0.29785663837
0.29785663837
0.29700687765
0.29700687765
0.29700687765
0.294259672667
0.294259672667
0.294259672667
0.294259672667
0.294259672667
0.294259672667
0.294259672667
0.292952316184
0.292952316184
0.292952316184
0.290090834261
0.290090834261
0.290090834261
0.290090834261
0.290090834261
0.290090834261
0.290090834261
0.290090834261
0.290090834261
0.290090834261
0.290090834261
0.290090834261
0.290090834261
0.290090834261
0.290090834261
0.290090834261
0.290090834261
0.290090834261
0.286936373153
0.286936373153
0.286936373153
0.286936373153
0.286936373153
0.286936373153
0.286936373153
0.286936373153
0.286936373153
0.286936373153
0.286936373153
0.286936373153
0.286936373153
0.286936373153
0.286936373153
0.286936373153
0.286936373153
0.286936373153
0.286602049595
0.286602049595
0.286602049595
0.286602049595
0.286602049595
0.286602049595
0.286602049595
0.286602049595
0.286602049595
0.286602049595
0.286602049595
0.286602049595
0.286602049595
0.286602049595
0.286602049595
0.286602049595
0.286602049595
0.286602049595
0.286602049595
0.286602049595
0.286602049595
0.286602049595
0.286602049595
0.286602049595
0.286602049595
0.286602049595
0.286602049595
0.285626985698
0.285626985698
0.285626985698
0.285626985698
0.285626985698
0.285626985698
0.285626985698
0.285626985698
0.285626985698
0.285626985698
0.285626985698
0.285626985698
0.285626985698
0.285626985698
0.285626985698
0.285626985698
0.285626985698
0.285626985698
0.285626985698
0.285626985698
0.285626985698
0.285626985698
0.285626985698
0.285626985698
0.285626985698
0.285626985698
0.285626985698
0.285626985698
0.285626985698
0.285626985698
0.285626985698
0.285626985698
0.285626985698
0.285626985698
0.285626985698
0.285626985698
0.285626985698
0.285626985698
0.285626985698
0.285626985698
0.285626985698
0.285626985698
0.285626985698
0.285626985698
0.285626985698
0.285626985698
0.285626985698
0.285626985698
0.285626985698
0.285626985698
0.285626985698
0.285626985698
0.285626985698
0.285626985698
0.285626985698
0.285626985698
0.285626985698
0.285626985698
0.285626985698
0.285626985698
0.285626985698
0.279966699614
0.279966699614
0.279966699614
0.279966699614
0.279966699614
0.279966699614
0.279966699614
0.279966699614
0.279966699614
0.279966699614
0.279966699614
0.279966699614
0.279966699614
0.279966699614
0.279966699614
0.279966699614
0.279966699614
0.279966699614
0.279966699614
0.279966699614
0.279966699614
0.279966699614
0.279966699614
0.279966699614
0.279966699614
0.279966699614
0.279966699614
0.279966699614
0.279966699614
0.279966699614
0.279966699614
0.279966699614
0.279966699614
0.279966699614
0.279966699614
0.279966699614
0.279966699614
0.279966699614
0.279966699614
0.279966699614
0.279966699614
0.279966699614
0.279966699614
0.279966699614
0.279966699614
0.279966699614
0.279966699614
0.279966699614
0.279966699614
0.279966699614
0.279966699614
0.279966699614
0.279966699614
0.279966699614
0.279966699614
0.279966699614
0.279966699614
0.279966699614
0.279966699614
0.279966699614
0.279966699614
0.279966699614
0.279966699614
0.279966699614
0.279966699614
0.279966699614
0.274536873506
0.274536873506
0.274536873506
0.274536873506
0.274536873506
0.274536873506
0.274536873506
0.274536873506
0.274536873506
0.274536873506
0.274536873506
0.274536873506
0.274536873506
0.274536873506
0.274536873506
0.274536873506
0.274536873506
0.274536873506
0.274536873506
0.274536873506
0.274536873506
0.274536873506
0.274536873506
0.274536873506
0.274536873506
0.274536873506
0.274536873506
0.274536873506
0.274536873506
0.274536873506
0.274536873506
0.274536873506
0.274536873506
0.274536873506
0.274536873506
0.274536873506
0.274536873506
0.274536873506
0.274536873506
0.274536873506
0.274536873506
0.274536873506
0.274536873506
0.274536873506
0.274536873506
0.274536873506
0.274536873506
0.274536873506
0.274536873506
0.274536873506
0.274536873506
0.274536873506
0.274536873506
0.274536873506
0.274536873506
0.274536873506
0.274536873506
0.274536873506
0.274536873506
0.274536873506
0.274536873506
0.274536873506
0.274536873506
0.274536873506
0.274536873506
0.274536873506
0.274536873506
0.274536873506
0.274536873506
0.274536873506
0.274536873506
0.274536873506
0.274536873506
0.274536873506
0.274536873506
0.274536873506
0.274536873506
0.274536873506
0.274536873506
0.274536873506
0.274536873506
0.274536873506
0.274536873506
0.274536873506
0.274536873506
0.274536873506
0.274536873506
0.274536873506
0.274536873506
0.274536873506
0.274536873506
0.274536873506
0.274536873506
0.274536873506
0.274536873506
0.274536873506
0.274536873506
0.274536873506
0.274536873506
0.274536873506
0.274536873506
0.274536873506
0.274536873506
0.274536873506
0.274536873506
0.274536873506
0.274536873506
0.274536873506
0.274536873506
0.274536873506
0.274536873506
0.274536873506
0.274536873506
0.274536873506
0.274536873506
0.274536873506
0.274536873506
0.274536873506
0.274536873506
0.274536873506
0.274536873506
0.274536873506
0.274536873506
0.274536873506
0.274536873506
0.274536873506
0.274536873506
0.274536873506
0.274536873506
0.274536873506
0.274536873506
0.274536873506
0.274536873506
0.274536873506
0.274536873506
0.274536873506
0.274536873506
0.274536873506
0.274536873506
0.274536873506
0.274536873506
0.274536873506
0.274536873506
0.274536873506
0.274536873506
0.274536873506
0.274536873506
0.274536873506
0.274536873506
0.274536873506
0.274536873506
0.274536873506
0.274536873506
0.274536873506
0.274536873506
0.274536873506
0.274536873506
0.274536873506
0.274536873506
0.274536873506
0.274536873506
0.274536873506
0.274536873506
0.274536873506
0.274536873506
0.274536873506
0.274536873506
0.274536873506
0.274536873506
0.274536873506
0.274536873506
0.274536873506
0.274536873506
0.274536873506
0.274536873506
0.274536873506
0.274536873506
0.274536873506
0.274536873506
0.274536873506
0.274536873506
0.274536873506
0.274536873506
0.274536873506
0.274536873506
0.274536873506
0.274536873506
0.274536873506
0.274536873506
0.274536873506
0.274536873506
