0.421974116529
0.308598868175
0.300498455448
0.300498455448
0.300355204615
0.299915371338
0.299915371338
0.299915371338
0.299915371338
0.299915371338
0.299915371338
0.296651199869
0.296651199869
0.291464828194
0.291464828194
0.291464828194
0.291464828194
0.291464828194
0.291464828194
0.291464828194
0.291464828194
0.287285870162
0.287285870162
0.287285870162
0.286030952836
0.286030952836
0.286030952836
0.286030952836
0.286030952836
0.286030952836
0.286030952836
0.286030952836
0.286030952836
0.286030952836
0.286030952836
0.286030952836
0.286030952836
0.286030952836
0.286030952836
0.286030952836
0.286030952836
0.286030952836
0.286030952836
0.286030952836
0.286030952836
0.286030952836
0.286030952836
0.286030952836
0.286030952836
0.286030952836
0.286030952836
0.283482037563
0.283482037563
0.283482037563
0.283482037563
0.283482037563
0.283482037563
0.283482037563
0.283482037563
0.283482037563
0.283482037563
0.283482037563
0.283482037563
0.283482037563
0.283482037563
0.283482037563
0.283482037563
0.283482037563
0.283482037563
0.283482037563
0.283482037563
0.283482037563
0.283482037563
0.283482037563
0.283482037563
0.283482037563
0.283482037563
0.283482037563
0.283482037563
0.283482037563
0.283482037563
0.283482037563
0.283482037563
0.283482037563
0.283482037563
0.283482037563
0.283482037563
0.283482037563
0.283482037563
0.283482037563
0.283482037563
0.283482037563
0.283482037563
0.283482037563
0.283482037563
0.283482037563
0.283482037563
0.283482037563
0.283482037563
0.283482037563
0.283482037563
0.283482037563
0.283482037563
0.283482037563
0.283482037563
0.283482037563
0.283482037563
0.283482037563
0.283482037563
0.283482037563
0.283482037563
0.283482037563
0.283482037563
0.283482037563
0.283482037563
0.283482037563
0.283482037563
0.283482037563
0.283482037563
0.283482037563
0.283482037563
0.283482037563
0.283482037563
0.283482037563
0.283482037563
0.283482037563
0.283482037563
0.283482037563
0.283482037563
0.283482037563
0.283482037563
0.283482037563
0.283482037563
0.283482037563
0.283482037563
0.283482037563
0.283482037563
0.283482037563
0.283482037563
0.283482037563
0.283482037563
0.283482037563
0.283482037563
0.283482037563
0.283482037563
0.283482037563
0.283482037563
0.283482037563
0.283482037563
0.283482037563
0.283482037563
0.283482037563
0.283482037563
0.283482037563
0.283482037563
0.283482037563
0.283482037563
0.283482037563
0.283482037563
0.283482037563
0.283482037563
0.283482037563
0.283482037563
0.283482037563
0.283482037563
0.283482037563
0.283482037563
0.283482037563
0.283482037563
0.283482037563
0.283482037563
0.283482037563
0.283482037563
0.283482037563
0.283482037563
0.283482037563
0.283482037563
0.283482037563
0.283482037563
0.283482037563
0.283482037563
0.283482037563
0.283482037563
0.283482037563
0.283482037563
0.283482037563
0.283482037563
0.283482037563
0.283482037563
0.283482037563
0.283482037563
0.283482037563
0.283482037563
0.283482037563
0.283482037563
0.283482037563
0.283482037563
0.283482037563
0.283482037563
0.283482037563
0.283482037563
0.283482037563
0.283482037563
0.283482037563
0.283482037563
0.283482037563
0.283482037563
0.283482037563
0.283482037563
0.283482037563
0.283482037563
0.283482037563
0.283482037563
0.283482037563
0.283482037563
0.283482037563
0.283482037563
0.283482037563
0.283482037563
0.283482037563
0.283482037563
0.283482037563
0.283482037563
0.283482037563
0.283482037563
0.283482037563
0.283482037563
0.283482037563
0.283482037563
0.283482037563
0.283482037563
0.283482037563
0.283482037563
0.283482037563
0.283482037563
0.283482037563
0.283482037563
0.283482037563
0.283482037563
0.283482037563
0.283482037563
0.283482037563
0.283482037563
0.283482037563
0.283482037563
0.283482037563
0.283482037563
0.283482037563
0.283482037563
0.283482037563
0.283482037563
0.283482037563
0.283482037563
0.283482037563
0.283482037563
0.283482037563
0.283482037563
0.283482037563
0.283482037563
0.283482037563
0.283482037563
0.283482037563
0.283482037563
0.283482037563
0.283482037563
0.283482037563
0.283482037563
0.283482037563
0.283482037563
0.283482037563
0.283482037563
0.283482037563
0.283482037563
0.283482037563
0.283482037563
0.283482037563
0.283482037563
0.283482037563
0.283482037563
0.283482037563
0.283482037563
0.283482037563
0.283482037563
0.283482037563
0.283482037563
0.283482037563
0.283482037563
0.283482037563
0.283482037563
0.283482037563
0.283482037563
0.283482037563
0.283482037563
0.283482037563
0.283482037563
0.283482037563
0.283482037563
0.283482037563
0.283482037563
0.283482037563
0.283482037563
0.283482037563
0.283482037563
0.282024863434
0.282024863434
0.282024863434
0.282024863434
0.282024863434
0.282024863434
0.282024863434
0.282024863434
0.282024863434
0.282024863434
0.282024863434
0.282024863434
0.282024863434
0.282024863434
0.282024863434
0.282024863434
0.282024863434
0.282024863434
0.282024863434
0.282024863434
0.282024863434
0.282024863434
0.282024863434
0.282024863434
0.282024863434
0.282024863434
0.282024863434
0.282024863434
0.282024863434
0.282024863434
0.282024863434
0.282024863434
0.282024863434
0.282024863434
0.282024863434
0.282024863434
0.282024863434
0.282024863434
0.282024863434
0.282024863434
0.282024863434
0.282024863434
0.282024863434
0.282024863434
0.282024863434
0.282024863434
0.282024863434
0.282024863434
0.282024863434
0.282024863434
0.282024863434
0.282024863434
0.282024863434
0.282024863434
0.282024863434
0.282024863434
0.282024863434
0.282024863434
0.282024863434
0.282024863434
0.282024863434
0.282024863434
0.282024863434
0.282024863434
0.282024863434
0.282024863434
0.282024863434
0.282024863434
0.282024863434
0.282024863434
0.282024863434
0.282024863434
0.282024863434
0.282024863434
0.282024863434
0.282024863434
0.282024863434
0.282024863434
0.282024863434
0.282024863434
0.282024863434
0.282024863434
0.282024863434
0.282024863434
0.282024863434
0.282024863434
0.282024863434
0.282024863434
0.282024863434
0.282024863434
0.282024863434
0.282024863434
0.282024863434
0.282024863434
0.282024863434
0.282024863434
0.282024863434
