0.274061416639
0.225911037727
0.216314104934
0.210140351723
0.210140351723
0.20712639265
0.193008315811
0.193008315811
0.193008315811
0.193008315811
0.193008315811
0.193008315811
0.193008315811
0.193008315811
0.193008315811
0.193008315811
0.193008315811
0.193008315811
0.193008315811
0.193008315811
0.193008315811
0.193008315811
0.193008315811
0.193008315811
0.193008315811
0.188030922392
0.188030922392
0.188030922392
0.188030922392
0.188030922392
0.188030922392
0.188030922392
0.188030922392
0.188030922392
0.188030922392
0.188030922392
0.188030922392
0.188030922392
0.188030922392
0.188030922392
0.188030922392
0.188030922392
0.188030922392
0.188030922392
0.188030922392
0.188030922392
0.188030922392
0.188030922392
0.188030922392
0.188030922392
0.188030922392
0.188030922392
0.188030922392
0.188030922392
0.188030922392
0.188030922392
0.188030922392
0.188030922392
0.188030922392
0.188030922392
0.188030922392
0.188030922392
0.188030922392
0.188030922392
0.188030922392
0.188030922392
0.188030922392
0.188030922392
0.188030922392
0.188030922392
0.188030922392
0.188030922392
0.188030922392
0.188030922392
0.188030922392
0.188030922392
0.188030922392
0.188030922392
0.188030922392
0.188030922392
0.188030922392
0.188030922392
0.188030922392
0.188030922392
0.188030922392
0.188030922392
0.188030922392
0.188030922392
0.188030922392
0.188030922392
0.188030922392
0.188030922392
0.188030922392
0.188030922392
0.188030922392
0.188030922392
0.188030922392
0.188030922392
0.188030922392
0.188030922392
0.188030922392
0.188030922392
0.188030922392
0.188030922392
0.188030922392
0.188030922392
0.188030922392
0.188030922392
0.188030922392
0.188030922392
0.188030922392
0.188030922392
0.188030922392
0.188030922392
0.188030922392
0.188030922392
0.188030922392
0.188030922392
0.188030922392
0.188030922392
0.188030922392
0.186293117107
0.186293117107
0.186293117107
0.186293117107
0.186293117107
0.186293117107
0.186293117107
0.186293117107
0.186293117107
0.186293117107
0.186293117107
0.186293117107
0.186293117107
0.186293117107
0.186293117107
0.186293117107
0.186293117107
0.186293117107
0.186293117107
0.186293117107
0.186293117107
0.186293117107
0.186293117107
0.186293117107
0.186293117107
0.186293117107
0.186293117107
0.186293117107
0.186293117107
0.186293117107
0.186293117107
0.186293117107
0.186293117107
0.186293117107
0.186293117107
0.186293117107
0.186293117107
0.186293117107
0.186293117107
0.186293117107
0.186293117107
0.186293117107
0.186293117107
0.186293117107
0.186293117107
0.186293117107
0.186293117107
0.186293117107
0.186293117107
0.186293117107
0.186293117107
0.186293117107
0.186293117107
0.186293117107
0.186293117107
0.186293117107
0.186293117107
0.186293117107
0.186293117107
0.186293117107
0.186293117107
0.186293117107
0.186293117107
0.186293117107
0.186293117107
0.186293117107
0.186293117107
0.186293117107
0.186293117107
0.186293117107
0.186293117107
0.186293117107
0.186293117107
0.186293117107
0.186293117107
0.186293117107
0.186293117107
0.186293117107
0.186293117107
0.186293117107
0.186293117107
0.186293117107
0.186293117107
0.186293117107
0.186293117107
0.186293117107
0.186293117107
0.186293117107
0.186293117107
0.186293117107
0.186293117107
0.186293117107
0.186293117107
0.186293117107
0.186293117107
0.186293117107
0.186293117107
0.186293117107
0.186293117107
0.186293117107
0.186293117107
0.186293117107
0.186293117107
0.186293117107
0.186293117107
0.186293117107
0.186293117107
0.186293117107
0.186293117107
0.186293117107
0.186293117107
0.186293117107
0.186293117107
0.186293117107
0.186293117107
0.186293117107
0.186293117107
0.186293117107
0.186293117107
0.186293117107
0.186293117107
0.186293117107
0.186293117107
0.186293117107
0.186293117107
0.186293117107
0.186293117107
0.186293117107
0.186293117107
0.186293117107
0.186293117107
0.186293117107
0.186293117107
0.186293117107
0.186293117107
0.186293117107
0.186293117107
0.186293117107
0.186293117107
0.186293117107
0.186293117107
0.186293117107
0.186293117107
0.186293117107
0.186293117107
0.186293117107
0.186293117107
0.186293117107
0.186293117107
0.186293117107
0.186293117107
0.186293117107
0.186293117107
0.186293117107
0.186293117107
0.186293117107
0.186293117107
0.186293117107
0.186293117107
0.186293117107
0.186293117107
0.186293117107
0.186293117107
0.186293117107
0.186293117107
0.186293117107
0.186293117107
0.186293117107
0.186293117107
0.186293117107
0.186293117107
0.186293117107
0.186293117107
0.186293117107
0.186293117107
0.186293117107
0.186293117107
0.186293117107
0.186293117107
