0.412131660572
0.31163861506
0.301954388609
0.301954388609
0.29599798475
0.29599798475
0.29599798475
0.29599798475
0.29599798475
0.290941711919
0.290941711919
0.290941711919
0.290941711919
0.290941711919
0.290941711919
0.290941711919
0.290941711919
0.290941711919
0.290941711919
0.290941711919
0.290941711919
0.290941711919
0.290941711919
0.290941711919
0.290941711919
0.290941711919
0.290941711919
0.290941711919
0.290941711919
0.290941711919
0.290941711919
0.290941711919
0.290941711919
0.290941711919
0.290941711919
0.290941711919
0.290941711919
0.290941711919
0.290941711919
0.290941711919
0.290941711919
0.290941711919
0.290941711919
0.290941711919
0.290941711919
0.290941711919
0.290941711919
0.290941711919
0.290941711919
0.290941711919
0.290941711919
0.290941711919
0.290941711919
0.290941711919
0.290941711919
0.290941711919
0.28785502159
0.28785502159
0.28785502159
0.28785502159
0.28785502159
0.28785502159
0.28785502159
0.28785502159
0.28785502159
0.28785502159
0.28785502159
0.28785502159
0.28785502159
0.28785502159
0.28785502159
0.28785502159
0.28785502159
0.28785502159
0.28785502159
0.28785502159
0.28785502159
0.28785502159
0.28785502159
0.28785502159
0.28785502159
0.28785502159
0.28785502159
0.28785502159
0.28785502159
0.28785502159
0.28785502159
0.28785502159
0.28785502159
0.28785502159
0.28785502159
0.28785502159
0.28785502159
0.28785502159
0.28785502159
0.28785502159
0.28785502159
0.28785502159
0.28785502159
0.28785502159
0.28785502159
0.28785502159
0.28785502159
0.28785502159
0.28785502159
0.28785502159
0.28785502159
0.28785502159
0.28785502159
0.28785502159
0.28785502159
0.28785502159
0.28785502159
0.28785502159
0.28785502159
0.28785502159
0.28785502159
0.28785502159
0.28785502159
0.28785502159
0.28785502159
0.28785502159
0.28785502159
0.28785502159
0.28785502159
0.28785502159
0.28785502159
0.28785502159
0.28785502159
0.28785502159
0.28785502159
0.28785502159
0.28785502159
0.28785502159
0.28785502159
0.28785502159
0.28785502159
0.28785502159
0.28785502159
0.28785502159
0.28785502159
0.28785502159
0.28785502159
0.28785502159
0.28785502159
0.28785502159
0.28785502159
0.28785502159
0.28785502159
0.28785502159
0.28785502159
0.28785502159
0.28785502159
0.28785502159
0.28785502159
0.28785502159
0.28785502159
0.28785502159
0.28785502159
0.28785502159
0.28785502159
0.28785502159
0.28785502159
0.28785502159
0.28785502159
0.28785502159
0.28785502159
0.28785502159
0.28785502159
0.28785502159
0.28785502159
0.28785502159
0.28785502159
0.28785502159
0.28785502159
0.28785502159
0.28785502159
0.28785502159
0.28785502159
0.28785502159
0.28785502159
0.28785502159
0.28785502159
0.28785502159
0.28785502159
0.28785502159
0.28785502159
0.28785502159
0.28785502159
0.28785502159
0.28785502159
0.28785502159
0.28785502159
0.28785502159
0.28785502159
0.28785502159
0.28785502159
0.28785502159
0.28785502159
0.28785502159
0.28785502159
0.28785502159
0.28785502159
0.28785502159
0.28785502159
0.28785502159
0.28785502159
0.28785502159
0.28785502159
0.28785502159
0.28785502159
0.28785502159
0.28785502159
0.28785502159
0.28785502159
0.28785502159
0.28785502159
0.28785502159
0.28785502159
0.28785502159
0.28785502159
0.28785502159
0.28785502159
0.28785502159
0.28785502159
0.28785502159
0.28785502159
0.28785502159
0.28785502159
0.286977716785
0.286977716785
0.286977716785
0.286977716785
0.286977716785
0.286977716785
0.286977716785
0.286977716785
0.286977716785
0.286977716785
0.286977716785
0.286977716785
0.286977716785
0.286977716785
0.286977716785
0.286977716785
0.286977716785
0.286977716785
0.286977716785
0.286977716785
0.286977716785
0.286977716785
0.286977716785
0.286977716785
0.286977716785
0.286977716785
0.286977716785
0.286977716785
0.286977716785
0.286977716785
0.286977716785
0.286977716785
0.286977716785
0.286296649925
0.286296649925
0.286296649925
0.286296649925
0.286296649925
0.286296649925
0.286296649925
0.286296649925
0.286296649925
0.286296649925
0.286296649925
0.286296649925
0.286296649925
0.286296649925
0.286296649925
0.286296649925
0.286296649925
0.286296649925
0.286296649925
0.286296649925
0.286296649925
0.286296649925
0.286296649925
0.286296649925
0.286296649925
0.286296649925
0.286296649925
0.286296649925
0.286296649925
0.286296649925
0.286296649925
0.286296649925
0.286296649925
0.286296649925
0.286296649925
0.286296649925
0.286296649925
0.286296649925
0.286296649925
0.286296649925
0.286296649925
0.286296649925
0.286296649925
0.286296649925
0.286296649925
0.286296649925
0.286296649925
0.286296649925
0.286296649925
0.286296649925
0.286296649925
0.286296649925
0.286296649925
0.286296649925
0.286296649925
0.286296649925
0.286296649925
0.286296649925
0.286296649925
0.286296649925
0.286296649925
0.286296649925
0.286296649925
0.286296649925
0.286296649925
0.286296649925
0.286296649925
0.286296649925
0.286296649925
0.286296649925
0.286296649925
0.286296649925
0.286296649925
0.286296649925
0.286296649925
0.286296649925
0.286296649925
0.286296649925
0.286296649925
0.286296649925
0.286296649925
0.286296649925
0.286296649925
0.286296649925
0.286296649925
0.286296649925
0.286296649925
0.286296649925
0.286296649925
0.286296649925
0.286296649925
0.286296649925
0.286296649925
0.286296649925
0.286296649925
0.286296649925
0.286296649925
0.286296649925
0.286296649925
0.286296649925
0.286296649925
0.286296649925
0.286296649925
0.286296649925
0.286296649925
0.286296649925
0.286296649925
0.286296649925
0.286296649925
0.286296649925
0.286296649925
0.286296649925
0.286296649925
0.286296649925
0.286296649925
0.286296649925
0.286296649925
0.286296649925
0.286296649925
0.286296649925
0.286296649925
0.286296649925
0.286296649925
0.286296649925
0.286296649925
0.286296649925
0.286296649925
0.282825576774
0.282825576774
0.282825576774
0.282825576774
0.282825576774
0.282825576774
0.282825576774
0.282825576774
0.282825576774
0.282825576774
0.282825576774
