0.419577348312
0.34073418426
0.314785225881
0.299019753862
0.299019753862
0.293787760592
0.289882690943
0.289882690943
0.289882690943
0.289882690943
0.289882690943
0.289882690943
0.289882690943
0.289882690943
0.289882690943
0.289882690943
0.289882690943
0.289882690943
0.289882690943
0.289882690943
0.289882690943
0.289882690943
0.289882690943
0.288786250859
0.288786250859
0.288786250859
0.288786250859
0.288786250859
0.288786250859
0.288786250859
0.288786250859
0.288786250859
0.288786250859
0.288786250859
0.288786250859
0.288786250859
0.288786250859
0.288786250859
0.288786250859
0.288786250859
0.288786250859
0.288786250859
0.288786250859
0.288786250859
0.288786250859
0.288786250859
0.288786250859
0.288786250859
0.288786250859
0.288786250859
0.288786250859
0.287159441915
0.287159441915
0.287159441915
0.287159441915
0.287159441915
0.287159441915
0.287159441915
0.287159441915
0.287159441915
0.287159441915
0.287159441915
0.287159441915
0.287159441915
0.287159441915
0.287159441915
0.287159441915
0.287159441915
0.287159441915
0.287159441915
0.287159441915
0.287159441915
0.287159441915
0.287159441915
0.287159441915
0.287159441915
0.287159441915
0.287159441915
0.287159441915
0.287159441915
0.287159441915
0.287159441915
0.287159441915
0.287159441915
0.287159441915
0.287159441915
0.287159441915
0.287159441915
0.287159441915
0.287159441915
0.287159441915
0.287159441915
0.287159441915
0.287159441915
0.287159441915
0.287159441915
0.287159441915
0.287159441915
0.287159441915
0.287159441915
0.287159441915
0.287159441915
0.287159441915
0.287159441915
0.287159441915
0.287159441915
0.287159441915
0.287159441915
0.287159441915
0.287159441915
0.287159441915
0.287159441915
0.287159441915
0.287159441915
0.287159441915
0.287159441915
0.287159441915
0.287159441915
0.287159441915
0.287159441915
0.287159441915
0.287159441915
0.287159441915
0.287159441915
0.287159441915
0.287159441915
0.287159441915
0.287159441915
0.287159441915
0.287159441915
0.287159441915
0.287159441915
0.284819871129
0.284819871129
0.284819871129
0.284819871129
0.284819871129
0.284819871129
0.284819871129
0.284819871129
0.284819871129
0.284819871129
0.284819871129
0.284819871129
0.284819871129
0.284819871129
0.284819871129
0.284819871129
0.284819871129
0.284819871129
0.284819871129
0.284819871129
0.284819871129
0.284819871129
0.284819871129
0.284819871129
0.284819871129
0.284819871129
0.284819871129
0.284819871129
0.284819871129
0.284819871129
0.284819871129
0.284819871129
0.284819871129
0.284819871129
0.284819871129
0.284819871129
0.284819871129
0.284819871129
0.284819871129
0.284819871129
0.284819871129
0.284819871129
0.284819871129
0.284819871129
0.284819871129
0.284819871129
0.284819871129
0.284819871129
0.284819871129
0.284819871129
0.284819871129
0.284819871129
0.284819871129
0.284819871129
0.284819871129
0.284819871129
0.284819871129
0.284819871129
0.284819871129
0.284819871129
0.284819871129
0.284819871129
0.284819871129
0.284819871129
0.284819871129
0.284819871129
0.284819871129
0.284819871129
0.284819871129
0.284819871129
0.284819871129
0.284819871129
0.284819871129
0.284819871129
0.284819871129
0.284819871129
0.283108216506
0.283108216506
0.283108216506
0.283108216506
0.283108216506
0.283108216506
0.283108216506
0.283108216506
0.283108216506
0.283108216506
0.283108216506
0.283108216506
0.283108216506
0.283108216506
0.283108216506
0.283108216506
0.283108216506
0.283108216506
0.283108216506
0.283108216506
0.283108216506
0.283108216506
0.283108216506
0.283108216506
0.283108216506
0.283108216506
0.283108216506
0.283108216506
0.283108216506
0.283108216506
0.283108216506
0.283108216506
0.283108216506
0.283108216506
0.283108216506
0.283108216506
0.283108216506
0.283108216506
0.283108216506
0.283108216506
0.283108216506
0.283108216506
0.283108216506
0.283108216506
0.283108216506
0.283108216506
0.283108216506
0.283108216506
0.283108216506
0.283108216506
0.283108216506
0.283108216506
0.283108216506
0.283108216506
0.283108216506
0.283108216506
0.283108216506
0.283108216506
0.283108216506
0.283108216506
0.283108216506
0.283108216506
0.283108216506
0.283108216506
0.283108216506
0.283108216506
0.283108216506
0.283108216506
0.283108216506
0.283108216506
0.283108216506
0.283108216506
0.283108216506
0.283108216506
0.283108216506
0.283108216506
0.283108216506
0.283108216506
0.283108216506
0.283108216506
0.283108216506
0.283108216506
0.283108216506
0.283108216506
0.283108216506
0.282612218448
0.282612218448
0.282612218448
0.282612218448
0.282612218448
0.282612218448
0.282612218448
0.282612218448
0.282612218448
0.282612218448
0.282612218448
0.282612218448
0.282612218448
0.282612218448
0.282612218448
0.282612218448
0.282612218448
0.282612218448
0.282612218448
0.282612218448
0.282612218448
0.282612218448
0.282612218448
0.282612218448
0.282612218448
0.282612218448
0.282612218448
0.282612218448
0.282612218448
0.282612218448
0.282612218448
0.282612218448
0.282612218448
0.282612218448
0.282612218448
0.282612218448
0.282612218448
0.282612218448
0.282612218448
0.282612218448
0.282612218448
0.282612218448
0.282612218448
0.282612218448
0.282612218448
0.282612218448
0.282612218448
0.282612218448
0.282612218448
0.282612218448
0.282612218448
0.282612218448
0.282612218448
0.282612218448
0.282612218448
0.282612218448
0.282612218448
0.282612218448
0.282612218448
0.282612218448
0.282612218448
0.282612218448
0.282612218448
0.282612218448
0.282612218448
0.282612218448
0.282612218448
0.282612218448
0.282612218448
0.282612218448
0.282612218448
0.282612218448
0.282612218448
0.282612218448
0.282612218448
0.282612218448
0.282612218448
0.282612218448
0.282612218448
0.282612218448
0.282612218448
0.282612218448
0.282612218448
0.282612218448
0.282612218448
0.282612218448
0.282612218448
0.282612218448
0.282612218448
0.282612218448
0.282612218448
0.282612218448
0.282612218448
0.282612218448
0.282612218448
0.282612218448
0.282612218448
0.282612218448
0.282612218448
0.282612218448
0.282612218448
0.282612218448
0.282612218448
0.282612218448
0.282612218448
0.282612218448
0.282612218448
