0.270524639087
0.22326433777
0.217295066096
0.211207135491
0.203170284539
0.203170284539
0.186837906639
0.186837906639
0.186837906639
0.186837906639
0.186837906639
0.186837906639
0.186837906639
0.186837906639
0.186837906639
0.186837906639
0.186837906639
0.186837906639
0.186837906639
0.186837906639
0.186837906639
0.186837906639
0.186837906639
0.186837906639
0.186837906639
0.186837906639
0.186837906639
0.186837906639
0.186837906639
0.186837906639
0.186837906639
0.186837906639
0.186837906639
0.186837906639
0.186837906639
0.186837906639
0.186837906639
0.186837906639
0.186837906639
0.186837906639
0.186837906639
0.186837906639
0.186837906639
0.186837906639
0.186837906639
0.186837906639
0.186837906639
0.186837906639
0.186837906639
0.186837906639
0.186837906639
0.186837906639
0.186837906639
0.186837906639
0.186837906639
0.186837906639
0.186837906639
0.186837906639
0.186837906639
0.186837906639
0.186837906639
0.186837906639
0.186837906639
0.186837906639
0.186837906639
0.186837906639
0.186837906639
0.186837906639
0.186837906639
0.186837906639
0.186837906639
0.186837906639
0.186837906639
0.186837906639
0.186837906639
0.186837906639
0.186837906639
0.186837906639
0.186837906639
0.186837906639
0.186837906639
0.186837906639
0.186837906639
0.186837906639
0.186837906639
0.186837906639
0.186837906639
0.186837906639
0.186837906639
0.186837906639
0.186837906639
0.186837906639
0.186837906639
0.186837906639
0.186837906639
0.186837906639
0.186837906639
0.186837906639
0.186837906639
0.186837906639
0.186837906639
0.186837906639
0.186837906639
0.186837906639
0.186837906639
0.186837906639
0.186837906639
0.186837906639
0.186837906639
0.186837906639
0.186837906639
0.186837906639
0.186837906639
0.186837906639
0.186837906639
0.186837906639
0.186837906639
0.186837906639
0.186837906639
0.186837906639
0.186837906639
0.186837906639
0.186837906639
0.186837906639
0.186837906639
0.186837906639
0.186837906639
0.186837906639
0.186837906639
0.186837906639
0.186837906639
0.186837906639
0.186837906639
0.186837906639
0.184874783742
0.184874783742
0.184874783742
0.184874783742
0.184874783742
0.184874783742
0.184874783742
0.184874783742
0.184874783742
0.184874783742
0.184874783742
0.184874783742
0.184874783742
0.184874783742
0.184874783742
0.184874783742
0.184874783742
0.184874783742
0.184874783742
0.184874783742
0.184874783742
0.184874783742
0.184874783742
0.184874783742
0.184874783742
0.184874783742
0.184874783742
0.184874783742
0.184874783742
0.184874783742
0.184874783742
0.184874783742
0.184874783742
0.184874783742
0.184874783742
0.184874783742
0.184874783742
0.184874783742
0.184874783742
0.184874783742
0.184874783742
0.184874783742
0.184874783742
0.184874783742
0.184874783742
0.184874783742
0.184874783742
0.184874783742
0.184874783742
0.184874783742
0.184874783742
0.184874783742
0.184874783742
0.184874783742
0.184874783742
0.184874783742
0.184874783742
0.184874783742
0.184874783742
0.184874783742
0.184874783742
0.184874783742
0.184874783742
0.184874783742
0.184874783742
0.184874783742
0.184874783742
0.184874783742
0.184874783742
0.184874783742
0.184874783742
0.184874783742
0.184874783742
0.184874783742
0.184874783742
0.184874783742
0.184874783742
0.184874783742
0.184874783742
0.184874783742
0.184874783742
0.184874783742
0.184874783742
0.184874783742
0.184874783742
0.184874783742
0.184874783742
0.184874783742
0.184874783742
0.184874783742
0.184874783742
0.184874783742
0.184874783742
0.184874783742
0.184874783742
0.184874783742
0.184874783742
0.184874783742
0.184874783742
0.184874783742
0.184874783742
0.184874783742
0.184874783742
0.184874783742
0.184874783742
0.184874783742
0.184874783742
0.184874783742
0.184874783742
0.184874783742
0.184874783742
0.184874783742
0.184874783742
0.184874783742
0.184874783742
0.184874783742
0.184874783742
0.184874783742
0.184874783742
0.184874783742
0.184874783742
0.184874783742
0.184874783742
0.184874783742
0.184874783742
0.184874783742
0.184874783742
0.184874783742
0.184874783742
0.184874783742
0.184874783742
0.184874783742
0.184874783742
0.184874783742
0.184874783742
0.184874783742
0.184874783742
0.184874783742
0.184874783742
0.184874783742
0.184874783742
0.184874783742
0.184874783742
0.184874783742
0.184874783742
0.184874783742
0.184874783742
0.184874783742
0.184874783742
0.184874783742
0.184874783742
0.184874783742
0.184874783742
0.184874783742
0.184874783742
0.184874783742
0.184874783742
0.184874783742
0.184874783742
0.184874783742
0.184874783742
0.184874783742
0.184874783742
0.184874783742
0.184874783742
0.184874783742
