0.335191279823
0.229132168995
0.221474438598
0.203232279429
0.200926225758
0.200926225758
0.200926225758
0.200926225758
0.200926225758
0.200926225758
0.200926225758
0.194260157834
0.194260157834
0.194260157834
0.194260157834
0.194260157834
0.194260157834
0.19183908162
0.19183908162
0.19183908162
0.19183908162
0.19183908162
0.19183908162
0.19183908162
0.19183908162
0.19183908162
0.19183908162
0.19183908162
0.19183908162
0.19183908162
0.19183908162
0.19183908162
0.191712896162
0.191712896162
0.191712896162
0.191712896162
0.191712896162
0.191712896162
0.191712896162
0.191712896162
0.191712896162
0.191712896162
0.191712896162
0.191712896162
0.191712896162
0.191712896162
0.191712896162
0.191712896162
0.191712896162
0.191712896162
0.191712896162
0.191712896162
0.191712896162
0.191712896162
0.191712896162
0.191712896162
0.191712896162
0.191712896162
0.191712896162
0.191712896162
0.191712896162
0.191712896162
0.191712896162
0.191712896162
0.191712896162
0.191712896162
0.191712896162
0.191712896162
0.191712896162
0.191712896162
0.191712896162
0.191712896162
0.191712896162
0.191712896162
0.191712896162
0.191712896162
0.191712896162
0.191712896162
0.191712896162
0.191712896162
0.191712896162
0.191712896162
0.191712896162
0.191712896162
0.190988644375
0.190988644375
0.190988644375
0.190988644375
0.190988644375
0.190988644375
0.190988644375
0.190988644375
0.190988644375
0.190988644375
0.190988644375
0.190988644375
0.190988644375
0.190988644375
0.190988644375
0.190988644375
0.190988644375
0.190988644375
0.190988644375
0.190988644375
0.190988644375
0.190988644375
0.190988644375
0.190988644375
0.190988644375
0.190988644375
0.190988644375
0.190988644375
0.190988644375
0.190988644375
0.190988644375
0.190988644375
0.190988644375
0.190988644375
0.190988644375
0.190988644375
0.190988644375
0.190988644375
0.180218163428
0.180218163428
0.180218163428
0.180218163428
0.180218163428
0.180218163428
0.180218163428
0.180218163428
0.180218163428
0.180218163428
0.180218163428
0.180218163428
0.180218163428
0.180218163428
0.180218163428
0.180218163428
0.180218163428
0.180218163428
0.180218163428
0.180218163428
0.180218163428
0.180218163428
0.180218163428
0.180218163428
0.180218163428
0.180218163428
0.180218163428
0.180218163428
0.180218163428
0.180218163428
0.180218163428
0.180218163428
0.180218163428
0.180218163428
0.180218163428
0.180218163428
0.180218163428
0.180218163428
0.180218163428
0.180218163428
0.180218163428
0.180218163428
0.180218163428
0.180218163428
0.180218163428
0.180218163428
0.180218163428
0.180218163428
0.180218163428
0.180218163428
0.180218163428
0.180218163428
0.180218163428
0.180218163428
0.180218163428
0.180218163428
0.180218163428
0.180218163428
0.180218163428
0.180218163428
0.180218163428
0.180218163428
0.180218163428
0.180218163428
0.180218163428
0.180218163428
0.180218163428
0.180218163428
0.180218163428
0.180218163428
0.180218163428
0.180218163428
0.180218163428
0.180218163428
0.180218163428
0.180218163428
0.180218163428
0.180218163428
0.180218163428
0.180218163428
0.180218163428
0.180218163428
0.180218163428
0.180218163428
0.180218163428
0.180218163428
0.180218163428
0.180218163428
0.180218163428
0.180218163428
0.180218163428
0.180218163428
0.180218163428
0.180218163428
0.180218163428
0.180218163428
0.180218163428
0.180218163428
0.180218163428
0.180218163428
0.180218163428
0.180218163428
0.180218163428
0.180218163428
0.180218163428
0.180218163428
0.180218163428
0.180218163428
0.180218163428
0.180218163428
0.180218163428
0.180218163428
0.180218163428
0.180218163428
0.180218163428
0.180218163428
0.180218163428
0.180218163428
0.180218163428
0.180218163428
0.180218163428
0.180218163428
0.180218163428
0.180218163428
0.180218163428
0.180218163428
0.180218163428
0.180218163428
0.180218163428
0.180218163428
0.180218163428
0.180218163428
0.180218163428
0.180218163428
0.180218163428
0.180218163428
0.180218163428
0.180218163428
0.180218163428
0.180218163428
0.180218163428
0.180218163428
0.180218163428
0.180218163428
0.180218163428
0.180218163428
0.180218163428
0.180218163428
0.180218163428
0.180218163428
0.180218163428
0.180218163428
0.180218163428
0.180218163428
0.180218163428
0.180218163428
0.180218163428
0.180218163428
0.180218163428
0.180218163428
0.180218163428
0.180218163428
0.180218163428
0.180218163428
0.180218163428
0.180218163428
0.180218163428
0.180218163428
0.180218163428
0.180218163428
0.180218163428
0.180218163428
0.180218163428
0.180218163428
0.180218163428
0.180218163428
0.180218163428
0.180218163428
