0.29485921072
0.245959199415
0.216778945361
0.214670780744
0.207752570214
0.207752570214
0.207752570214
0.20473275305
0.198730913832
0.198730913832
0.198730913832
0.198730913832
0.198730913832
0.198730913832
0.198730913832
0.198730913832
0.198730913832
0.198730913832
0.198730913832
0.19432066099
0.19432066099
0.19432066099
0.19432066099
0.19432066099
0.19432066099
0.19432066099
0.19432066099
0.19432066099
0.19432066099
0.19432066099
0.190201320325
0.190201320325
0.190201320325
0.190201320325
0.190201320325
0.190201320325
0.190201320325
0.190201320325
0.190201320325
0.190201320325
0.190201320325
0.190201320325
0.190201320325
0.190201320325
0.190201320325
0.190201320325
0.190201320325
0.190201320325
0.190201320325
0.190201320325
0.190201320325
0.190201320325
0.190201320325
0.190201320325
0.190201320325
0.190201320325
0.190201320325
0.190201320325
0.190201320325
0.190201320325
0.190201320325
0.190201320325
0.190201320325
0.190201320325
0.190201320325
0.190201320325
0.190201320325
0.190201320325
0.190201320325
0.190201320325
0.190201320325
0.190201320325
0.190201320325
0.190201320325
0.190201320325
0.190201320325
0.190201320325
0.190201320325
0.190201320325
0.190201320325
0.190201320325
0.190201320325
0.190201320325
0.190201320325
0.190201320325
0.190201320325
0.190201320325
0.185453171299
0.185453171299
0.185453171299
0.185453171299
0.185453171299
0.185453171299
0.185453171299
0.185453171299
0.185453171299
0.185453171299
0.185453171299
0.185453171299
0.185453171299
0.185453171299
0.185453171299
0.185453171299
0.185453171299
0.185453171299
0.185453171299
0.185453171299
0.185453171299
0.185453171299
0.185453171299
0.185453171299
0.185453171299
0.185453171299
0.185453171299
0.185453171299
0.185453171299
0.185453171299
0.185453171299
0.185453171299
0.185453171299
0.185453171299
0.185453171299
0.185453171299
0.185453171299
0.185453171299
0.185453171299
0.185453171299
0.185453171299
0.185453171299
0.185453171299
0.185453171299
0.185453171299
0.185453171299
0.185453171299
0.185453171299
0.185453171299
0.185453171299
0.185453171299
0.185453171299
0.185453171299
0.185453171299
0.185453171299
0.185453171299
0.185453171299
0.185453171299
0.185453171299
0.185453171299
0.185453171299
0.185453171299
0.185453171299
0.185453171299
0.185453171299
0.185453171299
0.185453171299
0.185453171299
0.185453171299
0.185453171299
0.185453171299
0.185453171299
0.185453171299
0.185453171299
0.185453171299
0.185453171299
0.185453171299
0.185453171299
0.185453171299
0.185453171299
0.185453171299
0.185453171299
0.185453171299
0.185453171299
0.185453171299
0.185453171299
0.185453171299
0.185453171299
0.185453171299
0.185453171299
0.185453171299
0.185400566374
0.185400566374
0.185400566374
0.185400566374
0.185400566374
0.185400566374
0.185400566374
0.185400566374
0.185400566374
0.185400566374
0.185400566374
0.185400566374
0.185400566374
0.185400566374
0.185400566374
0.185400566374
0.185400566374
0.185400566374
0.185400566374
0.185400566374
0.185400566374
0.185400566374
0.185400566374
0.185400566374
0.185400566374
0.185400566374
0.185400566374
0.185400566374
0.185400566374
0.185400566374
0.185400566374
0.185400566374
0.185400566374
0.185400566374
0.185400566374
0.185400566374
0.185400566374
0.185400566374
0.185400566374
0.183222208303
0.183222208303
0.183222208303
0.183222208303
0.183222208303
0.183222208303
0.183222208303
0.183222208303
0.183222208303
0.183222208303
0.183222208303
0.183222208303
0.183222208303
0.181073529866
0.181073529866
0.181073529866
0.181073529866
0.181073529866
0.181073529866
0.181073529866
0.181073529866
0.181073529866
0.181073529866
0.181073529866
0.181073529866
0.181073529866
0.181073529866
0.181073529866
0.181073529866
0.181073529866
0.181073529866
0.181073529866
0.181073529866
0.181073529866
0.181073529866
0.181073529866
0.181073529866
0.181073529866
0.181073529866
0.181073529866
0.181073529866
0.181073529866
0.181073529866
0.181073529866
0.181073529866
0.181073529866
0.181073529866
0.181073529866
0.181073529866
0.181073529866
0.181073529866
0.181073529866
0.181073529866
0.181073529866
0.181073529866
0.181073529866
0.181073529866
0.181073529866
0.181073529866
0.181073529866
0.181073529866
0.181073529866
0.181073529866
0.181073529866
0.181073529866
0.181073529866
0.181073529866
0.181073529866
0.181073529866
0.181073529866
0.181073529866
0.181073529866
0.181073529866
0.181073529866
0.181073529866
0.181073529866
0.181073529866
0.181073529866
0.181073529866
0.181073529866
0.181073529866
0.181073529866
0.181073529866
