0.409569894527
0.318373946214
0.306206535797
0.306206535797
0.293704721665
0.293704721665
0.293704721665
0.293704721665
0.292616489731
0.292616489731
0.292616489731
0.292616489731
0.292616489731
0.292616489731
0.292616489731
0.292616489731
0.292616489731
0.284886909897
0.284886909897
0.284886909897
0.284886909897
0.284886909897
0.284886909897
0.284886909897
0.284886909897
0.284886909897
0.284886909897
0.284886909897
0.284886909897
0.284886909897
0.284886909897
0.284886909897
0.284886909897
0.284886909897
0.284886909897
0.284886909897
0.284886909897
0.284886909897
0.284886909897
0.284886909897
0.284886909897
0.284886909897
0.284886909897
0.284886909897
0.284886909897
0.284886909897
0.284886909897
0.284886909897
0.284886909897
0.284886909897
0.284886909897
0.284886909897
0.284886909897
0.284886909897
0.284886909897
0.284886909897
0.284886909897
0.284886909897
0.284886909897
0.284886909897
0.284886909897
0.284886909897
0.284886909897
0.284886909897
0.284886909897
0.284886909897
0.284886909897
0.284886909897
0.281745996992
0.281745996992
0.281745996992
0.281745996992
0.281745996992
0.281745996992
0.281745996992
0.281745996992
0.281745996992
0.281745996992
0.281745996992
0.281745996992
0.281745996992
0.281745996992
0.281745996992
0.281745996992
0.281745996992
0.281745996992
0.281745996992
0.281745996992
0.281745996992
0.281745996992
0.281745996992
0.281745996992
0.281745996992
0.281745996992
0.281745996992
0.281745996992
0.281745996992
0.281745996992
0.281745996992
0.281745996992
0.281745996992
0.281745996992
0.281745996992
0.281745996992
0.281745996992
0.281745996992
0.281745996992
0.281745996992
0.281745996992
0.281745996992
0.281745996992
0.281745996992
0.281745996992
0.281745996992
0.281745996992
0.281745996992
0.281745996992
0.281745996992
0.281745996992
0.281745996992
0.281745996992
0.281745996992
0.281745996992
0.281745996992
0.281745996992
0.281745996992
0.281745996992
0.281745996992
0.281745996992
0.281745996992
0.281745996992
0.281745996992
0.281745996992
0.281745996992
0.281745996992
0.281745996992
0.281745996992
0.281745996992
0.281745996992
0.281745996992
0.281745996992
0.281745996992
0.281745996992
0.281745996992
0.281745996992
0.281654168725
0.281654168725
0.281654168725
0.281053156981
0.281053156981
0.281053156981
0.281053156981
0.281053156981
0.281053156981
0.281053156981
0.281053156981
0.281053156981
0.281053156981
0.281053156981
0.281053156981
0.281053156981
0.281053156981
0.281053156981
0.281053156981
0.281053156981
0.281053156981
0.281053156981
0.281053156981
0.281053156981
0.281053156981
0.281053156981
0.281053156981
0.281053156981
0.281053156981
0.281053156981
0.281053156981
0.281053156981
0.281053156981
0.281053156981
0.281053156981
0.281053156981
0.281053156981
0.281053156981
0.281053156981
0.281053156981
0.281053156981
0.281053156981
0.281053156981
0.281053156981
0.281053156981
0.281053156981
0.281053156981
0.281053156981
0.281053156981
0.281053156981
0.281053156981
0.281053156981
0.281053156981
0.281053156981
0.281053156981
0.281053156981
0.281053156981
0.281053156981
0.281053156981
0.281053156981
0.281053156981
0.281053156981
0.281053156981
0.281053156981
0.281053156981
0.281053156981
0.281053156981
0.281053156981
0.281053156981
0.281053156981
0.281053156981
0.281053156981
0.281053156981
0.281053156981
0.281053156981
0.281053156981
0.281053156981
0.281053156981
0.281053156981
0.281053156981
0.281053156981
0.281053156981
0.281053156981
0.281053156981
0.281053156981
0.281053156981
0.281053156981
0.281053156981
0.281053156981
0.281053156981
0.281053156981
0.281053156981
0.281053156981
0.281053156981
0.281053156981
0.281053156981
0.281053156981
0.281053156981
0.281053156981
0.281053156981
0.281053156981
0.281053156981
0.281053156981
0.281053156981
0.281053156981
0.281053156981
0.281053156981
0.281053156981
0.281053156981
0.281053156981
0.281053156981
0.281053156981
0.281053156981
0.281053156981
0.281053156981
0.281053156981
0.281053156981
0.281053156981
0.281053156981
0.281053156981
0.281053156981
0.281053156981
0.281053156981
0.281053156981
0.281053156981
0.281053156981
0.281053156981
0.281053156981
0.281053156981
0.281053156981
0.281053156981
0.281053156981
0.281053156981
0.281053156981
0.281053156981
0.281053156981
0.281053156981
0.281053156981
0.281053156981
0.281053156981
0.281053156981
0.281053156981
0.281053156981
0.281053156981
0.281053156981
0.281053156981
0.281053156981
0.281053156981
0.281053156981
0.281053156981
0.281053156981
0.281053156981
0.281053156981
0.281053156981
0.281053156981
0.281053156981
0.281053156981
0.281053156981
0.281053156981
0.281053156981
0.281053156981
0.281053156981
0.281053156981
0.281053156981
0.281053156981
0.281053156981
0.281053156981
0.281053156981
0.281053156981
0.281053156981
0.281053156981
0.281053156981
0.281053156981
0.281053156981
0.281053156981
0.281053156981
0.281053156981
0.281053156981
0.281053156981
0.281053156981
0.281053156981
0.281053156981
0.281053156981
0.281053156981
0.281053156981
0.281053156981
0.281053156981
0.281053156981
0.281053156981
0.281053156981
0.281053156981
0.281053156981
0.281053156981
0.281053156981
0.281053156981
0.281053156981
0.281053156981
0.281053156981
0.281053156981
0.281053156981
0.281053156981
0.281053156981
0.281053156981
0.281053156981
0.281053156981
0.281053156981
0.281053156981
0.281053156981
0.281053156981
0.281053156981
0.281053156981
0.281053156981
0.281053156981
0.281053156981
0.281053156981
0.281053156981
0.281053156981
0.281053156981
0.281053156981
0.281053156981
0.281053156981
0.281053156981
0.281053156981
0.281053156981
0.281053156981
0.281053156981
0.281053156981
0.281053156981
0.281053156981
0.281053156981
0.281053156981
0.281053156981
0.281053156981
0.281053156981
0.281053156981
0.281053156981
0.281053156981
0.281053156981
0.281053156981
0.281053156981
0.281053156981
0.281053156981
0.281053156981
0.281053156981
0.281053156981
0.281053156981
0.281053156981
0.281053156981
0.281053156981
0.281053156981
0.281053156981
0.281053156981
0.281053156981
0.281053156981
0.281053156981
