0.414542215518
0.32470145658
0.29987303179
0.298954362452
0.289604142329
0.289604142329
0.289604142329
0.289604142329
0.289604142329
0.289604142329
0.289604142329
0.289604142329
0.289604142329
0.289604142329
0.289604142329
0.289604142329
0.289604142329
0.289604142329
0.289604142329
0.289604142329
0.285832776892
0.285832776892
0.285832776892
0.285832776892
0.285832776892
0.285832776892
0.285832776892
0.280964687103
0.280964687103
0.280964687103
0.280964687103
0.280964687103
0.280964687103
0.280964687103
0.280964687103
0.280964687103
0.280964687103
0.280964687103
0.280964687103
0.280964687103
0.280964687103
0.280964687103
0.280964687103
0.280964687103
0.280964687103
0.280964687103
0.280964687103
0.280964687103
0.280964687103
0.280964687103
0.280964687103
0.280964687103
0.280964687103
0.280964687103
0.280964687103
0.280964687103
0.280964687103
0.280964687103
0.280964687103
0.280964687103
0.280964687103
0.280964687103
0.280964687103
0.280964687103
0.280964687103
0.280964687103
0.280964687103
0.280964687103
0.280964687103
0.280964687103
0.280964687103
0.280964687103
0.280964687103
0.280964687103
0.280964687103
0.280964687103
0.280964687103
0.280964687103
0.280964687103
0.280964687103
0.280964687103
0.280964687103
0.280964687103
0.280964687103
0.280964687103
0.280964687103
0.280964687103
0.280964687103
0.280964687103
0.280964687103
0.280964687103
0.280964687103
0.280964687103
0.280964687103
0.280964687103
0.280964687103
0.280964687103
0.280964687103
0.280964687103
0.280964687103
0.280964687103
0.280964687103
0.280964687103
0.280964687103
0.280964687103
0.280964687103
0.280964687103
0.280964687103
0.280964687103
0.280964687103
0.280964687103
0.280964687103
0.280964687103
0.280964687103
0.280964687103
0.280964687103
0.280964687103
0.280964687103
0.280964687103
0.280964687103
0.280964687103
0.280964687103
0.280964687103
0.280964687103
0.280964687103
0.280964687103
0.280964687103
0.280964687103
0.280964687103
0.280964687103
0.280964687103
0.280964687103
0.280964687103
0.280964687103
0.280964687103
0.280964687103
0.280964687103
0.280964687103
0.280964687103
0.280964687103
0.280964687103
0.280964687103
0.280964687103
0.280964687103
0.280964687103
0.280964687103
0.280964687103
0.280964687103
0.280964687103
0.280964687103
0.280964687103
0.280964687103
0.280964687103
0.280964687103
0.280964687103
0.280964687103
0.280964687103
0.280964687103
0.280964687103
0.280964687103
0.280964687103
0.280964687103
0.280964687103
0.280964687103
0.280964687103
0.280964687103
0.280964687103
0.280964687103
0.280964687103
0.280964687103
0.280964687103
0.280964687103
0.280964687103
0.280964687103
0.280964687103
0.280964687103
0.280964687103
0.280964687103
0.280964687103
0.280964687103
0.280964687103
0.280964687103
0.280964687103
0.280964687103
0.280964687103
0.280964687103
0.280964687103
0.280964687103
0.280964687103
0.280964687103
0.280964687103
0.280964687103
0.280964687103
0.280964687103
0.280964687103
0.280964687103
0.280964687103
0.280964687103
0.280964687103
0.280964687103
0.280964687103
0.280964687103
0.280964687103
0.280964687103
0.280964687103
0.280964687103
0.280964687103
0.280964687103
0.280964687103
0.280964687103
0.280964687103
0.280964687103
0.280964687103
0.280964687103
0.280964687103
0.280964687103
0.280964687103
0.280964687103
0.280964687103
0.280964687103
0.280964687103
0.280964687103
0.280964687103
0.280964687103
0.280964687103
0.280964687103
0.280964687103
0.280964687103
0.280964687103
0.280964687103
0.280964687103
0.280964687103
0.280964687103
0.280964687103
0.280964687103
0.280964687103
0.280964687103
0.280964687103
0.280964687103
0.280964687103
0.280964687103
0.280964687103
0.280964687103
0.280964687103
0.280964687103
0.280964687103
0.280964687103
0.280964687103
0.280964687103
0.280964687103
0.280964687103
0.280964687103
0.280964687103
0.280964687103
0.280964687103
0.280964687103
0.280964687103
0.280964687103
0.280964687103
0.280964687103
0.280964687103
0.280964687103
0.280964687103
0.280964687103
0.280964687103
0.280964687103
0.280964687103
0.280964687103
0.280964687103
0.280964687103
0.280964687103
0.280964687103
0.280964687103
0.280964687103
0.280964687103
0.280964687103
0.280964687103
0.280964687103
0.280964687103
0.280964687103
0.280964687103
0.280964687103
0.280964687103
0.280964687103
0.280964687103
0.280964687103
0.280964687103
0.280964687103
0.280964687103
0.280964687103
0.280964687103
0.280964687103
0.280964687103
0.280964687103
0.280964687103
0.280964687103
0.280964687103
0.280964687103
0.280964687103
0.280964687103
0.280964687103
0.280964687103
0.280964687103
0.280964687103
0.280964687103
0.280964687103
0.280964687103
0.280964687103
0.280964687103
0.280964687103
0.280964687103
0.280964687103
0.280964687103
0.280964687103
0.280964687103
0.280964687103
0.280964687103
0.280964687103
0.280964687103
0.280964687103
0.280964687103
0.280964687103
0.280964687103
0.280964687103
0.280964687103
0.280964687103
0.280964687103
0.280964687103
0.280964687103
0.280964687103
0.280964687103
0.280964687103
0.280964687103
0.280964687103
0.280964687103
0.280964687103
0.280964687103
0.280964687103
0.280964687103
0.280964687103
0.280964687103
0.280964687103
0.280964687103
0.280964687103
0.280964687103
0.280964687103
0.280964687103
0.280964687103
0.280964687103
0.280964687103
0.280964687103
0.280964687103
0.280964687103
0.280964687103
0.280964687103
0.280964687103
0.280964687103
0.280964687103
0.280964687103
0.280964687103
0.280964687103
0.280964687103
0.280964687103
0.280964687103
0.280964687103
0.280964687103
0.280964687103
0.280964687103
0.280964687103
0.280964687103
0.280964687103
0.280964687103
0.280964687103
0.280964687103
0.280964687103
0.280964687103
0.280964687103
0.280964687103
0.280964687103
0.280964687103
0.280964687103
0.280964687103
0.280964687103
0.280964687103
0.280964687103
0.280964687103
0.280964687103
0.280964687103
0.280964687103
0.280964687103
0.280964687103
0.280964687103
0.280964687103
0.280964687103
0.280964687103
0.280964687103
0.280964687103
0.280964687103
0.280964687103
0.278396925978
