0.437252164793
0.329492327544
0.295735257436
0.295735257436
0.295735257436
0.292159233584
0.292159233584
0.292159233584
0.286249865816
0.286249865816
0.286249865816
0.286249865816
0.286249865816
0.286249865816
0.286249865816
0.286249865816
0.286249865816
0.286249865816
0.286249865816
0.286249865816
0.286249865816
0.286249865816
0.286249865816
0.286249865816
0.286249865816
0.286249865816
0.286249865816
0.286249865816
0.286249865816
0.286249865816
0.285185776745
0.285185776745
0.285185776745
0.285185776745
0.285185776745
0.285185776745
0.285185776745
0.285185776745
0.285185776745
0.285185776745
0.285185776745
0.285185776745
0.285185776745
0.285185776745
0.285185776745
0.285185776745
0.285185776745
0.285185776745
0.285185776745
0.285185776745
0.285185776745
0.285185776745
0.285185776745
0.285185776745
0.285185776745
0.285185776745
0.285185776745
0.285185776745
0.285185776745
0.285185776745
0.285185776745
0.285185776745
0.285185776745
0.285185776745
0.285185776745
0.285185776745
0.285185776745
0.285185776745
0.285185776745
0.285185776745
0.285185776745
0.285185776745
0.285185776745
0.285185776745
0.284139790197
0.284139790197
0.284139790197
0.284139790197
0.284139790197
0.284139790197
0.284139790197
0.284139790197
0.284139790197
0.284139790197
0.284139790197
0.284139790197
0.284139790197
0.284139790197
0.284139790197
0.284139790197
0.284139790197
0.284139790197
0.284139790197
0.284139790197
0.284139790197
0.284139790197
0.284139790197
0.284139790197
0.284139790197
0.284139790197
0.284139790197
0.284139790197
0.284139790197
0.284139790197
0.284139790197
0.284139790197
0.284139790197
0.284139790197
0.284139790197
0.284139790197
0.284139790197
0.284139790197
0.284139790197
0.284139790197
0.284139790197
0.284139790197
0.284139790197
0.284139790197
0.284139790197
0.284139790197
0.284139790197
0.284139790197
0.284139790197
0.284139790197
0.284139790197
0.284139790197
0.284139790197
0.284139790197
0.284139790197
0.284139790197
0.284139790197
0.284139790197
0.284139790197
0.284139790197
0.284139790197
0.284139790197
0.284139790197
0.284139790197
0.284139790197
0.284139790197
0.284139790197
0.284139790197
0.284139790197
0.284139790197
0.284139790197
0.284139790197
0.284139790197
0.284139790197
0.284139790197
0.284139790197
0.284139790197
0.284139790197
0.284139790197
0.284139790197
0.284139790197
0.284139790197
0.284139790197
0.284139790197
0.284139790197
0.284139790197
0.284139790197
0.284139790197
0.284139790197
0.284139790197
0.284139790197
0.284139790197
0.284139790197
0.284139790197
0.284139790197
0.284139790197
0.284139790197
0.284139790197
0.284139790197
0.284139790197
0.284139790197
0.284139790197
0.284139790197
0.284139790197
0.284139790197
0.284139790197
0.284139790197
0.284139790197
0.284139790197
0.284139790197
0.284139790197
0.284139790197
0.284139790197
0.284139790197
0.284139790197
0.284139790197
0.284139790197
0.284139790197
0.284139790197
0.284139790197
0.284139790197
0.284139790197
0.284139790197
0.284139790197
0.284139790197
0.284139790197
0.284139790197
0.284139790197
0.284139790197
0.284139790197
0.284139790197
0.284139790197
0.284139790197
0.284139790197
0.284139790197
0.284139790197
0.284139790197
0.284139790197
0.284139790197
0.284139790197
0.284139790197
0.284139790197
0.284139790197
0.284139790197
0.284139790197
0.284139790197
0.284139790197
0.284139790197
0.284139790197
0.284139790197
0.284139790197
0.284139790197
0.284139790197
0.284139790197
0.284139790197
0.284139790197
0.284139790197
0.284139790197
0.284139790197
0.284139790197
0.284139790197
0.284139790197
0.284139790197
0.284139790197
0.284139790197
0.284139790197
0.284139790197
0.284139790197
0.284139790197
0.284139790197
0.284139790197
0.284139790197
0.284139790197
0.284139790197
0.284139790197
0.284139790197
0.284139790197
0.284139790197
0.284139790197
0.284139790197
0.284139790197
0.284139790197
0.284139790197
0.284139790197
0.284139790197
0.284139790197
0.284139790197
0.284139790197
0.284139790197
0.284139790197
0.284139790197
0.284139790197
0.284139790197
0.284139790197
0.284139790197
0.284139790197
0.284139790197
0.284139790197
0.284139790197
0.284139790197
0.284139790197
0.284139790197
0.284139790197
0.284139790197
0.284139790197
0.284139790197
0.284139790197
0.284139790197
0.284139790197
0.284139790197
0.284139790197
0.284139790197
0.284139790197
0.284139790197
0.284139790197
0.284139790197
0.284139790197
0.284139790197
0.284139790197
0.284139790197
0.284139790197
0.284139790197
0.284139790197
0.284139790197
0.284139790197
0.284139790197
0.284139790197
0.284139790197
0.284139790197
0.284139790197
0.284139790197
0.284139790197
0.284139790197
0.284139790197
0.284139790197
0.284139790197
0.284139790197
0.284139790197
0.284139790197
0.284139790197
0.284139790197
0.284139790197
0.284139790197
0.284139790197
0.284139790197
0.284139790197
0.284139790197
0.284139790197
0.284139790197
0.284139790197
0.284139790197
0.284139790197
0.284139790197
0.284139790197
0.284139790197
0.284139790197
0.284139790197
0.284139790197
0.284139790197
0.284139790197
0.284139790197
0.284139790197
0.284139790197
0.284139790197
0.284139790197
0.284139790197
0.284139790197
0.284139790197
0.284139790197
0.284139790197
0.284139790197
0.284139790197
0.284139790197
0.284139790197
0.284139790197
0.284139790197
0.284139790197
0.284139790197
0.284139790197
0.284139790197
0.284139790197
0.284139790197
0.284139790197
0.284139790197
0.284139790197
0.28397057651
0.28397057651
0.28397057651
0.28397057651
0.28397057651
0.28397057651
0.28397057651
0.28397057651
0.28397057651
0.28397057651
0.28397057651
0.28397057651
0.28397057651
0.28397057651
0.28397057651
0.28397057651
0.28397057651
0.28397057651
0.28397057651
0.28397057651
0.28397057651
0.28397057651
0.28397057651
0.28397057651
0.28397057651
0.28397057651
0.28397057651
0.28397057651
0.28397057651
0.28397057651
0.28397057651
0.28397057651
0.28397057651
0.28191198157
0.28191198157
0.28191198157
0.28191198157
0.28191198157
0.28191198157
0.28191198157
0.28191198157
