0.313388957018
0.228343533528
0.208463475223
0.208247171689
0.206074236912
0.206074236912
0.200839232976
0.200839232976
0.20013416336
0.20013416336
0.20013416336
0.20013416336
0.20013416336
0.20013416336
0.20013416336
0.20013416336
0.20013416336
0.20013416336
0.20013416336
0.197476400462
0.197476400462
0.197476400462
0.197476400462
0.197476400462
0.197476400462
0.194513314227
0.194513314227
0.194513314227
0.194513314227
0.194513314227
0.194513314227
0.194513314227
0.194513314227
0.194513314227
0.194513314227
0.194513314227
0.194513314227
0.194513314227
0.194513314227
0.194513314227
0.194513314227
0.194513314227
0.194513314227
0.194513314227
0.194513314227
0.194513314227
0.194513314227
0.194513314227
0.194513314227
0.194513314227
0.194513314227
0.194513314227
0.194513314227
0.194513314227
0.194513314227
0.194513314227
0.194513314227
0.194513314227
0.194513314227
0.194513314227
0.194513314227
0.194513314227
0.194513314227
0.194513314227
0.194513314227
0.194513314227
0.194513314227
0.194513314227
0.194513314227
0.194513314227
0.194513314227
0.194513314227
0.194513314227
0.194513314227
0.194513314227
0.194513314227
0.194513314227
0.194513314227
0.194513314227
0.194513314227
0.194513314227
0.194513314227
0.194513314227
0.194513314227
0.194513314227
0.194513314227
0.194513314227
0.194513314227
0.194513314227
0.194513314227
0.194513314227
0.194513314227
0.194513314227
0.194513314227
0.194513314227
0.194513314227
0.194513314227
0.194513314227
0.194513314227
0.194513314227
0.194513314227
0.194513314227
0.194513314227
0.194513314227
0.194513314227
0.194513314227
0.194513314227
0.194513314227
0.194513314227
0.194513314227
0.194513314227
0.194513314227
0.194513314227
0.194513314227
0.194513314227
0.194513314227
0.194513314227
0.194513314227
0.194513314227
0.194513314227
0.194513314227
0.194513314227
0.194513314227
0.194513314227
0.194513314227
0.194513314227
0.194513314227
0.194513314227
0.194513314227
0.194513314227
0.194513314227
0.194513314227
0.194513314227
0.194513314227
0.194513314227
0.194513314227
0.194513314227
0.194470429453
0.194470429453
0.194470429453
0.194470429453
0.194470429453
0.194470429453
0.194470429453
0.194470429453
0.194470429453
0.194470429453
0.194470429453
0.194470429453
0.194470429453
0.194470429453
0.194470429453
0.194470429453
0.194470429453
0.194470429453
0.194470429453
0.194470429453
0.194470429453
0.194470429453
0.194470429453
0.194470429453
0.194470429453
0.194470429453
0.194470429453
0.194470429453
0.194470429453
0.194470429453
0.194470429453
0.194470429453
0.194470429453
0.194470429453
0.194470429453
0.194470429453
0.194470429453
0.194470429453
0.194470429453
0.191843416214
0.191843416214
0.191843416214
0.191843416214
0.191843416214
0.191843416214
0.191843416214
0.191843416214
0.191843416214
0.191843416214
0.191843416214
0.191843416214
0.191843416214
0.191843416214
0.191843416214
0.191843416214
0.191843416214
0.191843416214
0.191843416214
0.191843416214
0.191843416214
0.191843416214
0.191843416214
0.191843416214
0.191843416214
0.191843416214
0.191843416214
0.191843416214
0.191843416214
0.191843416214
0.191843416214
0.191843416214
0.191843416214
0.191843416214
0.191843416214
0.191843416214
0.191843416214
0.191843416214
0.191843416214
0.191843416214
0.191843416214
0.191843416214
0.191843416214
0.191843416214
0.191843416214
0.191843416214
0.191843416214
0.191843416214
0.191843416214
0.191843416214
0.191843416214
0.191843416214
0.191843416214
0.191843416214
0.191843416214
0.191843416214
0.191843416214
0.191843416214
0.191843416214
0.191843416214
0.191843416214
0.191843416214
0.191843416214
0.191843416214
0.191843416214
0.191843416214
0.191843416214
0.191843416214
0.191843416214
0.191843416214
0.191843416214
0.191843416214
0.191843416214
0.191843416214
0.191843416214
0.191843416214
0.180877314747
0.180877314747
0.180877314747
0.180877314747
0.180877314747
0.180877314747
0.180877314747
0.180877314747
0.180877314747
0.180877314747
0.180877314747
0.180877314747
0.180877314747
0.180877314747
0.180877314747
0.180877314747
0.180877314747
0.180877314747
0.180877314747
0.180877314747
0.180877314747
0.180877314747
0.180877314747
0.180877314747
0.180877314747
0.180877314747
0.180877314747
0.180877314747
0.180877314747
0.180877314747
0.180877314747
0.180877314747
0.180877314747
0.180877314747
0.180877314747
0.180877314747
0.180877314747
0.180877314747
0.180877314747
0.180877314747
0.180877314747
0.180877314747
0.180877314747
0.180877314747
0.180877314747
0.180877314747
0.180877314747
0.180877314747
