0.419624621075
0.323442336931
0.304919971583
0.29686250299
0.29686250299
0.29686250299
0.29686250299
0.29686250299
0.29686250299
0.29686250299
0.29686250299
0.29686250299
0.296705042532
0.292081798197
0.292081798197
0.291337609068
0.291337609068
0.291337609068
0.291337609068
0.291337609068
0.285274846128
0.285274846128
0.285274846128
0.285274846128
0.285274846128
0.281209747923
0.281209747923
0.281209747923
0.281209747923
0.281209747923
0.281209747923
0.281209747923
0.281209747923
0.281209747923
0.281209747923
0.281209747923
0.281209747923
0.281209747923
0.281209747923
0.281209747923
0.281209747923
0.281209747923
0.281209747923
0.281209747923
0.281209747923
0.281209747923
0.281209747923
0.281209747923
0.281209747923
0.281209747923
0.281209747923
0.281209747923
0.281209747923
0.281209747923
0.281209747923
0.281209747923
0.281209747923
0.281209747923
0.281209747923
0.281209747923
0.281209747923
0.281209747923
0.281209747923
0.281209747923
0.281209747923
0.281209747923
0.281209747923
0.281209747923
0.281209747923
0.281209747923
0.281209747923
0.281209747923
0.281209747923
0.281209747923
0.281209747923
0.281209747923
0.281209747923
0.281209747923
0.281209747923
0.281209747923
0.281209747923
0.281209747923
0.281209747923
0.281209747923
0.281209747923
0.281209747923
0.281209747923
0.281209747923
0.281209747923
0.281209747923
0.281209747923
0.281209747923
0.281209747923
0.281209747923
0.281209747923
0.281209747923
0.281209747923
0.281209747923
0.281209747923
0.281209747923
0.281209747923
0.281209747923
0.281209747923
0.281209747923
0.281209747923
0.281209747923
0.281209747923
0.281209747923
0.281209747923
0.281209747923
0.281209747923
0.281209747923
0.281209747923
0.281209747923
0.281209747923
0.281209747923
0.281209747923
0.281209747923
0.281209747923
0.281209747923
0.281209747923
0.281209747923
0.281209747923
0.281209747923
0.281209747923
0.281209747923
0.281209747923
0.281209747923
0.281209747923
0.281209747923
0.281209747923
0.281209747923
0.281209747923
0.281209747923
0.281209747923
0.281209747923
0.281209747923
0.281209747923
0.281209747923
0.281209747923
0.281209747923
0.281209747923
0.281209747923
0.281209747923
0.281209747923
0.281209747923
0.281209747923
0.281209747923
0.281209747923
0.281209747923
0.281209747923
0.281209747923
0.281209747923
0.281209747923
0.281209747923
0.281209747923
0.281209747923
0.281209747923
0.281209747923
0.281209747923
0.281209747923
0.281209747923
0.281209747923
0.281209747923
0.281209747923
0.281209747923
0.281209747923
0.281209747923
0.281209747923
0.281209747923
0.281209747923
0.281209747923
0.281209747923
0.281209747923
0.281209747923
0.281209747923
0.281209747923
0.281209747923
0.281209747923
0.281209747923
0.281209747923
0.281209747923
0.281209747923
0.281209747923
0.281209747923
0.281209747923
0.281209747923
0.281209747923
0.281209747923
0.281209747923
0.281209747923
0.281209747923
0.281209747923
0.281209747923
0.281209747923
0.281209747923
0.281209747923
0.281209747923
0.281209747923
0.281209747923
0.281209747923
0.281209747923
0.281209747923
0.281209747923
0.281209747923
0.281209747923
0.281209747923
0.281209747923
0.281209747923
0.281209747923
0.281209747923
0.281209747923
0.281209747923
0.281209747923
0.281209747923
0.281209747923
0.281209747923
0.281209747923
0.281209747923
0.281209747923
0.281209747923
0.281209747923
0.281209747923
0.281209747923
0.281209747923
0.281209747923
0.281209747923
0.281209747923
0.281209747923
0.281209747923
0.281209747923
0.281209747923
0.281209747923
0.281209747923
0.281209747923
0.281209747923
0.281209747923
0.281209747923
0.281209747923
0.281209747923
0.281209747923
0.281209747923
0.281209747923
0.281209747923
0.281209747923
0.281209747923
0.281209747923
0.281209747923
0.281209747923
0.281209747923
0.281209747923
0.281209747923
0.281209747923
0.281209747923
0.281209747923
0.281209747923
0.281209747923
0.281209747923
0.281209747923
0.281209747923
0.281209747923
0.281209747923
0.281209747923
0.281209747923
0.281209747923
0.281209747923
0.281209747923
0.281209747923
0.281209747923
0.281209747923
0.281209747923
0.281209747923
0.281209747923
0.281209747923
0.281209747923
0.281209747923
0.281209747923
0.281209747923
0.281209747923
0.281209747923
0.281209747923
0.281209747923
0.281209747923
0.281209747923
0.281209747923
0.281209747923
0.281209747923
0.281209747923
0.281209747923
0.281209747923
0.281209747923
0.281209747923
0.281209747923
0.281209747923
0.281209747923
0.281209747923
0.281209747923
0.281209747923
0.281209747923
0.281209747923
0.281209747923
0.281209747923
0.281209747923
0.281209747923
0.281209747923
0.281209747923
0.281209747923
0.281209747923
0.281209747923
0.281209747923
0.281209747923
0.281209747923
0.281209747923
0.281209747923
0.281209747923
0.281209747923
0.281209747923
0.281209747923
0.281209747923
0.281209747923
0.281209747923
0.281209747923
0.281209747923
0.281209747923
0.281209747923
0.281209747923
0.281209747923
0.281209747923
0.281209747923
0.281209747923
0.281209747923
0.281209747923
0.281209747923
0.281209747923
0.281209747923
0.281209747923
0.281209747923
0.281209747923
0.281209747923
0.281209747923
0.281209747923
0.281209747923
0.281209747923
0.281209747923
0.281209747923
0.281209747923
0.281209747923
0.281209747923
0.281209747923
0.281209747923
0.281209747923
0.281209747923
0.281209747923
0.281209747923
0.281209747923
0.281209747923
0.281209747923
0.281209747923
0.281209747923
0.281209747923
0.281209747923
0.281209747923
0.281209747923
0.281209747923
0.281209747923
0.281209747923
0.281209747923
0.281209747923
0.281209747923
0.281209747923
0.281209747923
0.281209747923
0.281209747923
0.281209747923
0.281209747923
0.281209747923
0.281209747923
0.281209747923
0.281209747923
0.281209747923
0.281209747923
0.281209747923
0.281209747923
0.281209747923
0.281209747923
0.281209747923
0.281209747923
0.281209747923
0.281209747923
0.281209747923
0.281209747923
0.281209747923
0.281209747923
0.281209747923
0.281209747923
0.281209747923
0.281209747923
0.281209747923
0.281209747923
0.281209747923
