0.39727068851
0.318780223426
0.310168811673
0.301658937968
0.300660074316
0.300660074316
0.295044453082
0.295044453082
0.28830326687
0.28830326687
0.28830326687
0.28830326687
0.28830326687
0.28830326687
0.28830326687
0.28830326687
0.28830326687
0.28830326687
0.28830326687
0.28830326687
0.28830326687
0.28830326687
0.28830326687
0.28830326687
0.28830326687
0.28830326687
0.28830326687
0.28830326687
0.28830326687
0.28830326687
0.28830326687
0.28830326687
0.28830326687
0.28830326687
0.28830326687
0.28830326687
0.28830326687
0.285781989004
0.285781989004
0.285781989004
0.285781989004
0.285781989004
0.285781989004
0.285781989004
0.285781989004
0.285781989004
0.285781989004
0.285781989004
0.285781989004
0.285781989004
0.285781989004
0.285781989004
0.285781989004
0.285781989004
0.285781989004
0.285781989004
0.285781989004
0.285781989004
0.285781989004
0.285781989004
0.285781989004
0.285781989004
0.285781989004
0.285781989004
0.285781989004
0.285781989004
0.285781989004
0.285781989004
0.285781989004
0.285781989004
0.285781989004
0.285781989004
0.285781989004
0.285781989004
0.285781989004
0.285781989004
0.285781989004
0.285781989004
0.285781989004
0.285781989004
0.285781989004
0.285781989004
0.285781989004
0.285781989004
0.285781989004
0.285781989004
0.285781989004
0.285781989004
0.285781989004
0.285781989004
0.285781989004
0.285781989004
0.285781989004
0.285781989004
0.285781989004
0.285781989004
0.285781989004
0.285781989004
0.285781989004
0.285781989004
0.285781989004
0.285781989004
0.285781989004
0.285781989004
0.285781989004
0.285781989004
0.285781989004
0.285781989004
0.285781989004
0.285781989004
0.285781989004
0.285781989004
0.285781989004
0.285781989004
0.285781989004
0.285781989004
0.285781989004
0.285781989004
0.285781989004
0.285781989004
0.285781989004
0.285781989004
0.285781989004
0.285781989004
0.285781989004
0.285781989004
0.285781989004
0.285781989004
0.285781989004
0.285731340608
0.285731340608
0.285731340608
0.285731340608
0.285731340608
0.285731340608
0.285731340608
0.285731340608
0.285731340608
0.285731340608
0.285731340608
0.285731340608
0.285731340608
0.285731340608
0.285731340608
0.285731340608
0.285731340608
0.285731340608
0.285731340608
0.285731340608
0.285731340608
0.285731340608
0.285731340608
0.285731340608
0.285731340608
0.285731340608
0.285731340608
0.285731340608
0.285731340608
0.285731340608
0.285731340608
0.285731340608
0.285731340608
0.285731340608
0.285731340608
0.285731340608
0.285731340608
0.285731340608
0.285731340608
0.285731340608
0.285731340608
0.285731340608
0.285731340608
0.285731340608
0.285731340608
0.284480863166
0.284480863166
0.284480863166
0.284480863166
0.284480863166
0.284480863166
0.284480863166
0.284480863166
0.284480863166
0.284480863166
0.284480863166
0.284480863166
0.284480863166
0.284480863166
0.284480863166
0.284480863166
0.284480863166
0.284480863166
0.284480863166
0.284480863166
0.284480863166
0.284480863166
0.284480863166
0.284480863166
0.284480863166
0.284480863166
0.284480863166
0.284480863166
0.284480863166
0.284480863166
0.284480863166
0.284480863166
0.284480863166
0.284480863166
0.284480863166
0.284480863166
0.284480863166
0.284480863166
0.284480863166
0.284480863166
0.284480863166
0.284480863166
0.284480863166
0.284480863166
0.284480863166
0.284480863166
0.284480863166
0.284480863166
0.284480863166
0.284480863166
0.284480863166
0.284480863166
0.284480863166
0.284480863166
0.284480863166
0.284480863166
0.284480863166
0.284480863166
0.284480863166
0.284480863166
0.284480863166
0.284480863166
0.284480863166
0.284480863166
0.284480863166
0.284480863166
0.284480863166
0.284480863166
0.284480863166
0.284480863166
0.284480863166
0.284480863166
0.284480863166
0.284480863166
0.284480863166
0.284480863166
0.284480863166
0.284480863166
0.284480863166
0.284480863166
0.284480863166
0.284480863166
0.284480863166
0.284480863166
0.284480863166
0.284480863166
0.284480863166
0.284480863166
0.284480863166
0.284480863166
0.284480863166
0.284480863166
0.284480863166
0.284480863166
0.284480863166
0.284480863166
0.284480863166
0.284480863166
0.284480863166
0.284480863166
0.284480863166
0.284480863166
0.284480863166
0.284480863166
0.284480863166
0.284480863166
0.284480863166
0.284480863166
0.284480863166
0.284480863166
0.284480863166
0.284480863166
0.284480863166
0.284480863166
0.284480863166
0.284480863166
0.284480863166
0.284480863166
0.284480863166
0.284480863166
0.284480863166
0.284480863166
0.284480863166
0.284480863166
0.284480863166
0.284480863166
0.284480863166
0.284480863166
0.284480863166
0.284480863166
0.284480863166
0.284480863166
0.284480863166
0.284480863166
0.284480863166
0.284480863166
0.284480863166
0.284480863166
0.284480863166
0.284480863166
0.284480863166
0.284480863166
0.284480863166
0.284480863166
0.284480863166
0.284480863166
0.284480863166
0.284480863166
0.284480863166
0.284480863166
0.284480863166
0.284480863166
0.284480863166
0.284480863166
0.284480863166
0.284480863166
0.284480863166
0.284480863166
0.284480863166
0.284480863166
0.284480863166
0.284480863166
0.284480863166
0.284480863166
0.284480863166
0.284480863166
0.284480863166
0.284480863166
0.284480863166
0.284480863166
0.284480863166
0.284480863166
0.284480863166
0.284480863166
0.284480863166
0.284480863166
0.284480863166
0.284480863166
0.284480863166
0.284256871903
0.284256871903
0.284256871903
0.284256871903
0.284256871903
0.284256871903
0.284256871903
0.284256871903
0.284256871903
0.284256871903
0.284256871903
0.284256871903
0.284256871903
0.284256871903
0.284256871903
0.284256871903
0.284256871903
0.284256871903
0.284256871903
0.284256871903
0.284256871903
0.284256871903
0.284256871903
0.284256871903
0.284256871903
0.284256871903
0.284256871903
0.284256871903
0.284256871903
0.284256871903
0.284256871903
0.284256871903
0.284256871903
0.284256871903
0.284256871903
0.284256871903
0.284256871903
0.284256871903
0.284256871903
0.284256871903
0.284256871903
0.284256871903
0.284256871903
0.284256871903
0.284256871903
0.284256871903
0.284256871903
