0.404182076687
0.326130573097
0.297716751138
0.296871010467
0.291599360817
0.291599360817
0.291599360817
0.291599360817
0.291599360817
0.291599360817
0.287342598694
0.28569734139
0.28569734139
0.28569734139
0.28569734139
0.28569734139
0.28569734139
0.28569734139
0.28569734139
0.28569734139
0.28569734139
0.28569734139
0.28569734139
0.28569734139
0.28569734139
0.28569734139
0.28569734139
0.28569734139
0.28569734139
0.28569734139
0.28569734139
0.28569734139
0.28569734139
0.28569734139
0.28569734139
0.28569734139
0.28569734139
0.28569734139
0.28569734139
0.28569734139
0.28569734139
0.28569734139
0.28569734139
0.28569734139
0.28569734139
0.28569734139
0.28569734139
0.28569734139
0.28569734139
0.28569734139
0.28569734139
0.28569734139
0.28569734139
0.28569734139
0.28569734139
0.28569734139
0.28569734139
0.28569734139
0.28569734139
0.28569734139
0.28569734139
0.28569734139
0.28569734139
0.28569734139
0.28569734139
0.28569734139
0.28569734139
0.28569734139
0.28569734139
0.28569734139
0.28569734139
0.28569734139
0.28569734139
0.28569734139
0.28569734139
0.28569734139
0.28569734139
0.28569734139
0.28569734139
0.28569734139
0.28569734139
0.28569734139
0.28569734139
0.28569734139
0.28569734139
0.28569734139
0.28569734139
0.28569734139
0.28569734139
0.28569734139
0.28569734139
0.28569734139
0.28569734139
0.28569734139
0.28569734139
0.28569734139
0.28569734139
0.28569734139
0.28569734139
0.28569734139
0.28569734139
0.28569734139
0.28569734139
0.28569734139
0.28569734139
0.28569734139
0.28569734139
0.28569734139
0.28569734139
0.28569734139
0.28569734139
0.28569734139
0.28569734139
0.28569734139
0.28569734139
0.28569734139
0.28569734139
0.28569734139
0.28569734139
0.28569734139
0.28569734139
0.28569734139
0.28569734139
0.28569734139
0.28569734139
0.28569734139
0.28569734139
0.28569734139
0.28569734139
0.28569734139
0.28569734139
0.28569734139
0.28569734139
0.28569734139
0.28569734139
0.28569734139
0.28569734139
0.28569734139
0.28569734139
0.28569734139
0.28569734139
0.28569734139
0.28569734139
0.28569734139
0.28569734139
0.28569734139
0.28569734139
0.28569734139
0.28569734139
0.28569734139
0.28569734139
0.28569734139
0.28569734139
0.28569734139
0.28569734139
0.28569734139
0.28569734139
0.28569734139
0.28569734139
0.28569734139
0.283391788045
0.283391788045
0.283391788045
0.283391788045
0.283391788045
0.283391788045
0.283391788045
0.283391788045
0.283391788045
0.283391788045
0.283391788045
0.283391788045
0.283391788045
0.283391788045
0.283391788045
0.283391788045
0.283391788045
0.283391788045
0.283391788045
0.283391788045
0.283391788045
0.283391788045
0.283391788045
0.283391788045
0.283391788045
0.283391788045
0.283391788045
0.283391788045
0.283391788045
0.283391788045
0.283391788045
0.283391788045
0.283391788045
0.283391788045
0.283391788045
0.283391788045
0.283391788045
0.283391788045
0.283391788045
0.283391788045
0.283391788045
0.283391788045
0.283391788045
0.283391788045
0.283391788045
0.283391788045
0.283391788045
0.283391788045
0.283391788045
0.283391788045
0.283391788045
0.283391788045
0.283391788045
0.283391788045
0.283391788045
0.283391788045
0.283391788045
0.283391788045
0.283391788045
0.283391788045
0.283391788045
0.283391788045
0.283391788045
0.283391788045
0.283391788045
0.283391788045
0.283391788045
0.283391788045
0.283391788045
0.283391788045
0.283391788045
0.283391788045
0.283391788045
0.283391788045
0.283391788045
0.283391788045
0.283391788045
0.283391788045
0.283391788045
0.283391788045
0.283391788045
0.283391788045
0.283391788045
0.283391788045
0.283391788045
0.283391788045
0.283391788045
0.283391788045
0.283391788045
0.283391788045
0.283391788045
0.283391788045
0.283391788045
0.283391788045
0.283391788045
0.283391788045
0.283391788045
0.283391788045
0.283391788045
0.283391788045
0.283391788045
0.283391788045
0.280735103886
0.280735103886
0.280735103886
0.280735103886
0.280735103886
0.280735103886
0.280735103886
0.280735103886
0.280735103886
0.280735103886
0.280735103886
0.280735103886
0.280735103886
0.280735103886
0.280735103886
0.280735103886
0.280735103886
0.280735103886
0.280735103886
0.280735103886
0.280735103886
0.280735103886
0.280735103886
0.280735103886
0.280735103886
0.280735103886
0.280735103886
0.280735103886
0.280735103886
0.280735103886
0.280735103886
0.280735103886
0.280735103886
0.280735103886
0.280735103886
0.280735103886
0.280735103886
0.280735103886
0.280735103886
0.280735103886
0.280735103886
0.280735103886
0.280735103886
0.280735103886
0.280735103886
0.280735103886
0.280735103886
0.280735103886
0.280735103886
0.280735103886
0.280735103886
0.280735103886
0.280735103886
0.280735103886
0.280735103886
0.280735103886
0.280735103886
0.280735103886
0.280735103886
0.280735103886
0.280735103886
0.280735103886
0.280735103886
0.280735103886
0.280735103886
0.280735103886
0.280735103886
0.280735103886
0.280735103886
0.280735103886
0.280735103886
0.280735103886
0.280735103886
0.280735103886
0.280735103886
0.280735103886
0.280735103886
0.280735103886
0.280735103886
0.280735103886
0.280735103886
0.280735103886
0.280735103886
0.280735103886
0.280735103886
0.280735103886
0.280735103886
0.280735103886
0.280735103886
0.280735103886
0.280735103886
0.280735103886
0.280735103886
0.280735103886
0.280735103886
0.280735103886
0.280735103886
0.280735103886
0.280735103886
0.280735103886
0.280735103886
0.280735103886
0.280735103886
0.280735103886
0.280735103886
0.280735103886
0.280735103886
0.280735103886
0.280735103886
0.280735103886
0.280735103886
0.280735103886
0.280735103886
0.280735103886
0.280735103886
0.280735103886
0.280735103886
0.280735103886
0.280735103886
0.280735103886
0.280735103886
0.280735103886
0.280735103886
0.280735103886
0.280735103886
0.280735103886
0.280735103886
0.280735103886
0.280735103886
0.280735103886
0.280735103886
0.280735103886
0.280735103886
0.280735103886
0.280735103886
0.280735103886
0.280735103886
0.280735103886
