0.403688091278
0.318620501084
0.300321325142
0.298804601195
0.298804601195
0.298804601195
0.298804601195
0.298804601195
0.298804601195
0.29626561118
0.29626561118
0.29626561118
0.29626561118
0.293714364875
0.293714364875
0.293714364875
0.293714364875
0.293714364875
0.293714364875
0.289575968699
0.289575968699
0.289575968699
0.289575968699
0.289575968699
0.289575968699
0.289575968699
0.289575968699
0.289575968699
0.289575968699
0.289575968699
0.289575968699
0.289575968699
0.289575968699
0.289575968699
0.289575968699
0.289575968699
0.289575968699
0.289575968699
0.289575968699
0.289575968699
0.289575968699
0.289575968699
0.289575968699
0.289575968699
0.289575968699
0.289575968699
0.289575968699
0.289575968699
0.289575968699
0.289575968699
0.289575968699
0.289575968699
0.289575968699
0.289575968699
0.289575968699
0.289575968699
0.289575968699
0.289575968699
0.289575968699
0.289575968699
0.289575968699
0.289575968699
0.289575968699
0.289575968699
0.289575968699
0.289575968699
0.289575968699
0.289575968699
0.289575968699
0.289575968699
0.289575968699
0.289575968699
0.289575968699
0.289575968699
0.289575968699
0.289575968699
0.289575968699
0.289575968699
0.289575968699
0.289575968699
0.289575968699
0.289575968699
0.289575968699
0.289575968699
0.289575968699
0.289575968699
0.289575968699
0.289575968699
0.289575968699
0.289575968699
0.289575968699
0.289575968699
0.289575968699
0.289575968699
0.289575968699
0.289575968699
0.289575968699
0.289575968699
0.289575968699
0.289575968699
0.289575968699
0.289575968699
0.289575968699
0.289575968699
0.289575968699
0.289575968699
0.289575968699
0.289575968699
0.289575968699
0.289575968699
0.289575968699
0.289575968699
0.289575968699
0.289575968699
0.289575968699
0.289575968699
0.289575968699
0.289575968699
0.288903615186
0.288903615186
0.288903615186
0.288903615186
0.288903615186
0.288903615186
0.288903615186
0.288903615186
0.288903615186
0.288903615186
0.288903615186
0.285618421036
0.285618421036
0.285618421036
0.285618421036
0.285618421036
0.285618421036
0.285618421036
0.285618421036
0.285618421036
0.285618421036
0.285618421036
0.285618421036
0.285618421036
0.285618421036
0.285618421036
0.285618421036
0.285618421036
0.285618421036
0.285618421036
0.276267593823
0.276267593823
0.276267593823
0.276267593823
0.276267593823
0.276267593823
0.276267593823
0.276267593823
0.276267593823
0.276267593823
0.276267593823
0.276267593823
0.276267593823
0.276267593823
0.276267593823
0.276267593823
0.276267593823
0.276267593823
0.276267593823
0.276267593823
0.276267593823
0.276267593823
0.276267593823
0.276267593823
0.276267593823
0.276267593823
0.276267593823
0.276267593823
0.276267593823
0.276267593823
0.276267593823
0.276267593823
0.276267593823
0.276267593823
0.276267593823
0.276267593823
0.276267593823
0.276267593823
0.276267593823
0.276267593823
0.276267593823
0.276267593823
0.276267593823
0.276267593823
0.276267593823
0.276267593823
0.276267593823
0.276267593823
0.276267593823
0.276267593823
0.276267593823
0.276267593823
0.276267593823
0.276267593823
0.276267593823
0.276267593823
0.276267593823
0.276267593823
0.276267593823
0.276267593823
0.276267593823
0.276267593823
0.276267593823
0.276267593823
0.276267593823
0.276267593823
0.276267593823
0.276267593823
0.276267593823
0.276267593823
0.276267593823
0.276267593823
0.276267593823
0.276267593823
0.276267593823
0.276267593823
0.276267593823
0.276267593823
0.276267593823
0.276267593823
0.276267593823
0.276267593823
0.276267593823
0.276267593823
0.276267593823
0.276267593823
0.276267593823
0.276267593823
0.276267593823
0.276267593823
0.276267593823
0.276267593823
0.276267593823
0.276267593823
0.276267593823
0.276267593823
0.276267593823
0.276267593823
0.276267593823
0.276267593823
0.276267593823
0.276267593823
0.276267593823
0.276267593823
0.276267593823
0.276267593823
0.276267593823
0.276267593823
0.276267593823
0.276267593823
0.276267593823
0.276267593823
0.276267593823
0.276267593823
0.276267593823
0.276267593823
0.276267593823
0.276267593823
0.276267593823
0.276267593823
0.276267593823
0.276267593823
0.276267593823
0.276267593823
0.276267593823
0.276267593823
0.276267593823
0.276267593823
0.276267593823
0.276267593823
0.276267593823
0.276267593823
0.276267593823
0.276267593823
0.276267593823
0.276267593823
0.276267593823
0.276267593823
0.276267593823
0.276267593823
0.276267593823
0.276267593823
0.276267593823
0.276267593823
0.276267593823
0.276267593823
0.276267593823
0.276267593823
0.276267593823
0.276267593823
0.276267593823
0.276267593823
0.276267593823
0.276267593823
0.276267593823
0.276267593823
0.276267593823
0.276267593823
0.276267593823
0.276267593823
0.276267593823
0.276267593823
0.276267593823
0.276267593823
0.276267593823
0.276267593823
0.276267593823
0.276267593823
0.276267593823
0.276267593823
0.276267593823
0.276267593823
0.276267593823
0.276267593823
0.276267593823
0.276267593823
0.276267593823
0.276267593823
0.276267593823
0.276267593823
0.276267593823
0.276267593823
0.276267593823
0.276267593823
0.276267593823
0.276267593823
0.276267593823
0.276267593823
0.276267593823
0.276267593823
0.276267593823
0.276267593823
0.276267593823
0.276267593823
0.276267593823
0.276267593823
0.276267593823
0.276267593823
0.274739168388
0.274739168388
0.274739168388
0.274739168388
0.274739168388
0.274739168388
0.274739168388
0.274739168388
0.274739168388
0.274739168388
0.274739168388
0.274739168388
0.274739168388
0.274739168388
0.274739168388
0.274739168388
0.274739168388
0.274739168388
0.274739168388
0.274739168388
0.274739168388
0.274739168388
0.274739168388
0.274739168388
0.274739168388
0.274739168388
0.274739168388
0.274739168388
0.274739168388
0.274739168388
0.274739168388
0.274739168388
0.274739168388
0.274739168388
0.274739168388
0.274739168388
0.274739168388
0.274739168388
0.274739168388
0.274739168388
0.274739168388
0.274739168388
0.274739168388
0.274739168388
0.274739168388
0.274739168388
0.274739168388
0.274739168388
0.274739168388
0.274739168388
0.274739168388
0.274739168388
0.274739168388
0.274739168388
