0.410470741466
0.324939790488
0.305910653515
0.301200579345
0.301200579345
0.301200579345
0.297843567884
0.297843567884
0.297843567884
0.297514088561
0.297514088561
0.297514088561
0.297514088561
0.288386517737
0.288386517737
0.288386517737
0.285662755441
0.285662755441
0.285662755441
0.285662755441
0.285662755441
0.285662755441
0.285662755441
0.285662755441
0.285662755441
0.285662755441
0.285662755441
0.285662755441
0.285662755441
0.285662755441
0.285662755441
0.285662755441
0.285662755441
0.285662755441
0.285351728148
0.285351728148
0.285351728148
0.285351728148
0.285351728148
0.285351728148
0.285351728148
0.285351728148
0.285351728148
0.285351728148
0.285351728148
0.285351728148
0.285351728148
0.285351728148
0.285351728148
0.285351728148
0.285351728148
0.285351728148
0.285351728148
0.285351728148
0.283973381364
0.283973381364
0.283973381364
0.283973381364
0.283973381364
0.283973381364
0.283973381364
0.283973381364
0.283973381364
0.283973381364
0.283973381364
0.283973381364
0.283973381364
0.283973381364
0.283973381364
0.283973381364
0.283973381364
0.283973381364
0.283973381364
0.283973381364
0.283973381364
0.279837837257
0.279837837257
0.279837837257
0.279837837257
0.279837837257
0.279837837257
0.279837837257
0.279837837257
0.279837837257
0.279837837257
0.279837837257
0.279837837257
0.279837837257
0.279837837257
0.279837837257
0.279837837257
0.279837837257
0.279837837257
0.279837837257
0.279837837257
0.279837837257
0.279837837257
0.279837837257
0.279837837257
0.279837837257
0.279837837257
0.279837837257
0.279837837257
0.279837837257
0.279837837257
0.279837837257
0.279837837257
0.279837837257
0.279837837257
0.279837837257
0.279837837257
0.279837837257
0.279837837257
0.279837837257
0.279837837257
0.279837837257
0.279837837257
0.279837837257
0.279837837257
0.279837837257
0.279837837257
0.279837837257
0.279837837257
0.279837837257
0.279837837257
0.279837837257
0.279837837257
0.279837837257
0.279837837257
0.279837837257
0.279837837257
0.279837837257
0.279837837257
0.279837837257
0.279837837257
0.279837837257
0.279837837257
0.279837837257
0.279837837257
0.279837837257
0.279837837257
0.279837837257
0.279837837257
0.279837837257
0.279837837257
0.279837837257
0.279837837257
0.279837837257
0.279837837257
0.279837837257
0.279837837257
0.279837837257
0.279837837257
0.279837837257
0.279837837257
0.279837837257
0.279837837257
0.279837837257
0.279837837257
0.279837837257
0.279837837257
0.279837837257
0.279837837257
0.279837837257
0.279837837257
0.279837837257
0.279837837257
0.279837837257
0.279837837257
0.279837837257
0.279837837257
0.279837837257
0.279837837257
0.279837837257
0.279837837257
0.279837837257
0.279837837257
0.279837837257
0.279837837257
0.279837837257
0.279837837257
0.279837837257
0.279837837257
0.279837837257
0.279837837257
0.279837837257
0.279837837257
0.279837837257
0.279837837257
0.279837837257
0.279837837257
0.279837837257
0.279837837257
0.279837837257
0.279837837257
0.279837837257
0.279837837257
0.279837837257
0.279837837257
0.279837837257
0.279837837257
0.279837837257
0.279837837257
0.279837837257
0.279837837257
0.279837837257
0.279837837257
0.279837837257
0.279837837257
0.279837837257
0.279837837257
0.279837837257
0.279837837257
0.279837837257
0.279837837257
0.279837837257
0.279837837257
0.279837837257
0.279837837257
0.279837837257
0.279837837257
0.279837837257
0.279837837257
0.279837837257
0.279837837257
0.279837837257
0.279837837257
0.279837837257
0.279837837257
0.279837837257
0.279837837257
0.279837837257
0.279837837257
0.279837837257
0.279837837257
0.279837837257
0.279837837257
0.279837837257
0.279837837257
0.279837837257
0.279837837257
0.279837837257
0.279837837257
0.279837837257
0.279837837257
0.279837837257
0.279837837257
0.279837837257
0.279837837257
0.279837837257
0.279837837257
0.279837837257
0.279837837257
0.279837837257
0.279837837257
0.279837837257
0.279837837257
0.279837837257
0.279837837257
0.279837837257
0.279837837257
0.279837837257
0.279837837257
0.279837837257
0.279837837257
0.279837837257
0.279837837257
0.279837837257
0.279837837257
0.279837837257
0.279837837257
0.279837837257
0.279837837257
0.279837837257
0.279837837257
0.279837837257
0.279837837257
0.279837837257
0.279837837257
0.279837837257
0.279837837257
0.279837837257
0.279837837257
0.279837837257
0.279837837257
0.279837837257
0.279837837257
0.279837837257
0.279837837257
0.279837837257
0.279837837257
0.279837837257
0.279837837257
0.279837837257
0.279837837257
0.279837837257
0.279837837257
0.279837837257
0.279837837257
0.279837837257
0.279837837257
0.279837837257
0.279837837257
0.279837837257
0.279837837257
0.279837837257
0.279837837257
0.279837837257
0.279837837257
0.279837837257
0.279837837257
0.279837837257
0.279837837257
0.279837837257
0.279837837257
0.279837837257
0.279837837257
0.279837837257
0.279837837257
0.279837837257
0.279837837257
0.279837837257
0.279837837257
0.279837837257
0.279837837257
0.279837837257
0.279837837257
0.279837837257
0.279837837257
0.279837837257
0.279837837257
0.279837837257
0.279837837257
0.279837837257
0.279837837257
0.279837837257
0.279837837257
0.279837837257
0.279837837257
0.279837837257
0.279837837257
0.279837837257
0.279837837257
0.279837837257
0.279837837257
0.279837837257
0.279837837257
0.279837837257
0.279837837257
0.279837837257
0.279837837257
0.279837837257
0.279837837257
0.279837837257
0.279837837257
0.279837837257
0.279837837257
0.279837837257
0.279837837257
0.279837837257
0.279837837257
0.279837837257
0.279837837257
0.279837837257
0.279837837257
0.279837837257
0.279837837257
0.279837837257
0.279837837257
0.279837837257
0.279837837257
0.279837837257
0.279837837257
0.279837837257
0.279837837257
0.279837837257
0.279837837257
0.279837837257
0.279837837257
0.279837837257
0.279837837257
0.279837837257
0.279837837257
0.279837837257
0.279837837257
0.279837837257
0.279837837257
0.279837837257
0.279837837257
0.279837837257
0.279837837257
0.279837837257
0.279837837257
0.279837837257
0.279837837257
0.279837837257
0.279837837257
0.279837837257
0.279837837257
0.279837837257
