0.425779775225
0.336889577497
0.300787147221
0.295947332025
0.295947332025
0.295947332025
0.295947332025
0.295947332025
0.295947332025
0.295947332025
0.295947332025
0.295947332025
0.295947332025
0.295947332025
0.295947332025
0.295947332025
0.295947332025
0.295947332025
0.295947332025
0.295947332025
0.295947332025
0.295947332025
0.295793989304
0.293858553503
0.293858553503
0.293858553503
0.293858553503
0.293858553503
0.293858553503
0.293858553503
0.292707362807
0.292707362807
0.292707362807
0.292707362807
0.292707362807
0.292707362807
0.292707362807
0.292707362807
0.292707362807
0.292707362807
0.292707362807
0.292707362807
0.287148696925
0.287148696925
0.287148696925
0.287148696925
0.287148696925
0.287148696925
0.287148696925
0.287148696925
0.287148696925
0.287148696925
0.287148696925
0.287148696925
0.287148696925
0.287148696925
0.287148696925
0.287148696925
0.287148696925
0.287148696925
0.287148696925
0.287148696925
0.287148696925
0.287148696925
0.287148696925
0.287148696925
0.287148696925
0.287148696925
0.287148696925
0.287148696925
0.287148696925
0.287148696925
0.287148696925
0.287148696925
0.287148696925
0.287148696925
0.287148696925
0.287148696925
0.287148696925
0.287148696925
0.287148696925
0.287148696925
0.287148696925
0.287148696925
0.287148696925
0.287148696925
0.287148696925
0.287148696925
0.287148696925
0.287148696925
0.287148696925
0.287148696925
0.287148696925
0.287148696925
0.287148696925
0.287148696925
0.287148696925
0.287148696925
0.287148696925
0.287148696925
0.287148696925
0.287148696925
0.287148696925
0.287148696925
0.287148696925
0.287148696925
0.287148696925
0.287148696925
0.287148696925
0.287148696925
0.287148696925
0.287148696925
0.287148696925
0.287148696925
0.287148696925
0.287148696925
0.287148696925
0.287148696925
0.287148696925
0.287148696925
0.287148696925
0.287148696925
0.287148696925
0.287148696925
0.287148696925
0.287148696925
0.287148696925
0.287148696925
0.287148696925
0.287148696925
0.287148696925
0.287148696925
0.287148696925
0.287148696925
0.287148696925
0.287148696925
0.286571528194
0.286571528194
0.286571528194
0.286571528194
0.286571528194
0.286571528194
0.286571528194
0.286571528194
0.286571528194
0.286571528194
0.286571528194
0.286571528194
0.286571528194
0.286571528194
0.286571528194
0.286571528194
0.286571528194
0.286571528194
0.286571528194
0.286571528194
0.286571528194
0.286571528194
0.286571528194
0.282524966218
0.282524966218
0.279846968985
0.279846968985
0.279846968985
0.279846968985
0.279846968985
0.279846968985
0.279846968985
0.279846968985
0.279846968985
0.279846968985
0.279846968985
0.279846968985
0.279846968985
0.279846968985
0.279846968985
0.279846968985
0.279846968985
0.279846968985
0.279846968985
0.279846968985
0.279846968985
0.279846968985
0.279846968985
0.279846968985
0.279846968985
0.279846968985
0.279846968985
0.279846968985
0.279846968985
0.279846968985
0.279846968985
0.279846968985
0.279846968985
0.279846968985
0.279846968985
0.279846968985
0.279846968985
0.279846968985
0.279846968985
0.279846968985
0.279846968985
0.279846968985
0.279846968985
0.279846968985
0.279846968985
0.279846968985
0.279846968985
0.279846968985
0.279846968985
0.279846968985
0.279846968985
0.279846968985
0.279846968985
0.279846968985
0.279846968985
0.279846968985
0.279846968985
0.279846968985
0.279846968985
0.279846968985
0.279846968985
0.279846968985
0.279846968985
0.279846968985
0.279846968985
0.279846968985
0.279846968985
0.279846968985
0.279846968985
0.279846968985
0.279846968985
0.279846968985
0.279846968985
0.279846968985
0.279846968985
0.279846968985
0.279846968985
0.279846968985
0.279846968985
0.279846968985
0.279846968985
0.279846968985
0.279846968985
0.279846968985
0.279846968985
0.279846968985
0.279846968985
0.279846968985
0.279846968985
0.279846968985
0.279846968985
0.279846968985
0.279846968985
0.279846968985
0.279846968985
0.279846968985
0.279846968985
0.279846968985
0.279846968985
0.279846968985
0.279846968985
0.279846968985
0.279846968985
0.279846968985
0.279846968985
0.279846968985
0.279846968985
0.279846968985
0.279846968985
0.279846968985
0.279846968985
0.279846968985
0.279846968985
0.279846968985
0.279846968985
0.279846968985
0.279846968985
0.279846968985
0.279846968985
0.279846968985
0.279846968985
0.279846968985
0.279846968985
0.279846968985
0.279846968985
0.279846968985
0.279846968985
0.279846968985
0.279846968985
0.279846968985
0.279846968985
0.279846968985
0.279846968985
0.279846968985
0.279846968985
0.279846968985
0.279846968985
0.279846968985
0.279846968985
0.279846968985
0.279846968985
0.279846968985
0.279846968985
0.279846968985
0.279846968985
0.279846968985
0.279846968985
0.279846968985
0.279846968985
0.279846968985
0.279846968985
0.279846968985
0.279846968985
0.279846968985
0.279846968985
0.279846968985
0.279846968985
0.279846968985
0.279846968985
0.279846968985
0.279846968985
0.279846968985
0.279846968985
0.279846968985
0.279846968985
0.279846968985
0.279846968985
0.279846968985
0.279846968985
0.279846968985
0.279846968985
0.279846968985
0.279846968985
0.279846968985
0.279846968985
0.279846968985
0.279846968985
0.279846968985
0.279846968985
0.279846968985
0.279846968985
0.279846968985
0.279846968985
0.279846968985
0.279846968985
0.279846968985
0.279846968985
0.279846968985
0.279846968985
0.279846968985
0.279846968985
0.279846968985
0.279846968985
0.279846968985
0.279846968985
0.279846968985
0.279846968985
0.279846968985
0.279846968985
0.279846968985
0.279846968985
0.279846968985
0.279846968985
0.279846968985
0.279846968985
0.279846968985
0.279846968985
0.279846968985
0.279846968985
0.279846968985
0.279846968985
0.279846968985
0.279846968985
0.279846968985
0.279846968985
0.279846968985
0.279846968985
0.279846968985
0.279846968985
0.279846968985
0.279846968985
0.279846968985
0.279846968985
0.279846968985
0.279846968985
0.279846968985
0.279846968985
0.279846968985
0.279846968985
0.279846968985
0.279846968985
0.279846968985
0.279846968985
0.279846968985
0.279846968985
0.279846968985
0.279846968985
0.279846968985
0.279846968985
