0.401739532976
0.309547866317
0.292284724414
0.292284724414
0.292284724414
0.292284724414
0.292284724414
0.292284724414
0.292284724414
0.292284724414
0.292284724414
0.292284724414
0.292284724414
0.292284724414
0.292284724414
0.292284724414
0.292284724414
0.292284724414
0.292284724414
0.292284724414
0.292284724414
0.290819938511
0.288725433136
0.288725433136
0.288725433136
0.288725433136
0.288725433136
0.288725433136
0.288725433136
0.285103270757
0.285103270757
0.285103270757
0.285103270757
0.285103270757
0.285103270757
0.285103270757
0.285103270757
0.285103270757
0.285103270757
0.285103270757
0.285103270757
0.285103270757
0.285103270757
0.285103270757
0.285103270757
0.285103270757
0.285103270757
0.285103270757
0.285103270757
0.285103270757
0.285103270757
0.285103270757
0.285103270757
0.285103270757
0.285103270757
0.285103270757
0.285103270757
0.285103270757
0.285103270757
0.285103270757
0.285103270757
0.285103270757
0.285103270757
0.285103270757
0.285103270757
0.285103270757
0.285103270757
0.285103270757
0.285103270757
0.285103270757
0.285103270757
0.285103270757
0.285103270757
0.285103270757
0.285103270757
0.285103270757
0.285103270757
0.285103270757
0.285103270757
0.285103270757
0.285103270757
0.285103270757
0.285103270757
0.285103270757
0.285103270757
0.285103270757
0.285103270757
0.285103270757
0.285103270757
0.285103270757
0.285103270757
0.285103270757
0.285103270757
0.285103270757
0.285103270757
0.285103270757
0.285103270757
0.285103270757
0.285103270757
0.285103270757
0.285103270757
0.285103270757
0.285103270757
0.285103270757
0.285103270757
0.285103270757
0.285103270757
0.285103270757
0.285103270757
0.285103270757
0.285103270757
0.285103270757
0.285103270757
0.285103270757
0.285103270757
0.285103270757
0.285103270757
0.285103270757
0.285103270757
0.285103270757
0.285103270757
0.285103270757
0.285103270757
0.285103270757
0.285103270757
0.285103270757
0.285103270757
0.285103270757
0.285103270757
0.285103270757
0.285103270757
0.285103270757
0.285103270757
0.285103270757
0.285103270757
0.285103270757
0.285103270757
0.285103270757
0.285103270757
0.285103270757
0.285103270757
0.285103270757
0.285103270757
0.285103270757
0.285103270757
0.285103270757
0.285103270757
0.285103270757
0.285103270757
0.285103270757
0.285103270757
0.285103270757
0.285103270757
0.285103270757
0.285103270757
0.285103270757
0.285047804718
0.285047804718
0.285047804718
0.285047804718
0.285047804718
0.285047804718
0.285047804718
0.285047804718
0.285047804718
0.285047804718
0.285047804718
0.285047804718
0.285047804718
0.285047804718
0.285047804718
0.285047804718
0.283013717742
0.283013717742
0.283013717742
0.283013717742
0.283013717742
0.283013717742
0.283013717742
0.283013717742
0.283013717742
0.283013717742
0.283013717742
0.283013717742
0.283013717742
0.283013717742
0.283013717742
0.283013717742
0.283013717742
0.283013717742
0.283013717742
0.283013717742
0.283013717742
0.283013717742
0.283013717742
0.283013717742
0.283013717742
0.283013717742
0.283013717742
0.283013717742
0.283013717742
0.283013717742
0.283013717742
0.283013717742
0.283013717742
0.283013717742
0.283013717742
0.283013717742
0.283013717742
0.283013717742
0.283013717742
0.283013717742
0.283013717742
0.283013717742
0.283013717742
0.283013717742
0.283013717742
0.283013717742
0.283013717742
0.283013717742
0.283013717742
0.283013717742
0.283013717742
0.283013717742
0.283013717742
0.283013717742
0.283013717742
0.283013717742
0.283013717742
0.283013717742
0.283013717742
0.283013717742
0.283013717742
0.283013717742
0.283013717742
0.283013717742
0.283013717742
0.283013717742
0.283013717742
0.283013717742
0.283013717742
0.283013717742
0.283013717742
0.283013717742
0.283013717742
0.283013717742
0.283013717742
0.283013717742
0.283013717742
0.283013717742
0.283013717742
0.283013717742
0.283013717742
0.280010570704
0.280010570704
0.280010570704
0.280010570704
0.280010570704
0.280010570704
0.280010570704
0.280010570704
0.280010570704
0.280010570704
0.280010570704
0.280010570704
0.280010570704
0.280010570704
0.280010570704
0.280010570704
0.280010570704
0.280010570704
0.280010570704
0.280010570704
0.280010570704
0.280010570704
0.280010570704
0.280010570704
0.280010570704
0.280010570704
0.280010570704
0.280010570704
0.280010570704
0.280010570704
0.280010570704
0.280010570704
0.280010570704
0.280010570704
0.280010570704
0.280010570704
0.280010570704
0.280010570704
0.280010570704
0.280010570704
0.280010570704
0.280010570704
0.280010570704
0.280010570704
0.280010570704
0.280010570704
0.280010570704
0.280010570704
0.280010570704
0.280010570704
0.280010570704
0.280010570704
0.280010570704
0.280010570704
0.280010570704
0.280010570704
0.280010570704
0.280010570704
0.280010570704
0.280010570704
0.280010570704
0.280010570704
0.280010570704
0.280010570704
0.280010570704
0.280010570704
0.280010570704
0.280010570704
0.280010570704
0.280010570704
0.280010570704
0.280010570704
0.280010570704
0.280010570704
0.280010570704
0.280010570704
0.280010570704
0.280010570704
0.280010570704
0.280010570704
0.280010570704
0.280010570704
0.280010570704
0.280010570704
0.280010570704
0.280010570704
0.280010570704
0.280010570704
0.280010570704
0.280010570704
0.280010570704
0.280010570704
0.280010570704
0.280010570704
0.280010570704
0.280010570704
0.280010570704
0.280010570704
0.280010570704
0.280010570704
0.280010570704
0.280010570704
0.280010570704
0.280010570704
0.280010570704
0.280010570704
0.280010570704
0.280010570704
0.280010570704
0.280010570704
0.280010570704
0.280010570704
0.280010570704
0.280010570704
0.280010570704
0.280010570704
0.280010570704
0.280010570704
0.280010570704
0.280010570704
0.280010570704
0.280010570704
0.280010570704
0.280010570704
0.280010570704
0.280010570704
0.280010570704
0.280010570704
0.280010570704
0.280010570704
0.280010570704
0.280010570704
0.280010570704
0.280010570704
0.280010570704
0.280010570704
0.280010570704
0.280010570704
0.280010570704
0.280010570704
0.280010570704
0.280010570704
0.280010570704
0.280010570704
0.280010570704
0.280010570704
0.280010570704
