0.297958986879
0.243740195808
0.22075639192
0.213833746804
0.207140825794
0.197789670011
0.197789670011
0.197789670011
0.197789670011
0.197789670011
0.197789670011
0.197789670011
0.191616956925
0.191616956925
0.191616956925
0.191616956925
0.191616956925
0.19021170461
0.19021170461
0.19021170461
0.19021170461
0.19021170461
0.19021170461
0.19021170461
0.19021170461
0.19021170461
0.19021170461
0.19021170461
0.19021170461
0.19021170461
0.19021170461
0.19021170461
0.19021170461
0.19021170461
0.19021170461
0.19021170461
0.19021170461
0.19021170461
0.19021170461
0.19021170461
0.19021170461
0.19021170461
0.19021170461
0.19021170461
0.19021170461
0.19021170461
0.19021170461
0.19021170461
0.19021170461
0.19021170461
0.19021170461
0.19021170461
0.19021170461
0.19021170461
0.184042573231
0.184042573231
0.184042573231
0.184042573231
0.184042573231
0.184042573231
0.184042573231
0.184042573231
0.184042573231
0.184042573231
0.184042573231
0.184042573231
0.184042573231
0.184042573231
0.184042573231
0.184042573231
0.184042573231
0.184042573231
0.184042573231
0.184042573231
0.184042573231
0.184042573231
0.184042573231
0.184042573231
0.184042573231
0.184042573231
0.184042573231
0.184042573231
0.184042573231
0.184042573231
0.184042573231
0.184042573231
0.184042573231
0.184042573231
0.184042573231
0.184042573231
0.184042573231
0.184042573231
0.184042573231
0.184042573231
0.184042573231
0.184042573231
0.184042573231
0.184042573231
0.184042573231
0.184042573231
0.184042573231
0.184042573231
0.184042573231
0.184042573231
0.184042573231
0.184042573231
0.184042573231
0.184042573231
0.184042573231
0.184042573231
0.184042573231
0.184042573231
0.184042573231
0.184042573231
0.184042573231
0.184042573231
0.184042573231
0.184042573231
0.184042573231
0.184042573231
0.184042573231
0.184042573231
0.184042573231
0.184042573231
0.184042573231
0.184042573231
0.184042573231
0.184042573231
0.184042573231
0.184042573231
0.184042573231
0.184042573231
0.184042573231
0.184042573231
0.184042573231
0.184042573231
0.184042573231
0.184042573231
0.184042573231
0.184042573231
0.184042573231
0.184042573231
0.184042573231
0.184042573231
0.184042573231
0.184042573231
0.184042573231
0.184042573231
0.184042573231
0.184042573231
0.184042573231
0.184042573231
0.184042573231
0.184042573231
0.184042573231
0.184042573231
0.184042573231
0.184042573231
0.184042573231
0.184042573231
0.184042573231
0.184042573231
0.184042573231
0.184042573231
0.184042573231
0.184042573231
0.184042573231
0.184042573231
0.184042573231
0.184042573231
0.184042573231
0.184042573231
0.184042573231
0.184042573231
0.184042573231
0.184042573231
0.184042573231
0.184042573231
0.184042573231
0.184042573231
0.184042573231
0.184042573231
0.184042573231
0.184042573231
0.184042573231
0.184042573231
0.184042573231
0.184042573231
0.184042573231
0.184042573231
0.184042573231
0.184042573231
0.184042573231
0.184042573231
0.184042573231
0.184042573231
0.184042573231
0.184042573231
0.184042573231
0.184042573231
0.184042573231
0.184042573231
0.184042573231
0.184042573231
0.184042573231
0.184042573231
0.184042573231
0.184042573231
0.184042573231
0.184042573231
0.184042573231
0.184042573231
0.184042573231
0.184042573231
0.184042573231
0.184042573231
0.184042573231
0.184042573231
0.184042573231
0.184042573231
0.184042573231
0.184042573231
0.184042573231
0.184042573231
0.184042573231
0.184042573231
0.184042573231
0.184042573231
0.184042573231
0.184042573231
0.184042573231
0.184042573231
0.184042573231
0.184042573231
0.184042573231
0.184042573231
0.184042573231
0.184042573231
0.184042573231
0.184042573231
0.184042573231
0.184042573231
0.184042573231
0.184042573231
0.184042573231
0.184042573231
0.184042573231
0.184042573231
0.184042573231
0.184042573231
0.184042573231
0.184042573231
0.184042573231
0.184042573231
0.184042573231
0.184042573231
0.184042573231
0.184042573231
0.184042573231
0.184042573231
0.184042573231
0.184042573231
0.184042573231
0.184042573231
0.184042573231
0.184042573231
0.184042573231
0.184042573231
0.184042573231
0.184042573231
0.184042573231
0.184042573231
0.184042573231
0.184042573231
0.184042573231
0.184042573231
0.184042573231
0.184042573231
0.184042573231
0.184042573231
0.184042573231
0.184042573231
0.184042573231
0.184042573231
0.184042573231
0.184042573231
0.184042573231
0.184042573231
0.184042573231
0.184042573231
0.184042573231
0.184042573231
0.184042573231
0.184042573231
0.184042573231
0.184042573231
0.184042573231
0.184042573231
0.184042573231
0.184042573231
