0.409510285993
0.323841619695
0.311118501464
0.301401484789
0.297256240427
0.289258050359
0.289258050359
0.289258050359
0.289258050359
0.285202462562
0.285202462562
0.285202462562
0.285202462562
0.285202462562
0.285202462562
0.285202462562
0.285202462562
0.285202462562
0.285202462562
0.285202462562
0.285202462562
0.285202462562
0.285202462562
0.285202462562
0.285202462562
0.285202462562
0.285202462562
0.285202462562
0.285202462562
0.285202462562
0.285202462562
0.285202462562
0.285202462562
0.285202462562
0.285202462562
0.285202462562
0.285202462562
0.285202462562
0.285202462562
0.285202462562
0.285202462562
0.285202462562
0.285202462562
0.285202462562
0.285202462562
0.285202462562
0.285202462562
0.285202462562
0.285202462562
0.285202462562
0.285202462562
0.285202462562
0.285202462562
0.285202462562
0.285202462562
0.285202462562
0.285202462562
0.285202462562
0.285202462562
0.285202462562
0.285202462562
0.285202462562
0.285202462562
0.285202462562
0.285202462562
0.285202462562
0.285202462562
0.285202462562
0.285202462562
0.285202462562
0.285202462562
0.285202462562
0.285202462562
0.285202462562
0.285202462562
0.285202462562
0.285202462562
0.285202462562
0.285202462562
0.285202462562
0.285202462562
0.283648589077
0.283648589077
0.283648589077
0.283648589077
0.283648589077
0.283648589077
0.283648589077
0.283648589077
0.283648589077
0.283648589077
0.283648589077
0.283648589077
0.283648589077
0.283648589077
0.283648589077
0.283648589077
0.283648589077
0.283648589077
0.283648589077
0.283648589077
0.283648589077
0.283648589077
0.283648589077
0.283648589077
0.283648589077
0.283648589077
0.283648589077
0.283648589077
0.283648589077
0.283648589077
0.283648589077
0.283648589077
0.283648589077
0.283648589077
0.283648589077
0.283648589077
0.283648589077
0.283648589077
0.283648589077
0.283648589077
0.283648589077
0.283648589077
0.283648589077
0.283648589077
0.283648589077
0.283648589077
0.283648589077
0.283648589077
0.283648589077
0.283648589077
0.283648589077
0.283648589077
0.283648589077
0.283648589077
0.283648589077
0.283648589077
0.283648589077
0.283648589077
0.283648589077
0.283648589077
0.283648589077
0.283648589077
0.283648589077
0.283648589077
0.283648589077
0.283648589077
0.283648589077
0.283648589077
0.283648589077
0.283648589077
0.283648589077
0.283648589077
0.283648589077
0.283648589077
0.283648589077
0.283648589077
0.283648589077
0.283648589077
0.283648589077
0.283648589077
0.283648589077
0.283648589077
0.283648589077
0.283648589077
0.283648589077
0.283648589077
0.283648589077
0.283648589077
0.283648589077
0.283648589077
0.283648589077
0.283648589077
0.283648589077
0.283648589077
0.283648589077
0.283648589077
0.283648589077
0.283648589077
0.283648589077
0.283648589077
0.283648589077
0.283648589077
0.283648589077
0.283648589077
0.283648589077
0.283648589077
0.283648589077
0.283648589077
0.282694154639
0.282694154639
0.282694154639
0.282694154639
0.282694154639
0.282694154639
0.282694154639
0.282694154639
0.282694154639
0.282694154639
0.282694154639
0.282694154639
0.282694154639
0.282694154639
0.282694154639
0.282694154639
0.282694154639
0.282694154639
0.282694154639
0.282694154639
0.282694154639
0.282694154639
0.282694154639
0.282694154639
0.282694154639
0.282694154639
0.282694154639
0.282694154639
0.282694154639
0.282694154639
0.282694154639
0.282694154639
0.282694154639
0.282694154639
0.282694154639
0.282694154639
0.282694154639
0.282694154639
0.282694154639
0.282694154639
0.282694154639
0.282694154639
0.282694154639
0.282694154639
0.282694154639
0.282694154639
0.282694154639
0.282694154639
0.282694154639
0.282694154639
0.282694154639
0.282694154639
0.282694154639
0.282694154639
0.282694154639
0.282694154639
0.282694154639
0.282694154639
0.282694154639
0.282694154639
0.282694154639
0.282694154639
0.282694154639
0.282694154639
0.282694154639
0.282694154639
0.282694154639
0.282694154639
0.282694154639
0.282694154639
0.282694154639
0.282694154639
0.282694154639
0.282694154639
0.282694154639
0.282694154639
0.282694154639
0.282694154639
0.282694154639
0.282694154639
0.281660951314
0.281660951314
0.281660951314
0.281660951314
0.281660951314
0.281660951314
0.281660951314
0.281660951314
0.281660951314
0.281660951314
0.281660951314
0.281660951314
0.281660951314
0.281660951314
0.281660951314
0.281660951314
0.281660951314
0.281660951314
0.281660951314
0.281660951314
0.281660951314
0.281660951314
0.281660951314
0.281660951314
0.281660951314
0.281660951314
0.281660951314
0.281660951314
0.281660951314
0.281660951314
0.281660951314
0.281660951314
0.281660951314
0.281660951314
0.281660951314
0.281660951314
0.281660951314
0.281660951314
0.281660951314
0.281660951314
0.281660951314
0.281660951314
0.281660951314
0.281660951314
0.281660951314
0.281660951314
0.281660951314
0.281660951314
0.281660951314
0.281660951314
0.281660951314
0.281660951314
0.281660951314
0.281660951314
0.281660951314
0.281660951314
0.281660951314
0.281660951314
0.281660951314
0.281660951314
0.281660951314
0.281660951314
0.281660951314
0.281660951314
0.281660951314
0.281660951314
0.281660951314
0.281660951314
0.281660951314
0.281660951314
0.281660951314
0.281660951314
0.281660951314
0.281660951314
0.281660951314
0.281660951314
0.281660951314
0.281660951314
0.281660951314
0.281660951314
0.281660951314
0.281660951314
0.281660951314
0.281660951314
0.281660951314
0.281660951314
0.281660951314
0.281660951314
0.281660951314
0.281660951314
0.281660951314
0.281660951314
0.281660951314
0.281660951314
0.281660951314
0.281660951314
0.281660951314
0.281660951314
0.281660951314
0.281660951314
0.281660951314
0.281660951314
0.281660951314
0.281660951314
0.281660951314
0.281660951314
0.281660951314
0.281660951314
0.281660951314
0.281660951314
0.281660951314
0.281660951314
0.281660951314
0.281660951314
0.281660951314
0.281660951314
0.281660951314
0.281660951314
0.281660951314
0.281660951314
0.281660951314
0.281660951314
0.281660951314
0.281660951314
0.281660951314
0.281660951314
0.281660951314
0.281660951314
0.281660951314
0.281660951314
0.281660951314
