0.320960414325
0.225896758412
0.217147998589
0.205774385091
0.205774385091
0.205774385091
0.205774385091
0.196409007867
0.196409007867
0.196409007867
0.196409007867
0.196409007867
0.195610068884
0.195610068884
0.195610068884
0.195610068884
0.195610068884
0.195610068884
0.195610068884
0.195610068884
0.195610068884
0.195610068884
0.195610068884
0.191785850286
0.191785850286
0.191785850286
0.191785850286
0.191785850286
0.191785850286
0.191785850286
0.191785850286
0.191785850286
0.191785850286
0.191785850286
0.191785850286
0.191785850286
0.191785850286
0.191785850286
0.191785850286
0.191785850286
0.191785850286
0.191785850286
0.191785850286
0.191785850286
0.191785850286
0.191785850286
0.191785850286
0.191785850286
0.191785850286
0.191785850286
0.191785850286
0.191785850286
0.191785850286
0.191785850286
0.191785850286
0.191785850286
0.191785850286
0.191785850286
0.191785850286
0.191785850286
0.191785850286
0.191785850286
0.191785850286
0.191785850286
0.191785850286
0.191785850286
0.187747168202
0.187747168202
0.187747168202
0.187747168202
0.187747168202
0.187747168202
0.187747168202
0.187747168202
0.187747168202
0.187747168202
0.187747168202
0.187747168202
0.187747168202
0.187747168202
0.187747168202
0.187747168202
0.187747168202
0.187747168202
0.187747168202
0.187747168202
0.187747168202
0.187747168202
0.187747168202
0.187747168202
0.187747168202
0.187747168202
0.187747168202
0.187747168202
0.187747168202
0.187747168202
0.187747168202
0.187747168202
0.187747168202
0.187747168202
0.187747168202
0.187747168202
0.187747168202
0.187747168202
0.187747168202
0.187747168202
0.187747168202
0.187747168202
0.187747168202
0.187747168202
0.187747168202
0.187747168202
0.187747168202
0.187747168202
0.187747168202
0.187747168202
0.187747168202
0.187747168202
0.187747168202
0.187747168202
0.187747168202
0.187747168202
0.187747168202
0.187747168202
0.187747168202
0.187747168202
0.187747168202
0.187747168202
0.187747168202
0.187747168202
0.187747168202
0.187747168202
0.187747168202
0.187747168202
0.187747168202
0.187747168202
0.187747168202
0.187747168202
0.187747168202
0.187747168202
0.187747168202
0.187747168202
0.187747168202
0.187747168202
0.187747168202
0.187747168202
0.187747168202
0.187747168202
0.187747168202
0.187747168202
0.187747168202
0.187747168202
0.187747168202
0.187747168202
0.187747168202
0.187747168202
0.187747168202
0.187747168202
0.187747168202
0.187747168202
0.187747168202
0.187747168202
0.187747168202
0.183704667336
0.183704667336
0.183704667336
0.183704667336
0.183704667336
0.183704667336
0.183704667336
0.183704667336
0.183704667336
0.183704667336
0.183704667336
0.183704667336
0.183704667336
0.183704667336
0.183704667336
0.183704667336
0.183704667336
0.183704667336
0.183704667336
0.183704667336
0.183704667336
0.183704667336
0.183704667336
0.183704667336
0.183704667336
0.183704667336
0.183704667336
0.183704667336
0.183704667336
0.183704667336
0.183704667336
0.183704667336
0.183704667336
0.183704667336
0.183704667336
0.183704667336
0.183704667336
0.183704667336
0.183704667336
0.183704667336
0.183704667336
0.183704667336
0.183704667336
0.183704667336
0.183704667336
0.183704667336
0.183704667336
0.183704667336
0.183704667336
0.183704667336
0.183704667336
0.183704667336
0.183704667336
0.183704667336
0.183704667336
0.183704667336
0.183704667336
0.183704667336
0.183704667336
0.183704667336
0.183704667336
0.183704667336
0.183704667336
0.183704667336
0.183704667336
0.183704667336
0.183704667336
0.183704667336
0.183704667336
0.183704667336
0.183704667336
0.183704667336
0.183704667336
0.183704667336
0.183704667336
0.183704667336
0.183704667336
0.183704667336
0.183704667336
0.183704667336
0.183704667336
0.183704667336
0.183704667336
0.183704667336
0.183704667336
0.183704667336
0.183704667336
0.183704667336
0.183704667336
0.183704667336
0.183704667336
0.183704667336
0.183704667336
0.183704667336
0.183704667336
0.183704667336
0.183704667336
0.183704667336
0.183704667336
0.183704667336
0.183704667336
0.183704667336
0.183704667336
0.183704667336
0.183704667336
0.183704667336
0.183704667336
0.183704667336
0.183704667336
0.183704667336
0.183704667336
0.183704667336
0.183704667336
0.183704667336
0.183704667336
0.183704667336
0.183704667336
0.183704667336
0.183704667336
0.183704667336
0.183704667336
0.183704667336
0.183704667336
0.183704667336
0.183704667336
0.183704667336
0.183704667336
0.183704667336
0.183704667336
0.183704667336
0.183704667336
0.183704667336
0.183704667336
0.183704667336
0.183704667336
0.183704667336
0.183704667336
