0.322081377445
0.23669434915
0.209048782889
0.2081082154
0.2081082154
0.2081082154
0.2081082154
0.2081082154
0.195691920471
0.195691920471
0.195691920471
0.195691920471
0.192795836878
0.192795836878
0.192795836878
0.192795836878
0.192795836878
0.192795836878
0.192795836878
0.192795836878
0.192795836878
0.192795836878
0.192795836878
0.192795836878
0.192795836878
0.192795836878
0.192795836878
0.192795836878
0.192795836878
0.192795836878
0.192795836878
0.192795836878
0.192795836878
0.192795836878
0.192795836878
0.182753490457
0.182753490457
0.182753490457
0.182753490457
0.182753490457
0.182753490457
0.182753490457
0.182753490457
0.182753490457
0.182753490457
0.182753490457
0.182753490457
0.182753490457
0.182753490457
0.182753490457
0.182753490457
0.182753490457
0.182753490457
0.182753490457
0.182753490457
0.182753490457
0.182753490457
0.182753490457
0.182753490457
0.182753490457
0.182753490457
0.182753490457
0.182753490457
0.182753490457
0.182753490457
0.182753490457
0.182753490457
0.182753490457
0.182753490457
0.182753490457
0.182753490457
0.182753490457
0.182753490457
0.182753490457
0.182753490457
0.182753490457
0.182753490457
0.182753490457
0.182753490457
0.182753490457
0.182753490457
0.182753490457
0.182753490457
0.182753490457
0.182753490457
0.182753490457
0.182753490457
0.182753490457
0.182753490457
0.182753490457
0.182753490457
0.182753490457
0.182753490457
0.182753490457
0.182753490457
0.182753490457
0.182753490457
0.182753490457
0.182753490457
0.182753490457
0.182753490457
0.182753490457
0.182753490457
0.182753490457
0.182753490457
0.182753490457
0.182753490457
0.182753490457
0.182753490457
0.182753490457
0.182753490457
0.182753490457
0.182753490457
0.182753490457
0.182753490457
0.182753490457
0.182753490457
0.182753490457
0.182753490457
0.182753490457
0.182753490457
0.182753490457
0.182753490457
0.182753490457
0.182753490457
0.182753490457
0.182753490457
0.182753490457
0.182753490457
0.182753490457
0.182753490457
0.182753490457
0.182753490457
0.182753490457
0.182753490457
0.182753490457
0.182753490457
0.182753490457
0.182753490457
0.182753490457
0.182753490457
0.182753490457
0.182753490457
0.182753490457
0.182753490457
0.182753490457
0.182753490457
0.182753490457
0.182753490457
0.182753490457
0.182753490457
0.182753490457
0.182753490457
0.182753490457
0.182753490457
0.182753490457
0.182753490457
0.182753490457
0.182753490457
0.182753490457
0.182753490457
0.182753490457
0.182753490457
0.182753490457
0.182753490457
0.182631420296
0.182631420296
0.182631420296
0.182631420296
0.182631420296
0.182631420296
0.182631420296
0.182631420296
0.182631420296
0.182631420296
0.182631420296
0.182631420296
0.182631420296
0.182631420296
0.182631420296
0.182631420296
0.182631420296
0.182631420296
0.182631420296
0.182631420296
0.182631420296
0.182631420296
0.182631420296
0.182631420296
0.182631420296
0.182631420296
0.182631420296
0.182631420296
0.182631420296
0.182631420296
0.182631420296
0.182631420296
0.182631420296
0.182631420296
0.182631420296
0.182631420296
0.182631420296
0.182631420296
0.182631420296
0.182631420296
0.182631420296
0.182631420296
0.182631420296
0.182631420296
0.182631420296
0.182631420296
0.182631420296
0.182631420296
0.182631420296
0.182631420296
0.182631420296
0.182631420296
0.182631420296
0.182631420296
0.182631420296
0.182631420296
0.182631420296
0.182631420296
0.182631420296
0.182631420296
0.182631420296
0.182631420296
0.182631420296
0.182631420296
0.182631420296
0.182631420296
0.182631420296
0.182631420296
0.182631420296
0.182631420296
0.182631420296
0.182631420296
0.182631420296
0.182631420296
0.182631420296
0.182631420296
0.182631420296
0.182631420296
0.182631420296
0.182631420296
0.182631420296
0.182631420296
0.182631420296
0.182631420296
0.182631420296
0.182631420296
0.182631420296
0.182631420296
0.182631420296
0.182631420296
0.182631420296
0.182631420296
0.182631420296
0.182631420296
0.182631420296
0.182631420296
0.182631420296
0.182631420296
0.182631420296
0.182631420296
0.182631420296
0.182631420296
0.182631420296
0.182631420296
0.182631420296
0.182631420296
0.182631420296
0.182631420296
0.182631420296
0.182631420296
0.182631420296
0.182631420296
0.182631420296
0.182631420296
0.182631420296
0.182631420296
0.182631420296
0.182631420296
0.182631420296
0.182631420296
0.182631420296
0.182631420296
0.182631420296
0.182631420296
0.182631420296
0.182631420296
0.182631420296
0.182631420296
0.182631420296
0.182631420296
0.182631420296
0.182631420296
0.182631420296
0.182631420296
0.182631420296
