0.289816529106
0.248037655539
0.220751454868
0.214399652579
0.203607336975
0.203607336975
0.203607336975
0.203607336975
0.203607336975
0.203607336975
0.19986870707
0.19986870707
0.19986870707
0.19986870707
0.19986870707
0.19986870707
0.199152298898
0.199152298898
0.199152298898
0.199152298898
0.199152298898
0.199152298898
0.199152298898
0.199152298898
0.199152298898
0.199152298898
0.199152298898
0.199152298898
0.199152298898
0.199152298898
0.199152298898
0.199152298898
0.197105750632
0.197105750632
0.197105750632
0.197105750632
0.197105750632
0.191946705996
0.191946705996
0.191946705996
0.191946705996
0.191946705996
0.191946705996
0.191946705996
0.191946705996
0.191946705996
0.191946705996
0.191946705996
0.191946705996
0.191946705996
0.191946705996
0.191946705996
0.191946705996
0.191946705996
0.191946705996
0.191946705996
0.191946705996
0.191946705996
0.191946705996
0.191946705996
0.191946705996
0.191946705996
0.191946705996
0.191946705996
0.191946705996
0.191946705996
0.191946705996
0.191946705996
0.191946705996
0.191946705996
0.191946705996
0.191946705996
0.191946705996
0.191946705996
0.191946705996
0.191946705996
0.191946705996
0.191946705996
0.191946705996
0.191946705996
0.191946705996
0.191946705996
0.191946705996
0.191946705996
0.191946705996
0.191946705996
0.191946705996
0.191946705996
0.191946705996
0.19013136926
0.19013136926
0.19013136926
0.19013136926
0.19013136926
0.19013136926
0.19013136926
0.19013136926
0.19013136926
0.19013136926
0.19013136926
0.19013136926
0.19013136926
0.19013136926
0.19013136926
0.19013136926
0.19013136926
0.19013136926
0.19013136926
0.19013136926
0.19013136926
0.19013136926
0.19013136926
0.19013136926
0.19013136926
0.19013136926
0.19013136926
0.19013136926
0.19013136926
0.18671116922
0.18671116922
0.18671116922
0.18671116922
0.18671116922
0.18671116922
0.18671116922
0.18671116922
0.18671116922
0.18671116922
0.18671116922
0.18671116922
0.18671116922
0.18671116922
0.18671116922
0.18671116922
0.18671116922
0.18671116922
0.18671116922
0.18671116922
0.18671116922
0.18671116922
0.18671116922
0.18671116922
0.18671116922
0.18671116922
0.18671116922
0.18671116922
0.18671116922
0.18671116922
0.18671116922
0.18671116922
0.18671116922
0.18671116922
0.18671116922
0.18671116922
0.18671116922
0.18671116922
0.18671116922
0.18671116922
0.18671116922
0.18671116922
0.18671116922
0.18671116922
0.18671116922
0.18671116922
0.18671116922
0.18671116922
0.18671116922
0.18671116922
0.18671116922
0.18671116922
0.18671116922
0.18671116922
0.18671116922
0.18671116922
0.18671116922
0.18671116922
0.18671116922
0.18671116922
0.18671116922
0.18671116922
0.18671116922
0.18671116922
0.18671116922
0.18671116922
0.18671116922
0.18671116922
0.18671116922
0.18671116922
0.18671116922
0.18671116922
0.18671116922
0.18671116922
0.18671116922
0.18671116922
0.18671116922
0.18671116922
0.18671116922
0.18671116922
0.18671116922
0.18671116922
0.18671116922
0.18671116922
0.18671116922
0.18671116922
0.18671116922
0.18671116922
0.18671116922
0.18671116922
0.18671116922
0.18671116922
0.18671116922
0.18671116922
0.18671116922
0.18671116922
0.18671116922
0.18671116922
0.18671116922
0.18671116922
0.18671116922
0.18671116922
0.18671116922
0.18671116922
0.18671116922
0.18671116922
0.18671116922
0.18671116922
0.18671116922
0.18671116922
0.18671116922
0.185325478872
0.185325478872
0.185325478872
0.185325478872
0.185325478872
0.185325478872
0.185325478872
0.185325478872
0.185325478872
0.185325478872
0.185325478872
0.185325478872
0.185325478872
0.185325478872
0.185325478872
0.185325478872
0.185325478872
0.185325478872
0.185325478872
0.185325478872
0.185325478872
0.185325478872
0.185325478872
0.185325478872
0.185325478872
0.185325478872
0.185325478872
0.185325478872
0.185325478872
0.185325478872
0.185325478872
0.185325478872
0.185325478872
0.185325478872
0.185325478872
0.185325478872
0.185325478872
0.185325478872
0.185325478872
0.185325478872
0.185325478872
0.185325478872
0.185325478872
0.185325478872
0.185325478872
0.185325478872
0.185325478872
0.185325478872
0.185325478872
0.185325478872
0.185325478872
0.185325478872
0.185325478872
0.185325478872
0.185325478872
0.185325478872
0.185325478872
0.185325478872
0.185325478872
0.185325478872
0.185325478872
0.185325478872
0.185325478872
0.185325478872
0.185325478872
0.185325478872
0.185325478872
0.185325478872
0.185325478872
0.185325478872
0.185325478872
