0.416934309008
0.31983464295
0.305865220143
0.299703165028
0.294727429216
0.294727429216
0.294727429216
0.294727429216
0.294727429216
0.294727429216
0.290421649148
0.290421649148
0.290421649148
0.290421649148
0.290421649148
0.290421649148
0.290421649148
0.290421649148
0.290421649148
0.290421649148
0.290421649148
0.290421649148
0.290421649148
0.290421649148
0.288054157295
0.288054157295
0.288054157295
0.287476561044
0.287476561044
0.287476561044
0.287476561044
0.287476561044
0.287476561044
0.287476561044
0.287476561044
0.287476561044
0.287476561044
0.287476561044
0.287476561044
0.287476561044
0.286607310363
0.286607310363
0.286607310363
0.286607310363
0.286607310363
0.286607310363
0.286607310363
0.286607310363
0.286607310363
0.286607310363
0.286607310363
0.286607310363
0.286607310363
0.286607310363
0.286607310363
0.286607310363
0.286607310363
0.286607310363
0.286607310363
0.286607310363
0.286607310363
0.286607310363
0.286607310363
0.286607310363
0.286607310363
0.286607310363
0.286607310363
0.286607310363
0.286607310363
0.286607310363
0.286607310363
0.286607310363
0.286607310363
0.286607310363
0.286607310363
0.286607310363
0.286607310363
0.286607310363
0.286607310363
0.286607310363
0.286607310363
0.286607310363
0.286607310363
0.286607310363
0.286607310363
0.286607310363
0.286607310363
0.286607310363
0.286607310363
0.286607310363
0.286607310363
0.286607310363
0.284770837377
0.284770837377
0.284770837377
0.284770837377
0.284770837377
0.284770837377
0.284770837377
0.284770837377
0.284770837377
0.284770837377
0.284770837377
0.284770837377
0.284770837377
0.284770837377
0.284770837377
0.284770837377
0.284770837377
0.284770837377
0.284770837377
0.284770837377
0.284770837377
0.284770837377
0.284770837377
0.284770837377
0.284770837377
0.284770837377
0.284770837377
0.284770837377
0.284770837377
0.284770837377
0.284770837377
0.284770837377
0.284770837377
0.284770837377
0.284770837377
0.284770837377
0.284770837377
0.284770837377
0.284770837377
0.284770837377
0.284770837377
0.284770837377
0.284770837377
0.284770837377
0.284770837377
0.284770837377
0.284770837377
0.284770837377
0.284770837377
0.284770837377
0.284770837377
0.284770837377
0.284770837377
0.284770837377
0.284770837377
0.284770837377
0.284770837377
0.284770837377
0.284770837377
0.284770837377
0.284770837377
0.284770837377
0.284770837377
0.284770837377
0.284770837377
0.284770837377
0.284770837377
0.284770837377
0.284770837377
0.284770837377
0.284770837377
0.283982651927
0.283982651927
0.283982651927
0.283982651927
0.283982651927
0.283982651927
0.283982651927
0.283982651927
0.283982651927
0.283982651927
0.283982651927
0.283982651927
0.283982651927
0.283982651927
0.283982651927
0.283982651927
0.283982651927
0.283982651927
0.283982651927
0.283982651927
0.283982651927
0.283982651927
0.283982651927
0.283982651927
0.283982651927
0.283982651927
0.283982651927
0.283982651927
0.283982651927
0.283982651927
0.283982651927
0.283982651927
0.283982651927
0.283982651927
0.283982651927
0.283982651927
0.283982651927
0.283982651927
0.283982651927
0.283982651927
0.283982651927
0.283982651927
0.283982651927
0.283982651927
0.283982651927
0.283982651927
0.283982651927
0.283982651927
0.283982651927
0.283982651927
0.283982651927
0.283982651927
0.283982651927
0.283982651927
0.283982651927
0.283982651927
0.283982651927
0.283982651927
0.283982651927
0.283982651927
0.283982651927
0.283982651927
0.283982651927
0.283982651927
0.283982651927
0.283982651927
0.283982651927
0.283982651927
0.283982651927
0.283982651927
0.283982651927
0.283982651927
0.283982651927
0.283982651927
0.283982651927
0.283982651927
0.283982651927
0.283982651927
0.283982651927
0.283982651927
0.283982651927
0.283982651927
0.283982651927
0.283982651927
0.283982651927
0.282569455894
0.282569455894
0.282569455894
0.282569455894
0.282569455894
0.282569455894
0.282569455894
0.282569455894
0.282569455894
0.282569455894
0.282569455894
0.282569455894
0.282569455894
0.282569455894
0.282569455894
0.282569455894
0.282569455894
0.282569455894
0.282569455894
0.282569455894
0.282569455894
0.282569455894
0.282569455894
0.282569455894
0.282569455894
0.282569455894
0.282569455894
0.282569455894
0.282569455894
0.282569455894
0.282569455894
0.282569455894
0.282569455894
0.282569455894
0.282569455894
0.282569455894
0.282569455894
0.282569455894
0.282569455894
0.282569455894
0.282569455894
0.282569455894
0.282569455894
0.282569455894
0.282569455894
0.282569455894
0.282569455894
0.282569455894
0.282569455894
0.282569455894
0.282569455894
0.282569455894
0.282569455894
0.282569455894
0.282569455894
0.282569455894
0.282569455894
0.282569455894
0.282569455894
0.282569455894
0.282569455894
0.282569455894
0.282569455894
0.282569455894
0.282569455894
0.282569455894
0.282569455894
0.282569455894
0.282569455894
0.282569455894
0.282569455894
0.282569455894
0.282569455894
0.282569455894
0.282569455894
0.282569455894
0.282569455894
0.282569455894
0.282569455894
0.282569455894
0.282569455894
0.282569455894
0.282569455894
0.282569455894
0.282569455894
0.282569455894
0.282569455894
0.282569455894
0.282569455894
0.282569455894
0.282569455894
0.282569455894
0.282569455894
0.282569455894
0.282569455894
0.282569455894
0.282569455894
0.282569455894
0.282569455894
0.282569455894
0.282569455894
0.282569455894
0.282569455894
0.282569455894
0.282569455894
0.282569455894
0.282569455894
0.282569455894
0.282569455894
0.282569455894
0.282569455894
0.282569455894
0.282569455894
0.282569455894
0.282569455894
0.282569455894
0.282569455894
0.282569455894
0.282569455894
0.282569455894
0.282569455894
0.282569455894
0.282569455894
0.282569455894
0.282569455894
0.282569455894
0.282569455894
0.282569455894
0.282569455894
0.282569455894
0.282569455894
0.282569455894
0.282569455894
0.282569455894
0.282569455894
0.282569455894
0.282569455894
0.282569455894
0.282569455894
0.282569455894
0.282569455894
0.282569455894
0.282569455894
0.282569455894
0.282569455894
0.282569455894
0.282569455894
0.282569455894
0.282569455894
0.282569455894
0.282569455894
0.282569455894
