0.258505858614
0.228354025567
0.21341742839
0.21341742839
0.202004577958
0.202004577958
0.202004577958
0.202004577958
0.202004577958
0.202004577958
0.202004577958
0.202004577958
0.202004577958
0.202004577958
0.202004577958
0.202004577958
0.202004577958
0.200250755621
0.200250755621
0.200250755621
0.200250755621
0.200250755621
0.19303575077
0.19303575077
0.19303575077
0.19303575077
0.19303575077
0.19303575077
0.19303575077
0.19303575077
0.19303575077
0.19303575077
0.19303575077
0.19303575077
0.19303575077
0.19303575077
0.19303575077
0.19303575077
0.19303575077
0.19303575077
0.19303575077
0.19303575077
0.19303575077
0.184266796732
0.184266796732
0.184266796732
0.184266796732
0.184266796732
0.184266796732
0.184266796732
0.184266796732
0.184266796732
0.184266796732
0.184266796732
0.184266796732
0.184266796732
0.184266796732
0.184266796732
0.184266796732
0.184266796732
0.184266796732
0.184266796732
0.184266796732
0.184266796732
0.184266796732
0.184266796732
0.184266796732
0.184266796732
0.184266796732
0.184266796732
0.184266796732
0.184266796732
0.184266796732
0.184266796732
0.184266796732
0.184266796732
0.184266796732
0.184266796732
0.184266796732
0.184266796732
0.184266796732
0.184266796732
0.184266796732
0.184266796732
0.184266796732
0.184266796732
0.184266796732
0.184266796732
0.184266796732
0.184266796732
0.184266796732
0.184266796732
0.184266796732
0.184266796732
0.184266796732
0.184266796732
0.184266796732
0.184266796732
0.184266796732
0.184266796732
0.184266796732
0.184266796732
0.184266796732
0.184266796732
0.184266796732
0.184266796732
0.184266796732
0.184266796732
0.184266796732
0.184266796732
0.184266796732
0.184266796732
0.184266796732
0.184266796732
0.184266796732
0.184266796732
0.184266796732
0.184266796732
0.184266796732
0.184266796732
0.184266796732
0.184266796732
0.184266796732
0.184266796732
0.184266796732
0.184266796732
0.184266796732
0.184266796732
0.184266796732
0.184266796732
0.184266796732
0.184266796732
0.184266796732
0.184266796732
0.184266796732
0.184266796732
0.184266796732
0.184266796732
0.184266796732
0.184266796732
0.184266796732
0.184266796732
0.184266796732
0.184266796732
0.184266796732
0.184266796732
0.184266796732
0.179858910244
0.179858910244
0.179858910244
0.179858910244
0.179858910244
0.179858910244
0.179858910244
0.179858910244
0.179858910244
0.179858910244
0.179858910244
0.179858910244
0.179858910244
0.179858910244
0.179858910244
0.179858910244
0.179858910244
0.179858910244
0.179858910244
0.179858910244
0.179858910244
0.179858910244
0.179858910244
0.179858910244
0.179858910244
0.179858910244
0.179858910244
0.179858910244
0.179858910244
0.179858910244
0.179858910244
0.179858910244
0.179858910244
0.179858910244
0.179858910244
0.179858910244
0.179858910244
0.179858910244
0.179858910244
0.179858910244
0.179858910244
0.179858910244
0.179858910244
0.179858910244
0.179858910244
0.179858910244
0.179858910244
0.179858910244
0.179858910244
0.179858910244
0.179858910244
0.179858910244
0.179858910244
0.179858910244
0.179858910244
0.179858910244
0.179858910244
0.179858910244
0.179858910244
0.179858910244
0.179858910244
0.179858910244
0.179858910244
0.179858910244
0.179858910244
0.179858910244
0.179858910244
0.179858910244
0.179858910244
0.179858910244
0.179858910244
0.179858910244
0.179858910244
0.179858910244
0.179858910244
0.179858910244
0.179858910244
0.179858910244
0.179858910244
0.179858910244
0.179858910244
0.179858910244
0.179858910244
0.179858910244
0.179858910244
0.179858910244
0.179858910244
0.179858910244
0.179858910244
0.179858910244
0.179858910244
0.179858910244
0.179858910244
0.179858910244
0.179858910244
0.179858910244
0.179858910244
0.179858910244
0.179858910244
0.179858910244
0.179858910244
0.179858910244
0.179858910244
0.179858910244
0.179858910244
0.179858910244
0.179858910244
0.179858910244
0.179858910244
0.179858910244
0.179858910244
0.179858910244
0.179858910244
0.179858910244
0.179858910244
0.179858910244
0.179858910244
0.179858910244
0.179858910244
0.179858910244
0.179858910244
0.179858910244
0.179858910244
0.179858910244
0.179858910244
0.179858910244
0.179858910244
0.179858910244
0.179858910244
0.179858910244
0.179858910244
0.179858910244
0.179858910244
0.179858910244
0.179858910244
0.179858910244
0.179858910244
0.179858910244
0.179858910244
0.179858910244
0.179858910244
0.179858910244
0.179858910244
0.179858910244
0.179858910244
0.179858910244
0.179858910244
0.179858910244
0.179858910244
0.179858910244
0.179858910244
0.179858910244
0.179858910244
