0.423556002836
0.32976096704
0.312649373162
0.301796609
0.298956872572
0.298956872572
0.295155725374
0.295155725374
0.295155725374
0.295155725374
0.292413889641
0.292413889641
0.292413889641
0.292413889641
0.292413889641
0.292413889641
0.292413889641
0.288662692479
0.288662692479
0.288662692479
0.288662692479
0.288662692479
0.288662692479
0.288662692479
0.288662692479
0.288662692479
0.288662692479
0.288662692479
0.288662692479
0.288662692479
0.288662692479
0.288662692479
0.288662692479
0.288662692479
0.288662692479
0.288662692479
0.288662692479
0.288662692479
0.284493552888
0.284493552888
0.284493552888
0.284493552888
0.284493552888
0.284493552888
0.284493552888
0.284493552888
0.284493552888
0.284493552888
0.284493552888
0.284493552888
0.284493552888
0.284493552888
0.284493552888
0.284493552888
0.284493552888
0.284493552888
0.284493552888
0.284493552888
0.284493552888
0.284493552888
0.284493552888
0.284493552888
0.284493552888
0.284493552888
0.284493552888
0.284493552888
0.284493552888
0.284493552888
0.284493552888
0.284493552888
0.284493552888
0.284493552888
0.284493552888
0.284493552888
0.284493552888
0.284493552888
0.284493552888
0.284493552888
0.284493552888
0.284493552888
0.284493552888
0.284493552888
0.284493552888
0.284493552888
0.284493552888
0.284493552888
0.284493552888
0.284493552888
0.284493552888
0.284493552888
0.284493552888
0.284493552888
0.284493552888
0.284493552888
0.284493552888
0.284493552888
0.284493552888
0.284493552888
0.284493552888
0.284493552888
0.284493552888
0.284493552888
0.284493552888
0.284493552888
0.284493552888
0.284493552888
0.284493552888
0.284493552888
0.284493552888
0.284493552888
0.284493552888
0.284493552888
0.284493552888
0.284493552888
0.284493552888
0.284493552888
0.284493552888
0.284493552888
0.284493552888
0.284493552888
0.28178931041
0.28178931041
0.28178931041
0.28178931041
0.28178931041
0.28178931041
0.28178931041
0.28178931041
0.28178931041
0.28178931041
0.28178931041
0.28178931041
0.28178931041
0.28178931041
0.28178931041
0.28178931041
0.28178931041
0.28178931041
0.28178931041
0.28178931041
0.28178931041
0.28178931041
0.28178931041
0.28178931041
0.28178931041
0.28178931041
0.28178931041
0.28178931041
0.28178931041
0.28178931041
0.28178931041
0.28178931041
0.28178931041
0.28178931041
0.28178931041
0.28178931041
0.28178931041
0.28178931041
0.28178931041
0.28178931041
0.28178931041
0.28178931041
0.28178931041
0.28178931041
0.28178931041
0.28178931041
0.28178931041
0.28178931041
0.28178931041
0.28178931041
0.28178931041
0.28178931041
0.28178931041
0.28178931041
0.28178931041
0.28178931041
0.28178931041
0.28178931041
0.28178931041
0.28178931041
0.28178931041
0.28178931041
0.28178931041
0.28178931041
0.28178931041
0.28178931041
0.28178931041
0.28178931041
0.28178931041
0.28178931041
0.28178931041
0.28178931041
0.28178931041
0.28178931041
0.28178931041
0.28178931041
0.28178931041
0.28178931041
0.28178931041
0.28178931041
0.28178931041
0.28178931041
0.28178931041
0.28178931041
0.28178931041
0.28178931041
0.28178931041
0.28178931041
0.28178931041
0.28178931041
0.28178931041
0.28178931041
0.28178931041
0.28178931041
0.28178931041
0.28178931041
0.28178931041
0.28178931041
0.28178931041
0.28178931041
0.28178931041
0.28178931041
0.28178931041
0.28178931041
0.28178931041
0.28178931041
0.28178931041
0.28178931041
0.28178931041
0.28178931041
0.28178931041
0.28178931041
0.28178931041
0.28178931041
0.28178931041
0.28178931041
0.28178931041
0.28178931041
0.28178931041
0.28178931041
0.28178931041
0.28178931041
0.28178931041
0.28178931041
0.28178931041
0.28178931041
0.28178931041
0.28178931041
0.28178931041
0.28178931041
0.28178931041
0.28178931041
0.28178931041
0.28178931041
0.28178931041
0.28178931041
0.28178931041
0.28178931041
0.28178931041
0.28178931041
0.28178931041
0.28178931041
0.28178931041
0.28178931041
0.28178931041
0.28178931041
0.28178931041
0.28178931041
0.28178931041
0.28178931041
0.28178931041
0.28178931041
0.28178931041
0.28178931041
0.28178931041
0.28178931041
0.28178931041
0.28178931041
0.28178931041
0.28178931041
0.28178931041
0.28178931041
0.28178931041
0.28178931041
0.28178931041
0.28178931041
0.28178931041
0.28178931041
0.28178931041
0.28178931041
0.28178931041
0.28178931041
0.28178931041
0.28178931041
0.28178931041
0.28178931041
0.28178931041
0.28178931041
0.28178931041
0.28178931041
0.28178931041
0.28178931041
0.28178931041
0.28178931041
0.28178931041
0.28178931041
0.28178931041
0.28178931041
0.28178931041
0.28178931041
0.28178931041
0.28178931041
0.28178931041
0.28178931041
0.28178931041
0.28178931041
0.28178931041
0.28178931041
0.28178931041
0.28178931041
0.28178931041
0.28178931041
0.28178931041
0.28178931041
0.28178931041
0.28178931041
0.28178931041
0.28178931041
0.28178931041
0.28178931041
0.28178931041
0.28178931041
0.28178931041
0.28178931041
0.28178931041
0.28178931041
0.28178931041
0.28178931041
0.28178931041
0.28178931041
0.28178931041
0.28178931041
0.28178931041
0.28178931041
0.28178931041
0.280653518555
0.280653518555
0.280653518555
0.280653518555
0.280653518555
0.280653518555
0.280653518555
0.280653518555
0.280653518555
0.280653518555
0.280653518555
0.280653518555
0.280653518555
0.280653518555
0.280653518555
0.280653518555
0.280653518555
0.280653518555
0.280653518555
0.280653518555
0.280653518555
0.280653518555
0.280653518555
0.280653518555
0.280653518555
0.280653518555
0.280653518555
0.280653518555
0.280653518555
0.280653518555
0.280653518555
0.280653518555
0.280653518555
0.280653518555
0.280653518555
0.280653518555
0.280653518555
0.280653518555
0.280653518555
0.280653518555
0.280653518555
0.280653518555
0.280653518555
0.280653518555
0.280653518555
0.280653518555
0.280653518555
0.280653518555
0.280653518555
0.280653518555
0.280653518555
0.280653518555
0.280653518555
0.280653518555
0.280653518555
