0.331337553674
0.225910354107
0.195839866743
0.195839866743
0.195839866743
0.192252634471
0.192252634471
0.192252634471
0.188451994574
0.188451994574
0.188451994574
0.188451994574
0.188451994574
0.188451994574
0.188451994574
0.188451994574
0.188451994574
0.188451994574
0.188451994574
0.188451994574
0.188451994574
0.188451994574
0.188451994574
0.188451994574
0.188451994574
0.188451994574
0.188451994574
0.188451994574
0.188451994574
0.188451994574
0.188451994574
0.188451994574
0.188451994574
0.188451994574
0.188451994574
0.188451994574
0.188451994574
0.188451994574
0.188451994574
0.180003843591
0.180003843591
0.180003843591
0.180003843591
0.180003843591
0.180003843591
0.180003843591
0.180003843591
0.180003843591
0.180003843591
0.180003843591
0.180003843591
0.180003843591
0.180003843591
0.180003843591
0.180003843591
0.180003843591
0.180003843591
0.180003843591
0.180003843591
0.180003843591
0.180003843591
0.180003843591
0.180003843591
0.180003843591
0.180003843591
0.180003843591
0.180003843591
0.180003843591
0.180003843591
0.180003843591
0.180003843591
0.180003843591
0.180003843591
0.180003843591
0.180003843591
0.180003843591
0.180003843591
0.180003843591
0.180003843591
0.180003843591
0.180003843591
0.180003843591
0.180003843591
0.180003843591
0.180003843591
0.180003843591
0.180003843591
0.180003843591
0.180003843591
0.180003843591
0.180003843591
0.180003843591
0.180003843591
0.180003843591
0.180003843591
0.180003843591
0.180003843591
0.180003843591
0.180003843591
0.180003843591
0.180003843591
0.180003843591
0.180003843591
0.180003843591
0.180003843591
0.180003843591
0.180003843591
0.180003843591
0.180003843591
0.180003843591
0.180003843591
0.180003843591
0.180003843591
0.180003843591
0.180003843591
0.180003843591
0.180003843591
0.180003843591
0.180003843591
0.180003843591
0.180003843591
0.180003843591
0.180003843591
0.180003843591
0.180003843591
0.180003843591
0.180003843591
0.180003843591
0.180003843591
0.180003843591
0.180003843591
0.180003843591
0.180003843591
0.180003843591
0.180003843591
0.180003843591
0.180003843591
0.180003843591
0.180003843591
0.180003843591
0.180003843591
0.180003843591
0.180003843591
0.180003843591
0.180003843591
0.180003843591
0.180003843591
0.180003843591
0.180003843591
0.180003843591
0.180003843591
0.180003843591
0.180003843591
0.180003843591
0.180003843591
0.180003843591
0.180003843591
0.180003843591
0.180003843591
0.180003843591
0.180003843591
0.180003843591
0.180003843591
0.180003843591
0.180003843591
0.180003843591
0.180003843591
0.180003843591
0.180003843591
0.180003843591
0.180003843591
0.180003843591
0.180003843591
0.180003843591
0.180003843591
0.180003843591
0.180003843591
0.180003843591
0.180003843591
0.180003843591
0.180003843591
0.180003843591
0.180003843591
0.180003843591
0.180003843591
0.180003843591
0.180003843591
0.180003843591
0.180003843591
0.180003843591
0.180003843591
0.180003843591
0.180003843591
0.180003843591
0.180003843591
0.180003843591
0.180003843591
0.180003843591
0.180003843591
0.180003843591
0.180003843591
0.180003843591
0.180003843591
0.180003843591
0.180003843591
0.180003843591
0.180003843591
0.180003843591
0.180003843591
0.180003843591
0.180003843591
0.180003843591
0.180003843591
0.180003843591
0.180003843591
0.180003843591
0.180003843591
0.180003843591
0.180003843591
0.180003843591
0.180003843591
0.180003843591
0.180003843591
0.180003843591
0.180003843591
0.180003843591
0.180003843591
0.180003843591
0.180003843591
0.180003843591
0.180003843591
0.180003843591
0.180003843591
0.180003843591
0.180003843591
0.180003843591
0.180003843591
0.180003843591
0.180003843591
0.180003843591
0.180003843591
0.180003843591
0.180003843591
0.180003843591
0.180003843591
0.180003843591
0.180003843591
0.180003843591
0.180003843591
0.180003843591
0.180003843591
0.180003843591
0.180003843591
0.180003843591
0.180003843591
0.180003843591
0.180003843591
0.180003843591
0.180003843591
0.180003843591
0.180003843591
0.180003843591
0.180003843591
0.180003843591
0.180003843591
0.180003843591
0.180003843591
0.180003843591
0.180003843591
0.180003843591
0.180003843591
0.180003843591
0.180003843591
0.180003843591
0.180003843591
0.180003843591
0.180003843591
0.180003843591
0.180003843591
0.180003843591
0.180003843591
0.180003843591
0.180003843591
0.180003843591
0.180003843591
0.180003843591
0.180003843591
0.180003843591
0.180003843591
0.180003843591
0.180003843591
0.180003843591
0.180003843591
0.180003843591
0.180003843591
0.180003843591
0.180003843591
0.180003843591
0.180003843591
0.180003843591
