0.398110538156
0.32678578189
0.304818200775
0.30364331161
0.302836527942
0.302836527942
0.302836527942
0.297391609812
0.297391609812
0.297391609812
0.297391609812
0.295424020478
0.295424020478
0.295424020478
0.295424020478
0.28593140737
0.28593140737
0.28593140737
0.28593140737
0.28593140737
0.28593140737
0.28593140737
0.28593140737
0.28593140737
0.28593140737
0.28593140737
0.28593140737
0.28593140737
0.28593140737
0.28593140737
0.28593140737
0.28593140737
0.28593140737
0.28593140737
0.28593140737
0.28593140737
0.28593140737
0.28593140737
0.28593140737
0.28593140737
0.28593140737
0.28593140737
0.28593140737
0.28593140737
0.28593140737
0.28593140737
0.28593140737
0.28593140737
0.28593140737
0.28593140737
0.28593140737
0.28593140737
0.28593140737
0.28593140737
0.28593140737
0.28593140737
0.28593140737
0.28593140737
0.28593140737
0.28593140737
0.28593140737
0.28593140737
0.28593140737
0.28593140737
0.28593140737
0.28593140737
0.28593140737
0.28593140737
0.28593140737
0.28593140737
0.28593140737
0.28593140737
0.28593140737
0.28593140737
0.28593140737
0.28593140737
0.28593140737
0.28593140737
0.28593140737
0.28593140737
0.28593140737
0.28593140737
0.28593140737
0.28593140737
0.28593140737
0.28593140737
0.28593140737
0.28593140737
0.28593140737
0.28593140737
0.28593140737
0.28593140737
0.28593140737
0.28593140737
0.28593140737
0.28593140737
0.28593140737
0.28593140737
0.28593140737
0.28593140737
0.28593140737
0.28593140737
0.28593140737
0.28593140737
0.28593140737
0.28593140737
0.28593140737
0.28593140737
0.28593140737
0.28593140737
0.28593140737
0.28593140737
0.28593140737
0.28593140737
0.28593140737
0.28593140737
0.28593140737
0.28593140737
0.28593140737
0.28593140737
0.28593140737
0.28593140737
0.28593140737
0.28593140737
0.28593140737
0.28593140737
0.28593140737
0.28593140737
0.28593140737
0.28593140737
0.28593140737
0.28593140737
0.28593140737
0.28593140737
0.28593140737
0.28593140737
0.28593140737
0.28593140737
0.28593140737
0.28593140737
0.28593140737
0.28593140737
0.28593140737
0.28593140737
0.28593140737
0.28593140737
0.28593140737
0.28593140737
0.28593140737
0.28593140737
0.28593140737
0.28593140737
0.28593140737
0.28593140737
0.28593140737
0.28593140737
0.28593140737
0.28593140737
0.28593140737
0.28593140737
0.28593140737
0.28593140737
0.28593140737
0.28593140737
0.28593140737
0.28593140737
0.28593140737
0.28593140737
0.28593140737
0.28593140737
0.28593140737
0.28593140737
0.28593140737
0.28593140737
0.28593140737
0.28593140737
0.28593140737
0.28593140737
0.28593140737
0.28593140737
0.28593140737
0.28593140737
0.28593140737
0.28593140737
0.28593140737
0.28593140737
0.28593140737
0.28593140737
0.28593140737
0.28593140737
0.28593140737
0.28593140737
0.28593140737
0.28593140737
0.28593140737
0.28593140737
0.28593140737
0.28593140737
0.28593140737
0.28593140737
0.28593140737
0.28593140737
0.28593140737
0.28593140737
0.28593140737
0.28593140737
0.28593140737
0.28593140737
0.28593140737
0.28593140737
0.28593140737
0.28593140737
0.28593140737
0.28593140737
0.28593140737
0.28593140737
0.28593140737
0.28593140737
0.28593140737
0.28593140737
0.28593140737
0.28593140737
0.28593140737
0.28593140737
0.28593140737
0.28593140737
0.28593140737
0.28593140737
0.28593140737
0.28593140737
0.28593140737
0.28593140737
0.28593140737
0.28593140737
0.28593140737
0.28593140737
0.28593140737
0.28593140737
0.28593140737
0.28593140737
0.28593140737
0.28593140737
0.28593140737
0.28593140737
0.28593140737
0.28593140737
0.28593140737
0.28593140737
0.28593140737
0.28593140737
0.28593140737
0.28593140737
0.28593140737
0.28593140737
0.28593140737
0.28593140737
0.28593140737
0.28593140737
0.28593140737
0.28593140737
0.28593140737
0.28593140737
0.28593140737
0.28593140737
0.28593140737
0.28593140737
0.28593140737
0.285489401336
0.285489401336
0.285489401336
0.285489401336
0.285489401336
0.285489401336
0.285489401336
0.285489401336
0.285489401336
0.285489401336
0.285489401336
0.285489401336
0.285489401336
0.285489401336
0.285489401336
0.285489401336
0.285489401336
0.285489401336
0.285489401336
0.285489401336
0.285489401336
0.285489401336
0.285489401336
0.285489401336
0.285489401336
0.285489401336
0.285489401336
0.285489401336
0.285489401336
0.285489401336
0.285489401336
0.285489401336
0.285489401336
0.285489401336
0.285489401336
0.285489401336
0.285489401336
0.285489401336
0.285489401336
0.285489401336
0.285489401336
0.285489401336
0.285489401336
0.285489401336
0.285489401336
0.285489401336
0.285489401336
0.285489401336
0.285489401336
0.285489401336
0.285489401336
0.285489401336
0.285489401336
0.285489401336
0.285489401336
0.285489401336
0.285489401336
0.285489401336
0.285489401336
0.285489401336
0.285489401336
0.285489401336
0.285489401336
0.285489401336
0.285489401336
0.285489401336
0.285489401336
0.285489401336
0.285489401336
0.285489401336
0.285489401336
0.285489401336
0.285489401336
0.285489401336
0.285489401336
0.285489401336
0.285489401336
0.285489401336
0.285489401336
0.285489401336
0.285489401336
0.285489401336
0.285489401336
0.285489401336
0.285489401336
0.285489401336
0.285489401336
0.285489401336
0.285489401336
0.285489401336
0.285489401336
0.285489401336
0.285489401336
0.285489401336
0.285489401336
0.285489401336
0.285489401336
0.285489401336
0.285489401336
0.285489401336
0.285489401336
0.285489401336
0.285489401336
0.285489401336
0.285489401336
0.285489401336
0.285489401336
0.285489401336
0.285489401336
0.285489401336
0.285489401336
0.285489401336
0.285489401336
0.285489401336
0.285489401336
0.285489401336
0.285489401336
0.285489401336
0.285489401336
0.285489401336
0.285489401336
0.285489401336
0.285489401336
0.285489401336
0.285489401336
0.285489401336
0.285489401336
0.285489401336
0.285489401336
0.285489401336
0.285489401336
0.285489401336
0.285489401336
