0.302206407013
0.233137241276
0.225324866922
0.217635240498
0.201502045102
0.201502045102
0.201502045102
0.201502045102
0.201502045102
0.201502045102
0.201502045102
0.201502045102
0.200919935572
0.200919935572
0.197698833775
0.197698833775
0.197698833775
0.197698833775
0.197698833775
0.197698833775
0.197698833775
0.197698833775
0.197698833775
0.197698833775
0.197698833775
0.197698833775
0.197698833775
0.197698833775
0.197698833775
0.197698833775
0.197698833775
0.197698833775
0.197698833775
0.197698833775
0.197698833775
0.197698833775
0.197698833775
0.197698833775
0.197698833775
0.188075135816
0.188075135816
0.188075135816
0.188075135816
0.188075135816
0.188075135816
0.188075135816
0.188075135816
0.188075135816
0.188075135816
0.188075135816
0.188075135816
0.188075135816
0.188075135816
0.188075135816
0.188075135816
0.188075135816
0.188075135816
0.188075135816
0.188075135816
0.188075135816
0.188075135816
0.188075135816
0.188075135816
0.188075135816
0.188075135816
0.188075135816
0.188075135816
0.188075135816
0.188075135816
0.188075135816
0.188075135816
0.188075135816
0.188075135816
0.188075135816
0.188075135816
0.188075135816
0.188075135816
0.188075135816
0.188075135816
0.188075135816
0.188075135816
0.188075135816
0.188075135816
0.188075135816
0.188075135816
0.188075135816
0.188075135816
0.188075135816
0.188075135816
0.188075135816
0.188075135816
0.188075135816
0.188075135816
0.188075135816
0.188075135816
0.188075135816
0.188075135816
0.188075135816
0.188075135816
0.188075135816
0.188075135816
0.188075135816
0.188075135816
0.188075135816
0.188075135816
0.183842725697
0.183842725697
0.183842725697
0.183842725697
0.183842725697
0.183842725697
0.183842725697
0.183842725697
0.183842725697
0.183842725697
0.183842725697
0.183842725697
0.183842725697
0.183842725697
0.183842725697
0.183842725697
0.183842725697
0.183842725697
0.183842725697
0.183842725697
0.183842725697
0.183842725697
0.183842725697
0.183842725697
0.183842725697
0.183842725697
0.183842725697
0.183842725697
0.183842725697
0.183842725697
0.183842725697
0.183842725697
0.183842725697
0.183842725697
0.183842725697
0.183842725697
0.183842725697
0.183842725697
0.183842725697
0.183842725697
0.183842725697
0.183842725697
0.183842725697
0.183842725697
0.183842725697
0.183842725697
0.183842725697
0.183842725697
0.183842725697
0.183842725697
0.183842725697
0.183842725697
0.183842725697
0.183842725697
0.183842725697
0.183842725697
0.183842725697
0.183842725697
0.183842725697
0.183842725697
0.183842725697
0.183842725697
0.183842725697
0.183842725697
0.183842725697
0.183842725697
0.183842725697
0.183842725697
0.183842725697
0.183842725697
0.183842725697
0.183842725697
0.183842725697
0.183842725697
0.183842725697
0.183842725697
0.183842725697
0.183842725697
0.183842725697
0.183842725697
0.183842725697
0.183842725697
0.183842725697
0.183842725697
0.183842725697
0.183842725697
0.183842725697
0.183842725697
0.183842725697
0.183842725697
0.183842725697
0.183842725697
0.183842725697
0.183842725697
0.183842725697
0.183842725697
0.183842725697
0.183842725697
0.183842725697
0.183842725697
0.183842725697
0.183842725697
0.183842725697
0.183842725697
0.183842725697
0.183842725697
0.183842725697
0.183842725697
0.183842725697
0.183842725697
0.183842725697
0.183842725697
0.183842725697
0.183842725697
0.182940409251
0.182940409251
0.182940409251
0.182940409251
0.182940409251
0.182940409251
0.182940409251
0.182940409251
0.182940409251
0.182940409251
0.182940409251
0.182940409251
0.182940409251
0.182940409251
0.182940409251
0.182940409251
0.182940409251
0.182940409251
0.182940409251
0.182940409251
0.182940409251
0.182940409251
0.182940409251
0.182940409251
0.182940409251
0.182940409251
0.182940409251
0.182940409251
0.182940409251
0.182940409251
0.182940409251
0.182940409251
0.182940409251
0.182940409251
0.182940409251
0.182940409251
0.182940409251
0.182940409251
0.182940409251
0.182940409251
0.182940409251
0.182940409251
0.182940409251
0.182940409251
0.182940409251
0.182940409251
0.182940409251
0.182940409251
0.182940409251
0.181807166222
0.181807166222
0.181807166222
0.181807166222
0.181807166222
0.181807166222
0.181807166222
0.181807166222
0.181807166222
0.181807166222
0.181807166222
0.181807166222
0.181807166222
0.181807166222
0.181807166222
0.181807166222
0.181807166222
0.181807166222
0.181807166222
0.181807166222
0.181807166222
0.181807166222
0.181807166222
0.181807166222
0.181807166222
0.181807166222
0.181807166222
0.181807166222
0.181807166222
0.181807166222
0.181807166222
0.181807166222
