0.319020320125
0.240204964476
0.221297348931
0.204814885096
0.204814885096
0.203061902262
0.203061902262
0.191702838144
0.191702838144
0.191702838144
0.191702838144
0.191702838144
0.191702838144
0.191702838144
0.191702838144
0.191702838144
0.191702838144
0.191702838144
0.191702838144
0.191702838144
0.191702838144
0.191702838144
0.191702838144
0.191702838144
0.191702838144
0.191702838144
0.191702838144
0.191702838144
0.191702838144
0.191702838144
0.191702838144
0.191702838144
0.191702838144
0.191702838144
0.191702838144
0.18655455066
0.18655455066
0.18655455066
0.18655455066
0.18655455066
0.18655455066
0.18655455066
0.18655455066
0.18655455066
0.18655455066
0.18655455066
0.18655455066
0.18655455066
0.18655455066
0.18655455066
0.18655455066
0.18655455066
0.18655455066
0.18655455066
0.18655455066
0.18655455066
0.18655455066
0.18655455066
0.18655455066
0.18655455066
0.18655455066
0.18655455066
0.18655455066
0.18655455066
0.18655455066
0.18655455066
0.18655455066
0.18655455066
0.18655455066
0.18655455066
0.18655455066
0.18655455066
0.18655455066
0.18655455066
0.18655455066
0.18655455066
0.18655455066
0.18655455066
0.18655455066
0.18655455066
0.18655455066
0.18655455066
0.18655455066
0.18655455066
0.18655455066
0.18655455066
0.18655455066
0.18655455066
0.18655455066
0.18655455066
0.18655455066
0.18655455066
0.18655455066
0.18655455066
0.18655455066
0.18655455066
0.18655455066
0.18655455066
0.18655455066
0.18655455066
0.18655455066
0.18655455066
0.18655455066
0.18655455066
0.18655455066
0.18655455066
0.18655455066
0.18655455066
0.18655455066
0.18655455066
0.18655455066
0.18655455066
0.18655455066
0.18655455066
0.18655455066
0.18655455066
0.18655455066
0.18655455066
0.18655455066
0.18655455066
0.18655455066
0.18655455066
0.18655455066
0.18655455066
0.18655455066
0.18655455066
0.18655455066
0.18655455066
0.18655455066
0.18655455066
0.18655455066
0.18655455066
0.18655455066
0.18655455066
0.18655455066
0.18655455066
0.18655455066
0.18655455066
0.18655455066
0.18655455066
0.18655455066
0.18655455066
0.18655455066
0.18655455066
0.18655455066
0.18655455066
0.18655455066
0.18655455066
0.18655455066
0.18655455066
0.18655455066
0.18655455066
0.18655455066
0.18655455066
0.18655455066
0.18655455066
0.18655455066
0.18655455066
0.18655455066
0.18655455066
0.18655455066
0.18655455066
0.18655455066
0.18655455066
0.18655455066
0.18655455066
0.18655455066
0.18655455066
0.18655455066
0.18655455066
0.18655455066
0.18655455066
0.18655455066
0.18655455066
0.18655455066
0.18655455066
0.18655455066
0.18655455066
0.18655455066
0.18655455066
0.18655455066
0.18655455066
0.18655455066
0.18655455066
0.18655455066
0.18655455066
0.18655455066
0.18655455066
0.18655455066
0.18655455066
0.18655455066
0.18655455066
0.18655455066
0.18655455066
0.18655455066
0.18655455066
0.18655455066
0.18655455066
0.18655455066
0.18655455066
0.18655455066
0.18655455066
0.18655455066
0.18655455066
0.18655455066
0.18655455066
0.18655455066
0.18655455066
0.18655455066
0.18655455066
0.18655455066
0.18655455066
0.18655455066
0.18655455066
0.18655455066
0.18655455066
0.18655455066
0.18655455066
0.18655455066
0.18655455066
0.18655455066
0.18655455066
0.18655455066
0.18655455066
0.18655455066
0.18655455066
0.18655455066
0.18655455066
0.18655455066
0.18655455066
0.18655455066
0.18655455066
0.18655455066
0.18655455066
0.18655455066
0.18655455066
0.18655455066
0.18655455066
0.18655455066
0.18655455066
0.18655455066
0.18655455066
0.18655455066
0.18655455066
0.18655455066
0.18655455066
0.18655455066
0.18655455066
0.18655455066
0.18655455066
0.18655455066
0.18655455066
0.18655455066
0.18655455066
0.18655455066
0.18655455066
0.18655455066
0.18655455066
0.18655455066
0.18655455066
0.18655455066
0.18655455066
0.18655455066
0.18655455066
0.18655455066
0.18655455066
0.18655455066
0.18655455066
0.18655455066
0.18655455066
0.18655455066
0.18655455066
0.18655455066
0.18655455066
0.18655455066
0.18655455066
0.18655455066
0.18655455066
0.18655455066
0.18655455066
0.18655455066
0.18655455066
0.18655455066
0.18655455066
0.18655455066
0.18655455066
0.18655455066
0.18655455066
0.18655455066
0.18655455066
0.18655455066
0.18655455066
0.18655455066
0.18655455066
0.18655455066
0.18655455066
0.18655455066
0.18655455066
0.18655455066
0.18655455066
