0.351567271829
0.235173873928
0.194055650375
0.194055650375
0.193966339511
0.193966339511
0.193966339511
0.193966339511
0.193966339511
0.193966339511
0.193966339511
0.193966339511
0.193966339511
0.193966339511
0.193966339511
0.193966339511
0.193966339511
0.193966339511
0.193966339511
0.193966339511
0.193966339511
0.193966339511
0.193966339511
0.193966339511
0.193966339511
0.193966339511
0.193966339511
0.193966339511
0.193966339511
0.193966339511
0.193966339511
0.193966339511
0.193966339511
0.193966339511
0.193966339511
0.191012141029
0.191012141029
0.191012141029
0.191012141029
0.191012141029
0.191012141029
0.191012141029
0.191012141029
0.191012141029
0.191012141029
0.191012141029
0.191012141029
0.191012141029
0.191012141029
0.191012141029
0.191012141029
0.191012141029
0.191012141029
0.191012141029
0.191012141029
0.191012141029
0.191012141029
0.191012141029
0.191012141029
0.191012141029
0.191012141029
0.191012141029
0.191012141029
0.191012141029
0.191012141029
0.191012141029
0.191012141029
0.191012141029
0.191012141029
0.191012141029
0.191012141029
0.191012141029
0.191012141029
0.191012141029
0.191012141029
0.191012141029
0.191012141029
0.191012141029
0.191012141029
0.191012141029
0.191012141029
0.191012141029
0.191012141029
0.191012141029
0.191012141029
0.191012141029
0.191012141029
0.191012141029
0.191012141029
0.191012141029
0.191012141029
0.191012141029
0.191012141029
0.191012141029
0.191012141029
0.191012141029
0.191012141029
0.191012141029
0.191012141029
0.191012141029
0.191012141029
0.191012141029
0.191012141029
0.191012141029
0.191012141029
0.191012141029
0.191012141029
0.191012141029
0.191012141029
0.191012141029
0.191012141029
0.191012141029
0.191012141029
0.191012141029
0.191012141029
0.191012141029
0.191012141029
0.191012141029
0.191012141029
0.191012141029
0.191012141029
0.191012141029
0.191012141029
0.191012141029
0.191012141029
0.191012141029
0.191012141029
0.191012141029
0.191012141029
0.191012141029
0.191012141029
0.191012141029
0.191012141029
0.191012141029
0.191012141029
0.191012141029
0.191012141029
0.191012141029
0.191012141029
0.191012141029
0.191012141029
0.191012141029
0.191012141029
0.191012141029
0.191012141029
0.191012141029
0.191012141029
0.191012141029
0.191012141029
0.191012141029
0.191012141029
0.191012141029
0.191012141029
0.191012141029
0.191012141029
0.191012141029
0.191012141029
0.191012141029
0.191012141029
0.191012141029
0.191012141029
0.191012141029
0.191012141029
0.191012141029
0.191012141029
0.191012141029
0.191012141029
0.191012141029
0.191012141029
0.191012141029
0.191012141029
0.191012141029
0.191012141029
0.191012141029
0.191012141029
0.191012141029
0.191012141029
0.191012141029
0.191012141029
0.191012141029
0.191012141029
0.191012141029
0.191012141029
0.191012141029
0.191012141029
0.191012141029
0.191012141029
0.191012141029
0.191012141029
0.191012141029
0.191012141029
0.191012141029
0.191012141029
0.191012141029
0.180985431622
0.180985431622
0.180985431622
0.180985431622
0.180985431622
0.180985431622
0.180985431622
0.180985431622
0.180985431622
0.180985431622
0.180985431622
0.180985431622
0.180985431622
0.180985431622
0.180985431622
0.180985431622
0.180985431622
0.180985431622
0.180985431622
0.180985431622
0.180985431622
0.180985431622
0.180985431622
0.180985431622
0.180985431622
0.180985431622
0.180985431622
0.180985431622
0.180985431622
0.180985431622
0.180985431622
0.180985431622
0.180985431622
0.180985431622
0.180985431622
0.180985431622
0.180985431622
0.180303723896
0.180303723896
0.180303723896
0.180303723896
0.180303723896
0.180303723896
0.180303723896
0.180303723896
0.180303723896
0.180303723896
0.180303723896
0.180303723896
0.180303723896
0.180303723896
0.180303723896
0.180303723896
0.180303723896
0.180303723896
0.180303723896
0.180303723896
0.180303723896
0.180303723896
0.180303723896
0.180303723896
0.180303723896
0.180303723896
0.180303723896
0.180303723896
0.180303723896
0.180303723896
0.180303723896
0.180303723896
0.180303723896
0.180303723896
0.180303723896
0.180303723896
0.180303723896
0.180303723896
0.180303723896
0.180303723896
0.180303723896
0.180303723896
0.180303723896
0.180303723896
0.180303723896
0.180303723896
0.180303723896
0.180303723896
0.180303723896
0.180303723896
0.180303723896
0.180303723896
0.180303723896
0.180303723896
0.180303723896
0.180303723896
0.180303723896
0.180303723896
0.180303723896
0.180303723896
0.180303723896
0.180303723896
0.180303723896
0.180303723896
0.180303723896
0.180303723896
0.180303723896
0.180303723896
0.180303723896
