0.402156485876
0.321080693972
0.307903845268
0.300324160416
0.296830988321
0.296830988321
0.296830988321
0.296830988321
0.294032515161
0.294032515161
0.294032515161
0.293852074717
0.293852074717
0.293852074717
0.293852074717
0.293852074717
0.293852074717
0.290853870804
0.290853870804
0.290853870804
0.290853870804
0.290853870804
0.290853870804
0.290853870804
0.290853870804
0.290853870804
0.290853870804
0.290853870804
0.290853870804
0.290853870804
0.290853870804
0.290853870804
0.288999727041
0.288999727041
0.288999727041
0.288999727041
0.288999727041
0.288999727041
0.288999727041
0.288999727041
0.287192489109
0.287192489109
0.287192489109
0.287192489109
0.287192489109
0.287192489109
0.287192489109
0.287192489109
0.286671073518
0.286671073518
0.286671073518
0.286671073518
0.286671073518
0.286671073518
0.286671073518
0.286671073518
0.286671073518
0.286671073518
0.286671073518
0.286671073518
0.286671073518
0.286671073518
0.286671073518
0.286671073518
0.286671073518
0.286671073518
0.286671073518
0.286671073518
0.286671073518
0.286671073518
0.286671073518
0.286671073518
0.286671073518
0.286671073518
0.286671073518
0.286671073518
0.286671073518
0.286671073518
0.286671073518
0.286671073518
0.286671073518
0.286671073518
0.286671073518
0.286671073518
0.286671073518
0.286671073518
0.286671073518
0.286671073518
0.286671073518
0.286671073518
0.286671073518
0.286671073518
0.286671073518
0.286671073518
0.286671073518
0.286671073518
0.286671073518
0.286671073518
0.286671073518
0.286671073518
0.286671073518
0.286671073518
0.286671073518
0.286671073518
0.286671073518
0.286671073518
0.286671073518
0.286671073518
0.286671073518
0.286671073518
0.286671073518
0.286671073518
0.286671073518
0.286671073518
0.286671073518
0.286671073518
0.286671073518
0.286671073518
0.286671073518
0.286671073518
0.286671073518
0.286671073518
0.286671073518
0.286671073518
0.286671073518
0.286671073518
0.286671073518
0.286671073518
0.286671073518
0.286671073518
0.286671073518
0.286671073518
0.286671073518
0.286671073518
0.286671073518
0.286671073518
0.286671073518
0.286671073518
0.286671073518
0.286152812978
0.286152812978
0.286152812978
0.286152812978
0.286152812978
0.286152812978
0.286152812978
0.286152812978
0.286152812978
0.286152812978
0.286152812978
0.286152812978
0.286152812978
0.286152812978
0.28541560176
0.28541560176
0.28541560176
0.28541560176
0.28541560176
0.28541560176
0.28541560176
0.28541560176
0.28541560176
0.28541560176
0.28541560176
0.28541560176
0.28541560176
0.28541560176
0.28541560176
0.28541560176
0.28541560176
0.28541560176
0.28541560176
0.28541560176
0.28541560176
0.28541560176
0.28541560176
0.28541560176
0.28541560176
0.28541560176
0.28541560176
0.28541560176
0.28541560176
0.28541560176
0.28541560176
0.28541560176
0.28541560176
0.28541560176
0.28541560176
0.28541560176
0.28541560176
0.28541560176
0.28541560176
0.28541560176
0.28541560176
0.28541560176
0.28541560176
0.28541560176
0.28541560176
0.28541560176
0.28541560176
0.28541560176
0.28541560176
0.28541560176
0.28541560176
0.28541560176
0.28541560176
0.28541560176
0.28541560176
0.28541560176
0.28541560176
0.28541560176
0.28541560176
0.28541560176
0.28541560176
0.28541560176
0.28541560176
0.28541560176
0.28541560176
0.28541560176
0.28541560176
0.28541560176
0.28541560176
0.28541560176
0.28541560176
0.28541560176
0.28541560176
0.28541560176
0.28541560176
0.28541560176
0.28541560176
0.28541560176
0.28541560176
0.28541560176
0.28541560176
0.28541560176
0.28541560176
0.28541560176
0.28541560176
0.28541560176
0.28541560176
0.28541560176
0.28541560176
0.28541560176
0.28541560176
0.28541560176
0.28541560176
0.28541560176
0.28541560176
0.28541560176
0.28541560176
0.28541560176
0.28541560176
0.28541560176
0.28541560176
0.28541560176
0.28541560176
0.28541560176
0.28541560176
0.28541560176
0.28541560176
0.28541560176
0.28541560176
0.28541560176
0.28541560176
0.28541560176
0.28541560176
0.28541560176
0.28541560176
0.28541560176
0.28541560176
0.28541560176
0.28541560176
0.28541560176
0.28541560176
0.28541560176
0.28541560176
0.28541560176
0.28541560176
0.28541560176
0.28541560176
0.28541560176
0.28541560176
0.28541560176
0.28541560176
0.28541560176
0.28541560176
0.28541560176
0.28541560176
0.28541560176
0.28541560176
0.28541560176
0.28541560176
0.28541560176
0.283982458122
0.283982458122
0.283982458122
0.283982458122
0.283982458122
0.283982458122
0.283982458122
0.283982458122
0.283982458122
0.283982458122
0.283982458122
0.283982458122
0.283982458122
0.283982458122
0.283982458122
0.283982458122
0.283982458122
0.283982458122
0.283982458122
0.283982458122
0.283982458122
0.283982458122
0.283982458122
0.283982458122
0.283982458122
0.283982458122
0.283982458122
0.283982458122
0.283982458122
0.283982458122
0.283982458122
0.283982458122
0.283982458122
0.283982458122
0.283982458122
0.283982458122
0.283982458122
0.283982458122
0.283982458122
0.283982458122
0.283982458122
0.283982458122
0.283982458122
0.283982458122
0.283982458122
0.283982458122
0.283982458122
0.283982458122
0.283982458122
0.283982458122
0.283982458122
0.283982458122
0.283982458122
0.283982458122
0.283982458122
0.283982458122
0.283982458122
0.283982458122
0.283982458122
0.283982458122
0.283982458122
0.283982458122
0.283982458122
0.283982458122
0.283982458122
0.283982458122
0.283982458122
0.283982458122
0.283982458122
0.283982458122
0.283982458122
0.283982458122
0.283982458122
0.283982458122
0.283982458122
0.283982458122
0.283982458122
0.283982458122
0.283982458122
0.283982458122
0.283982458122
0.283982458122
0.283982458122
0.283982458122
0.283982458122
0.283982458122
0.283982458122
0.283982458122
0.283982458122
0.283982458122
0.283982458122
0.283982458122
0.283982458122
0.283982458122
0.283982458122
0.283982458122
0.283982458122
0.283982458122
0.283982458122
0.283982458122
0.283982458122
0.283982458122
0.283982458122
0.283982458122
0.283982458122
0.283982458122
0.283982458122
