0.310535842272
0.229429974955
0.204990922813
0.204990922813
0.204990922813
0.198651501433
0.198651501433
0.198651501433
0.198651501433
0.198651501433
0.198651501433
0.198651501433
0.198651501433
0.198651501433
0.198651501433
0.198651501433
0.198651501433
0.198651501433
0.198651501433
0.198651501433
0.198651501433
0.198651501433
0.198651501433
0.198651501433
0.198651501433
0.198651501433
0.197288287062
0.197288287062
0.197288287062
0.197288287062
0.197288287062
0.197288287062
0.197288287062
0.197288287062
0.197288287062
0.196173697474
0.196173697474
0.196173697474
0.195992856085
0.195992856085
0.195992856085
0.195992856085
0.195992856085
0.195992856085
0.195992856085
0.195992856085
0.195992856085
0.195992856085
0.195992856085
0.195992856085
0.195992856085
0.195992856085
0.195992856085
0.195992856085
0.195992856085
0.195992856085
0.195992856085
0.195992856085
0.195992856085
0.195992856085
0.195992856085
0.195992856085
0.195992856085
0.195992856085
0.195992856085
0.195992856085
0.195992856085
0.195992856085
0.195992856085
0.195992856085
0.195992856085
0.195992856085
0.195992856085
0.195992856085
0.192740527547
0.192740527547
0.192740527547
0.192740527547
0.192740527547
0.192740527547
0.192740527547
0.192740527547
0.189316916249
0.189316916249
0.189316916249
0.189316916249
0.189316916249
0.189316916249
0.189316916249
0.189316916249
0.189316916249
0.189316916249
0.189316916249
0.189316916249
0.189316916249
0.189316916249
0.189316916249
0.189316916249
0.189316916249
0.189316916249
0.189316916249
0.189316916249
0.189316916249
0.189316916249
0.189316916249
0.189316916249
0.189316916249
0.189316916249
0.189316916249
0.189316916249
0.189316916249
0.189316916249
0.189316916249
0.189316916249
0.189316916249
0.189316916249
0.189316916249
0.189316916249
0.189316916249
0.189316916249
0.189316916249
0.189316916249
0.189316916249
0.189316916249
0.189316916249
0.189316916249
0.189316916249
0.189316916249
0.189316916249
0.189316916249
0.189316916249
0.189316916249
0.189316916249
0.189316916249
0.189316916249
0.189316916249
0.189316916249
0.189316916249
0.189316916249
0.189316916249
0.189316916249
0.189316916249
0.189316916249
0.189316916249
0.189316916249
0.189316916249
0.189316916249
0.189316916249
0.189316916249
0.189316916249
0.189316916249
0.189316916249
0.189316916249
0.189316916249
0.189316916249
0.189316916249
0.189316916249
0.189316916249
0.189316916249
0.189316916249
0.189316916249
0.189316916249
0.189316916249
0.189316916249
0.189316916249
0.189316916249
0.189316916249
0.189316916249
0.189316916249
0.189316916249
0.189316916249
0.189316916249
0.189316916249
0.189316916249
0.189316916249
0.189316916249
0.189316916249
0.189316916249
0.189316916249
0.189316916249
0.189316916249
0.189316916249
0.189316916249
0.189316916249
0.189316916249
0.189316916249
0.189316916249
0.189316916249
0.189316916249
0.189316916249
0.189316916249
0.189316916249
0.189316916249
0.189316916249
0.189316916249
0.189316916249
0.189316916249
0.189316916249
0.189316916249
0.189316916249
0.189316916249
0.189316916249
0.189316916249
0.189316916249
0.189316916249
0.189316916249
0.189316916249
0.189316916249
0.189316916249
0.189316916249
0.189316916249
0.189316916249
0.189316916249
0.189316916249
0.189316916249
0.189316916249
0.189316916249
0.189316916249
0.189316916249
0.189316916249
0.189316916249
0.189316916249
0.189316916249
0.189316916249
0.189316916249
0.189316916249
0.189316916249
0.189316916249
0.186494588324
0.186494588324
0.186494588324
0.186494588324
0.186494588324
0.186494588324
0.186494588324
0.186494588324
0.186494588324
0.186494588324
0.186494588324
0.186494588324
0.186494588324
0.186494588324
0.186494588324
0.186494588324
0.186494588324
0.186494588324
0.186494588324
0.186494588324
0.186494588324
0.186494588324
0.186494588324
0.186494588324
0.186494588324
0.186494588324
0.186494588324
0.186494588324
0.186494588324
0.186494588324
0.186494588324
0.186494588324
0.186494588324
0.186494588324
0.186494588324
0.186494588324
0.186494588324
0.186494588324
0.186494588324
0.186494588324
0.186494588324
0.186494588324
0.186494588324
0.186494588324
0.186494588324
0.186494588324
0.186494588324
0.186494588324
0.186494588324
0.186494588324
0.186494588324
0.186494588324
0.186494588324
0.186494588324
0.186494588324
0.186494588324
0.186494588324
0.186494588324
0.186494588324
0.186494588324
0.186494588324
0.186494588324
0.186494588324
0.186494588324
0.186494588324
0.186494588324
0.186494588324
0.186494588324
0.186494588324
0.186494588324
0.186494588324
0.186494588324
0.325520673424
0.229852669567
