0.423140757819
0.323726324206
0.305956935428
0.292407498854
0.292407498854
0.292407498854
0.292407498854
0.286695031037
0.286695031037
0.286695031037
0.286695031037
0.286695031037
0.286695031037
0.286695031037
0.286695031037
0.286695031037
0.286695031037
0.286695031037
0.286695031037
0.286695031037
0.286695031037
0.286695031037
0.286695031037
0.286695031037
0.286695031037
0.286695031037
0.286695031037
0.286695031037
0.286695031037
0.286695031037
0.286695031037
0.286695031037
0.286695031037
0.286695031037
0.286695031037
0.286695031037
0.286695031037
0.286695031037
0.286695031037
0.286695031037
0.286142691167
0.286142691167
0.286142691167
0.286142691167
0.286142691167
0.286142691167
0.286142691167
0.286142691167
0.286142691167
0.286142691167
0.286142691167
0.286142691167
0.286142691167
0.286142691167
0.286142691167
0.286142691167
0.286142691167
0.286142691167
0.286142691167
0.286142691167
0.286142691167
0.286142691167
0.286142691167
0.286142691167
0.286142691167
0.286142691167
0.286142691167
0.286142691167
0.286142691167
0.286142691167
0.286142691167
0.286142691167
0.286142691167
0.286142691167
0.286142691167
0.286142691167
0.286142691167
0.286142691167
0.286142691167
0.286142691167
0.286142691167
0.286142691167
0.286142691167
0.286142691167
0.286142691167
0.286142691167
0.286142691167
0.286142691167
0.286142691167
0.286142691167
0.286142691167
0.286142691167
0.286142691167
0.286142691167
0.286142691167
0.286142691167
0.286142691167
0.286142691167
0.286142691167
0.286142691167
0.286142691167
0.286142691167
0.286142691167
0.286142691167
0.286142691167
0.286142691167
0.286142691167
0.286142691167
0.286142691167
0.286142691167
0.286142691167
0.286142691167
0.286142691167
0.286142691167
0.286142691167
0.286142691167
0.286142691167
0.286142691167
0.286142691167
0.286142691167
0.286142691167
0.286142691167
0.286142691167
0.286142691167
0.286142691167
0.28100921648
0.28100921648
0.28100921648
0.28100921648
0.28100921648
0.28100921648
0.28100921648
0.28100921648
0.28100921648
0.28100921648
0.28100921648
0.28100921648
0.28100921648
0.28100921648
0.28100921648
0.28100921648
0.28100921648
0.28100921648
0.28100921648
0.28100921648
0.28100921648
0.28100921648
0.28100921648
0.28100921648
0.28100921648
0.28100921648
0.28100921648
0.28100921648
0.28100921648
0.28100921648
0.28100921648
0.28100921648
0.28100921648
0.28100921648
0.28100921648
0.28100921648
0.28100921648
0.28100921648
0.28100921648
0.28100921648
0.28100921648
0.28100921648
0.28100921648
0.28100921648
0.28100921648
0.28100921648
0.28100921648
0.28100921648
0.28100921648
0.28100921648
0.28100921648
0.28100921648
0.28100921648
0.28100921648
0.28100921648
0.28100921648
0.28100921648
0.28100921648
0.28100921648
0.28100921648
0.28100921648
0.28100921648
0.28100921648
0.28100921648
0.28100921648
0.28100921648
0.28100921648
0.28100921648
0.28100921648
0.28100921648
0.28100921648
0.28100921648
0.28100921648
0.28100921648
0.28100921648
0.28100921648
0.28100921648
0.28100921648
0.28100921648
0.28100921648
0.28100921648
0.28100921648
0.28100921648
0.28100921648
0.28100921648
0.28100921648
0.28100921648
0.28100921648
0.28100921648
0.28100921648
0.28100921648
0.28100921648
0.28100921648
0.28100921648
0.28100921648
0.28100921648
0.28100921648
0.28100921648
0.28100921648
0.28100921648
0.28100921648
0.28100921648
0.28100921648
0.28100921648
0.28100921648
0.28100921648
0.28100921648
0.28100921648
0.28100921648
0.28100921648
0.28100921648
0.28100921648
0.28100921648
0.28100921648
0.28100921648
0.28100921648
0.28100921648
0.28100921648
0.28100921648
0.28100921648
0.28100921648
0.28100921648
0.28100921648
0.28100921648
0.28100921648
0.28100921648
0.28100921648
0.28100921648
0.28100921648
0.28100921648
0.28100921648
0.28100921648
0.28100921648
0.28100921648
0.28100921648
0.28100921648
0.28100921648
0.28100921648
0.28100921648
0.28100921648
0.28100921648
0.28100921648
0.28100921648
0.28100921648
0.28100921648
0.28100921648
0.28100921648
0.28100921648
0.28100921648
0.28100921648
0.28100921648
0.28100921648
0.28100921648
0.28100921648
0.28100921648
0.28100921648
0.28100921648
0.28100921648
0.28100921648
0.28100921648
0.28100921648
0.28100921648
0.28100921648
0.28100921648
0.28100921648
0.28100921648
0.28100921648
0.28100921648
0.28100921648
0.28100921648
0.28100921648
0.28100921648
0.28100921648
0.28100921648
0.28100921648
0.28100921648
0.28100921648
0.28100921648
0.28100921648
0.28100921648
0.28100921648
0.28100921648
0.28100921648
0.28100921648
0.28100921648
0.28100921648
0.28100921648
0.28100921648
0.28100921648
0.28100921648
0.28100921648
0.28100921648
0.28100921648
0.28100921648
0.28100921648
0.28100921648
0.28100921648
0.28100921648
0.28100921648
0.28100921648
0.28100921648
0.28100921648
0.28100921648
0.28100921648
0.28100921648
0.28100921648
0.28100921648
0.28100921648
0.28100921648
0.28100921648
0.28100921648
0.28100921648
0.28100921648
0.28100921648
0.28100921648
0.28100921648
0.28100921648
0.28100921648
0.28100921648
0.28100921648
0.28100921648
0.28100921648
0.28100921648
0.28100921648
0.28100921648
0.28100921648
0.28100921648
0.28100921648
0.28100921648
0.28100921648
0.28100921648
0.28100921648
0.28100921648
0.28100921648
0.28100921648
0.28100921648
0.28100921648
0.28100921648
0.28100921648
0.28100921648
0.280497275946
0.280497275946
0.280497275946
0.280497275946
0.280497275946
0.280497275946
0.280497275946
0.280497275946
0.280497275946
0.280497275946
0.280497275946
0.280497275946
0.280497275946
0.280497275946
0.280497275946
0.280497275946
0.280497275946
0.280497275946
0.280497275946
0.280497275946
0.280497275946
0.280497275946
0.280497275946
0.280497275946
0.280497275946
0.280497275946
0.280497275946
0.280497275946
0.280497275946
0.280497275946
0.280497275946
0.280497275946
0.280497275946
0.280497275946
0.280497275946
