0.323323082961
0.210122415042
0.210122415042
0.210122415042
0.210122415042
0.210122415042
0.210122415042
0.20264944221
0.20264944221
0.20264944221
0.201577110089
0.201456211886
0.201456211886
0.200595291673
0.200595291673
0.199087811695
0.199087811695
0.199087811695
0.197024520889
0.191120961397
0.191120961397
0.191120961397
0.191120961397
0.191120961397
0.191120961397
0.191120961397
0.191120961397
0.191120961397
0.191120961397
0.191120961397
0.191120961397
0.191120961397
0.191120961397
0.191120961397
0.191120961397
0.191120961397
0.191120961397
0.191120961397
0.191120961397
0.191120961397
0.191120961397
0.191120961397
0.191120961397
0.191120961397
0.191120961397
0.191120961397
0.191120961397
0.191120961397
0.191120961397
0.191120961397
0.191120961397
0.191120961397
0.191120961397
0.191120961397
0.191120961397
0.191120961397
0.191120961397
0.191120961397
0.191120961397
0.191120961397
0.191120961397
0.191120961397
0.191120961397
0.191120961397
0.190841159627
0.190841159627
0.190841159627
0.190841159627
0.190841159627
0.190841159627
0.190841159627
0.190841159627
0.190841159627
0.190841159627
0.190841159627
0.190841159627
0.190841159627
0.190841159627
0.190841159627
0.190841159627
0.190841159627
0.190841159627
0.190841159627
0.190841159627
0.17974355748
0.17974355748
0.17974355748
0.17974355748
0.17974355748
0.17974355748
0.17974355748
0.17974355748
0.17974355748
0.17974355748
0.17974355748
0.17974355748
0.17974355748
0.17974355748
0.17974355748
0.17974355748
0.17974355748
0.17974355748
0.17974355748
0.17974355748
0.17974355748
0.17974355748
0.17974355748
0.17974355748
0.17974355748
0.17974355748
0.17974355748
0.17974355748
0.17974355748
0.17974355748
0.17974355748
0.17974355748
0.17974355748
0.17974355748
0.17974355748
0.17974355748
0.17974355748
0.17974355748
0.17974355748
0.17974355748
0.17974355748
0.17974355748
0.17974355748
0.17974355748
0.17974355748
0.17974355748
0.17974355748
0.17974355748
0.17974355748
0.17974355748
0.17974355748
0.17974355748
0.17974355748
0.17974355748
0.17974355748
0.17974355748
0.17974355748
0.17974355748
0.17974355748
0.17974355748
0.17974355748
0.17974355748
0.17974355748
0.17974355748
0.17974355748
0.17974355748
0.17974355748
0.17974355748
0.17974355748
0.17974355748
0.17974355748
0.17974355748
0.17974355748
0.17974355748
0.17974355748
0.17974355748
0.17974355748
0.17974355748
0.17974355748
0.17974355748
0.17974355748
0.17974355748
0.17974355748
0.17974355748
0.17974355748
0.17974355748
0.17974355748
0.17974355748
0.17974355748
0.17974355748
0.17974355748
0.17974355748
0.17974355748
0.17974355748
0.17974355748
0.17974355748
0.17974355748
0.17974355748
0.17974355748
0.17974355748
0.17974355748
0.17974355748
0.17974355748
0.17974355748
0.17974355748
0.17974355748
0.17974355748
0.17974355748
0.17974355748
0.17974355748
0.17974355748
0.17974355748
0.17974355748
0.17974355748
0.17974355748
0.17974355748
0.17974355748
0.17974355748
0.17974355748
0.17974355748
0.17974355748
0.17974355748
0.17974355748
0.17974355748
0.17974355748
0.17974355748
0.17974355748
0.17974355748
0.17974355748
0.17974355748
0.17974355748
0.17974355748
0.17974355748
0.17974355748
0.17974355748
0.17974355748
0.17974355748
0.17974355748
0.17974355748
0.17974355748
0.17974355748
0.17974355748
0.17974355748
0.17974355748
0.17974355748
0.17974355748
0.17974355748
0.17974355748
0.17974355748
0.17974355748
0.17974355748
0.17974355748
0.17974355748
0.17974355748
0.17974355748
0.17974355748
0.17974355748
0.17974355748
0.17974355748
0.17974355748
0.17974355748
0.17974355748
0.17974355748
0.17974355748
0.17974355748
0.17974355748
0.17974355748
0.17974355748
0.17974355748
0.17974355748
0.17974355748
0.17974355748
0.17974355748
0.17974355748
0.17974355748
0.17974355748
0.17974355748
0.17974355748
0.17974355748
0.17974355748
0.17974355748
0.17974355748
0.17974355748
0.17974355748
0.17974355748
0.17974355748
0.17974355748
0.17974355748
0.17974355748
0.17974355748
0.17974355748
0.17974355748
0.17974355748
0.17974355748
0.17974355748
0.17974355748
0.17974355748
0.17974355748
0.17974355748
0.17974355748
0.17974355748
0.17974355748
0.17974355748
0.17974355748
0.17974355748
0.17974355748
0.17974355748
0.17974355748
0.17974355748
0.17974355748
0.17974355748
0.17974355748
0.17974355748
0.17974355748
0.17974355748
0.17974355748
