0.413699379351
0.323565371089
0.298410228137
0.289216412664
0.289216412664
0.289216412664
0.289216412664
0.289216412664
0.289216412664
0.289216412664
0.289216412664
0.289216412664
0.289216412664
0.289216412664
0.289216412664
0.289216412664
0.289216412664
0.289216412664
0.289216412664
0.287273905069
0.287273905069
0.287273905069
0.287273905069
0.287273905069
0.287273905069
0.287273905069
0.287273905069
0.287273905069
0.287273905069
0.287273905069
0.287273905069
0.287273905069
0.287273905069
0.287273905069
0.287273905069
0.287273905069
0.287273905069
0.287273905069
0.287273905069
0.287273905069
0.287273905069
0.286877700323
0.286877700323
0.286877700323
0.286877700323
0.286877700323
0.286877700323
0.286877700323
0.286877700323
0.286877700323
0.286877700323
0.286877700323
0.286877700323
0.286877700323
0.286877700323
0.286877700323
0.286877700323
0.286877700323
0.286877700323
0.286068746385
0.286068746385
0.286068746385
0.286068746385
0.286068746385
0.286068746385
0.286068746385
0.286068746385
0.286068746385
0.286068746385
0.286068746385
0.286068746385
0.286068746385
0.286068746385
0.286068746385
0.286068746385
0.286068746385
0.286068746385
0.286068746385
0.286068746385
0.286068746385
0.286068746385
0.286068746385
0.286068746385
0.286068746385
0.283607544963
0.283607544963
0.283607544963
0.283607544963
0.283607544963
0.283607544963
0.283607544963
0.283607544963
0.283607544963
0.283607544963
0.283607544963
0.283607544963
0.283607544963
0.283607544963
0.283607544963
0.283607544963
0.283607544963
0.283607544963
0.283607544963
0.283607544963
0.283607544963
0.283607544963
0.283607544963
0.283607544963
0.283607544963
0.283607544963
0.283607544963
0.283607544963
0.283607544963
0.283607544963
0.283607544963
0.283607544963
0.283607544963
0.283607544963
0.283607544963
0.283607544963
0.283607544963
0.283607544963
0.283607544963
0.283607544963
0.283607544963
0.283607544963
0.283607544963
0.283607544963
0.283607544963
0.283607544963
0.283607544963
0.283607544963
0.283607544963
0.283607544963
0.283607544963
0.283607544963
0.283607544963
0.283607544963
0.283607544963
0.283607544963
0.283607544963
0.283607544963
0.283607544963
0.283607544963
0.283607544963
0.283607544963
0.283607544963
0.283607544963
0.283607544963
0.283607544963
0.283607544963
0.283607544963
0.283607544963
0.283607544963
0.283607544963
0.283607544963
0.283607544963
0.283607544963
0.283607544963
0.283607544963
0.283607544963
0.283607544963
0.283607544963
0.283607544963
0.283607544963
0.283607544963
0.283607544963
0.283607544963
0.283607544963
0.283607544963
0.283607544963
0.283607544963
0.283607544963
0.283607544963
0.283607544963
0.283607544963
0.283607544963
0.2816338399
0.2816338399
0.2816338399
0.2816338399
0.2816338399
0.2816338399
0.2816338399
0.2816338399
0.2816338399
0.2816338399
0.2816338399
0.2816338399
0.2816338399
0.2816338399
0.2816338399
0.2816338399
0.2816338399
0.2816338399
0.2816338399
0.2816338399
0.2816338399
0.2816338399
0.2816338399
0.2816338399
0.2816338399
0.2816338399
0.2816338399
0.2816338399
0.2816338399
0.2816338399
0.2816338399
0.2816338399
0.2816338399
0.2816338399
0.2816338399
0.2816338399
0.2816338399
0.2816338399
0.2816338399
0.2816338399
0.2816338399
0.2816338399
0.2816338399
0.2816338399
0.2816338399
0.2816338399
0.2816338399
0.2816338399
0.2816338399
0.2816338399
0.2816338399
0.2816338399
0.2816338399
0.2816338399
0.2816338399
0.2816338399
0.2816338399
0.2816338399
0.2816338399
0.2816338399
0.2816338399
0.2816338399
0.2816338399
0.2816338399
0.2816338399
0.2816338399
0.2816338399
0.2816338399
0.2816338399
0.2816338399
0.2816338399
0.2816338399
0.2816338399
0.2816338399
0.2816338399
0.2816338399
0.2816338399
0.2816338399
0.2816338399
0.2816338399
0.2816338399
0.2816338399
0.2816338399
0.2816338399
0.2816338399
0.2816338399
0.2816338399
0.2816338399
0.2816338399
0.2816338399
0.2816338399
0.2816338399
0.2816338399
0.2816338399
0.2816338399
0.2816338399
0.2816338399
0.2816338399
0.2816338399
0.2816338399
0.2816338399
0.2816338399
0.2816338399
0.2816338399
0.2816338399
0.2816338399
0.2816338399
0.2816338399
0.2816338399
0.2816338399
0.2816338399
0.2816338399
0.2816338399
0.2816338399
0.2816338399
0.2816338399
0.2816338399
0.2816338399
0.2816338399
0.2816338399
0.2816338399
0.2816338399
0.2816338399
0.2816338399
0.2816338399
0.2816338399
0.2816338399
0.2816338399
0.2816338399
0.2816338399
0.2816338399
0.2816338399
0.2816338399
0.2816338399
0.2816338399
0.2816338399
0.2816338399
0.2816338399
0.2816338399
0.2816338399
0.2816338399
0.2816338399
0.2816338399
0.2816338399
0.2816338399
0.2816338399
0.2816338399
0.2816338399
0.2816338399
0.2816338399
0.2816338399
0.2816338399
0.2816338399
0.2816338399
0.2816338399
0.2816338399
0.2816338399
0.2816338399
0.2816338399
0.2816338399
0.2816338399
0.2816338399
0.2816338399
0.2816338399
0.2816338399
0.2816338399
0.2816338399
0.2816338399
0.2816338399
0.2816338399
0.2816338399
0.2816338399
0.2816338399
0.2816338399
0.2816338399
0.2816338399
0.2816338399
0.2816338399
0.2816338399
0.2816338399
0.2816338399
0.2816338399
0.2816338399
0.2816338399
0.2816338399
0.2816338399
0.2816338399
0.2816338399
0.2816338399
0.2816338399
0.2816338399
0.2816338399
0.2816338399
0.2816338399
0.2816338399
0.2816338399
0.2816338399
0.2816338399
0.2816338399
0.2816338399
0.2816338399
0.2816338399
0.2816338399
0.2816338399
0.2816338399
0.2816338399
0.2816338399
0.2816338399
0.2816338399
0.2816338399
0.2816338399
0.2816338399
0.2816338399
0.2816338399
0.2816338399
0.2816338399
0.2816338399
0.2816338399
0.2816338399
0.2816338399
0.2816338399
0.2816338399
0.2816338399
