0.430701609966
0.319166757643
0.302905501186
0.302244006137
0.302244006137
0.295215378667
0.295215378667
0.295215378667
0.295215378667
0.295215378667
0.295215378667
0.295215378667
0.295215378667
0.291580838029
0.291580838029
0.291580838029
0.291580838029
0.291580838029
0.291580838029
0.291580838029
0.291580838029
0.290213114875
0.290213114875
0.290213114875
0.290213114875
0.290213114875
0.290213114875
0.28760622688
0.28760622688
0.28760622688
0.28760622688
0.28760622688
0.28760622688
0.28760622688
0.28760622688
0.28760622688
0.28760622688
0.28760622688
0.28760622688
0.28760622688
0.28760622688
0.28760622688
0.28760622688
0.28760622688
0.28760622688
0.28760622688
0.28760622688
0.28760622688
0.28760622688
0.28760622688
0.28760622688
0.28760622688
0.28760622688
0.28760622688
0.28760622688
0.28760622688
0.28760622688
0.28760622688
0.28760622688
0.28760622688
0.28760622688
0.28760622688
0.28760622688
0.28760622688
0.28760622688
0.28760622688
0.28760622688
0.28760622688
0.28760622688
0.28760622688
0.28760622688
0.28760622688
0.28760622688
0.28760622688
0.28760622688
0.28760622688
0.28760622688
0.28760622688
0.28760622688
0.28760622688
0.28760622688
0.28760622688
0.28760622688
0.28760622688
0.28760622688
0.28760622688
0.28760622688
0.28760622688
0.28760622688
0.28760622688
0.28760622688
0.28760622688
0.28760622688
0.28760622688
0.28760622688
0.28760622688
0.28760622688
0.28760622688
0.28760622688
0.28760622688
0.28760622688
0.28760622688
0.28760622688
0.28760622688
0.28760622688
0.28760622688
0.28760622688
0.28760622688
0.28760622688
0.287176003099
0.287176003099
0.287176003099
0.287176003099
0.287176003099
0.287176003099
0.287176003099
0.287176003099
0.287176003099
0.287176003099
0.287176003099
0.287176003099
0.287176003099
0.287176003099
0.287176003099
0.287176003099
0.287176003099
0.287176003099
0.287176003099
0.287176003099
0.287176003099
0.287176003099
0.287176003099
0.287176003099
0.284054963284
0.284054963284
0.284054963284
0.284054963284
0.284054963284
0.284054963284
0.284054963284
0.284054963284
0.284054963284
0.284054963284
0.284054963284
0.284054963284
0.284054963284
0.284054963284
0.284054963284
0.284054963284
0.284054963284
0.284054963284
0.282493697329
0.282493697329
0.282493697329
0.282493697329
0.282493697329
0.282493697329
0.282493697329
0.282493697329
0.282493697329
0.282493697329
0.282493697329
0.282493697329
0.282493697329
0.282493697329
0.282493697329
0.282493697329
0.282493697329
0.282493697329
0.282493697329
0.282493697329
0.282493697329
0.282493697329
0.282493697329
0.282493697329
0.282493697329
0.282493697329
0.282493697329
0.282493697329
0.282493697329
0.282493697329
0.282493697329
0.282493697329
0.282493697329
0.282493697329
0.282493697329
0.282493697329
0.282493697329
0.282493697329
0.282493697329
0.282493697329
0.282493697329
0.282493697329
0.282493697329
0.282493697329
0.282493697329
0.282493697329
0.282493697329
0.282493697329
0.282493697329
0.282493697329
0.282493697329
0.282493697329
0.282493697329
0.282493697329
0.282493697329
0.282493697329
0.282493697329
0.282493697329
0.282493697329
0.282493697329
0.282493697329
0.282493697329
0.282493697329
0.282493697329
0.282493697329
0.282493697329
0.282493697329
0.282493697329
0.282493697329
0.282493697329
0.282493697329
0.282493697329
0.282493697329
0.282493697329
0.282493697329
0.282493697329
0.282493697329
0.282493697329
0.282493697329
0.282493697329
0.282493697329
0.282493697329
0.282493697329
0.282493697329
0.282493697329
0.282493697329
0.282493697329
0.282493697329
0.282493697329
0.282493697329
0.282493697329
0.282493697329
0.282493697329
0.282493697329
0.282493697329
0.282493697329
0.282493697329
0.282493697329
0.282493697329
0.282493697329
0.282493697329
0.282493697329
0.282493697329
0.282493697329
0.282493697329
0.282493697329
0.282493697329
0.282493697329
0.282493697329
0.282493697329
0.282493697329
0.282493697329
0.282493697329
0.282493697329
0.282493697329
0.282493697329
0.282493697329
0.282493697329
0.282493697329
0.282493697329
0.282493697329
0.282493697329
0.282493697329
0.282493697329
0.282493697329
0.282493697329
0.282493697329
0.282493697329
0.282493697329
0.282493697329
0.282493697329
0.282493697329
0.282493697329
0.282493697329
0.282493697329
0.282493697329
0.282493697329
0.282493697329
0.282493697329
0.282493697329
0.282493697329
0.282493697329
0.282493697329
0.282493697329
0.282493697329
0.282493697329
0.282493697329
0.282493697329
0.282493697329
0.282493697329
0.282493697329
0.282493697329
0.282493697329
0.282493697329
0.282493697329
0.282493697329
0.282493697329
0.282493697329
0.282493697329
0.282493697329
0.282493697329
0.282493697329
0.282493697329
0.282493697329
0.282493697329
0.282493697329
0.282493697329
0.282493697329
0.282493697329
0.282493697329
0.282493697329
0.282493697329
0.282493697329
0.282493697329
0.282493697329
0.282493697329
0.282493697329
0.282493697329
0.282493697329
0.282493697329
0.282493697329
0.282493697329
0.282493697329
0.282493697329
0.282493697329
0.282493697329
0.282493697329
0.282493697329
0.282493697329
0.282493697329
0.282493697329
0.282493697329
0.282493697329
0.282493697329
0.282493697329
0.282493697329
0.282493697329
0.282493697329
0.282493697329
0.282493697329
0.282493697329
0.282493697329
0.282493697329
0.282493697329
0.282493697329
0.282493697329
0.282493697329
0.282493697329
0.282493697329
0.282493697329
0.282493697329
0.282493697329
0.282493697329
0.282493697329
0.282493697329
0.282493697329
0.282493697329
0.282493697329
0.282493697329
0.282493697329
0.282493697329
0.282493697329
0.282493697329
0.282493697329
0.282493697329
0.282493697329
0.282493697329
0.282493697329
0.282493697329
0.282493697329
0.282493697329
0.282493697329
0.282493697329
0.282493697329
0.282493697329
0.282493697329
0.282493697329
0.282493697329
0.282493697329
0.282493697329
0.282493697329
0.282493697329
0.282493697329
0.282493697329
0.282493697329
0.282493697329
0.282493697329
0.282493697329
0.282493697329
