0.326852987877
0.212453165336
0.212453165336
0.21231145211
0.200045719916
0.200045719916
0.200045719916
0.200045719916
0.200045719916
0.200045719916
0.200045719916
0.200045719916
0.186827156785
0.186827156785
0.186827156785
0.186827156785
0.186827156785
0.186827156785
0.186827156785
0.186827156785
0.186827156785
0.186827156785
0.186827156785
0.186827156785
0.186827156785
0.186827156785
0.186827156785
0.186827156785
0.186827156785
0.186827156785
0.186827156785
0.186827156785
0.186827156785
0.186827156785
0.186827156785
0.186827156785
0.186827156785
0.186827156785
0.186827156785
0.186827156785
0.186827156785
0.186827156785
0.186827156785
0.186827156785
0.186827156785
0.186827156785
0.186827156785
0.186827156785
0.186827156785
0.186827156785
0.186827156785
0.186827156785
0.186827156785
0.186827156785
0.186827156785
0.186827156785
0.186827156785
0.186827156785
0.186827156785
0.186827156785
0.186827156785
0.186827156785
0.186827156785
0.186827156785
0.186827156785
0.186827156785
0.186827156785
0.186827156785
0.186827156785
0.186827156785
0.186827156785
0.186827156785
0.186827156785
0.186827156785
0.186827156785
0.181924011753
0.181924011753
0.181924011753
0.181924011753
0.181924011753
0.181924011753
0.181924011753
0.181924011753
0.181924011753
0.181924011753
0.178880608636
0.178880608636
0.178880608636
0.178880608636
0.178880608636
0.178880608636
0.178880608636
0.178880608636
0.178880608636
0.178880608636
0.178880608636
0.178880608636
0.178880608636
0.178880608636
0.178880608636
0.178880608636
0.178880608636
0.178880608636
0.178880608636
0.178880608636
0.178880608636
0.178880608636
0.178880608636
0.178880608636
0.178880608636
0.178880608636
0.178880608636
0.178880608636
0.178880608636
0.178880608636
0.178880608636
0.178880608636
0.178880608636
0.178880608636
0.178880608636
0.178880608636
0.178880608636
0.178880608636
0.178880608636
0.178880608636
0.178880608636
0.178880608636
0.178880608636
0.178880608636
0.178880608636
0.178880608636
0.178880608636
0.178880608636
0.178880608636
0.178880608636
0.178880608636
0.178880608636
0.178880608636
0.178880608636
0.178880608636
0.178880608636
0.178880608636
0.178880608636
0.178880608636
0.178880608636
0.178880608636
0.178880608636
0.178880608636
0.178880608636
0.178880608636
0.178880608636
0.178880608636
0.178880608636
0.178880608636
0.178880608636
0.178880608636
0.178880608636
0.178880608636
0.178880608636
0.178880608636
0.178880608636
0.178880608636
0.178880608636
0.178880608636
0.178880608636
0.178880608636
0.178880608636
0.178880608636
0.178880608636
0.178880608636
0.178880608636
0.178880608636
0.178880608636
0.178880608636
0.178880608636
0.178880608636
0.178880608636
0.178880608636
0.178880608636
0.178880608636
0.178880608636
0.178880608636
0.178880608636
0.178880608636
0.178880608636
0.178880608636
0.178880608636
0.178880608636
0.178880608636
0.178880608636
0.178880608636
0.178880608636
0.178880608636
0.178880608636
0.178880608636
0.178880608636
0.178880608636
0.178880608636
0.178880608636
0.178880608636
0.178880608636
0.178880608636
0.178880608636
0.178880608636
0.178880608636
0.178880608636
0.178880608636
0.178880608636
0.178880608636
0.178880608636
0.178880608636
0.178880608636
0.178880608636
0.178880608636
0.178880608636
0.178880608636
0.178880608636
0.178880608636
0.178880608636
0.178880608636
0.178880608636
0.178880608636
0.178880608636
0.178880608636
0.178880608636
0.178880608636
0.178880608636
0.178880608636
0.178880608636
0.178880608636
0.178880608636
0.178880608636
0.178880608636
0.178880608636
0.178880608636
0.178880608636
0.178880608636
0.178880608636
0.178880608636
0.178880608636
0.178880608636
0.178880608636
0.178880608636
0.178880608636
0.178880608636
0.178880608636
0.178880608636
0.178880608636
0.178880608636
0.178880608636
0.178880608636
0.178880608636
0.178880608636
0.178880608636
0.178880608636
0.178880608636
0.178880608636
0.178880608636
0.178880608636
0.178880608636
0.178880608636
0.178880608636
0.178880608636
0.178880608636
0.178880608636
0.178880608636
0.178880608636
0.178880608636
0.178880608636
0.178880608636
0.178880608636
0.178880608636
0.178880608636
0.178880608636
0.178880608636
0.178880608636
0.178880608636
0.178880608636
0.178880608636
0.178880608636
0.178880608636
0.178880608636
0.178880608636
0.178880608636
0.178880608636
0.178880608636
0.178880608636
0.178880608636
0.178880608636
0.178880608636
0.178880608636
0.178880608636
0.178880608636
0.178880608636
0.178880608636
0.178880608636
0.178880608636
0.178880608636
0.178880608636
0.178880608636
