0.405501702624
0.327533529408
0.303043261076
0.299529223525
0.299529223525
0.299529223525
0.295631124332
0.295631124332
0.291859448154
0.291859448154
0.291859448154
0.291859448154
0.291859448154
0.291859448154
0.291675164189
0.291675164189
0.291675164189
0.291675164189
0.291675164189
0.291675164189
0.291675164189
0.291675164189
0.291675164189
0.28844798668
0.28844798668
0.28844798668
0.28844798668
0.28844798668
0.28844798668
0.28844798668
0.28844798668
0.28844798668
0.28844798668
0.28844798668
0.28844798668
0.28844798668
0.28844798668
0.28844798668
0.28844798668
0.28844798668
0.28844798668
0.28844798668
0.28844798668
0.28844798668
0.28844798668
0.28844798668
0.28844798668
0.28844798668
0.28844798668
0.28844798668
0.28663606678
0.28663606678
0.28663606678
0.28663606678
0.28663606678
0.28663606678
0.28663606678
0.28663606678
0.28663606678
0.28663606678
0.28663606678
0.28663606678
0.28663606678
0.28663606678
0.28663606678
0.28663606678
0.28663606678
0.28663606678
0.28663606678
0.28663606678
0.28663606678
0.28663606678
0.28663606678
0.28663606678
0.28663606678
0.28663606678
0.28663606678
0.28663606678
0.28663606678
0.28663606678
0.28663606678
0.28663606678
0.28663606678
0.28663606678
0.28663606678
0.28663606678
0.28663606678
0.28663606678
0.28663606678
0.28663606678
0.28663606678
0.28663606678
0.28663606678
0.28663606678
0.28663606678
0.28663606678
0.28663606678
0.28663606678
0.28663606678
0.28663606678
0.28663606678
0.28663606678
0.28663606678
0.28663606678
0.28663606678
0.28663606678
0.28663606678
0.28663606678
0.28663606678
0.28663606678
0.28663606678
0.28663606678
0.28663606678
0.28663606678
0.28663606678
0.28663606678
0.28663606678
0.28663606678
0.28663606678
0.28663606678
0.284999509253
0.284999509253
0.284999509253
0.284999509253
0.284999509253
0.284999509253
0.284999509253
0.284999509253
0.284999509253
0.284999509253
0.284999509253
0.284999509253
0.284999509253
0.284999509253
0.284999509253
0.284999509253
0.284999509253
0.284999509253
0.284999509253
0.284999509253
0.284999509253
0.284999509253
0.284999509253
0.284999509253
0.284999509253
0.284999509253
0.284999509253
0.284999509253
0.284999509253
0.284999509253
0.284999509253
0.284999509253
0.284999509253
0.284999509253
0.284999509253
0.284999509253
0.284999509253
0.284999509253
0.284999509253
0.284999509253
0.284999509253
0.284999509253
0.284999509253
0.284999509253
0.284999509253
0.284999509253
0.284999509253
0.284999509253
0.284999509253
0.284999509253
0.284999509253
0.284999509253
0.284999509253
0.284999509253
0.284999509253
0.284999509253
0.284999509253
0.284999509253
0.284999509253
0.284999509253
0.284999509253
0.284999509253
0.284999509253
0.284999509253
0.284999509253
0.284999509253
0.284999509253
0.284999509253
0.284999509253
0.284999509253
0.284999509253
0.284999509253
0.284999509253
0.284999509253
0.284999509253
0.284999509253
0.284999509253
0.284999509253
0.284999509253
0.284999509253
0.284999509253
0.284999509253
0.284999509253
0.284999509253
0.284999509253
0.284999509253
0.284999509253
0.284999509253
0.284999509253
0.284999509253
0.284999509253
0.284999509253
0.284999509253
0.284999509253
0.284999509253
0.284999509253
0.284999509253
0.284999509253
0.284999509253
0.284999509253
0.284999509253
0.284999509253
0.284999509253
0.284999509253
0.284999509253
0.284999509253
0.284999509253
0.284999509253
0.284999509253
0.284999509253
0.284999509253
0.284999509253
0.284999509253
0.284999509253
0.284999509253
0.284999509253
0.284999509253
0.284999509253
0.284999509253
0.284999509253
0.284999509253
0.284999509253
0.284999509253
0.284999509253
0.284999509253
0.284999509253
0.284999509253
0.284999509253
0.284999509253
0.284999509253
0.284999509253
0.284999509253
0.284999509253
0.284999509253
0.284999509253
0.284999509253
0.284999509253
0.284999509253
0.284999509253
0.284999509253
0.284999509253
0.284999509253
0.284999509253
0.284999509253
0.284999509253
0.284999509253
0.284999509253
0.284999509253
0.284999509253
0.284999509253
0.284999509253
0.284999509253
0.284999509253
0.284999509253
0.284999509253
0.284999509253
0.284999509253
0.284999509253
0.284999509253
0.284999509253
0.284999509253
0.284999509253
0.284999509253
0.284999509253
0.284999509253
0.284999509253
0.284999509253
0.284999509253
0.284999509253
0.284999509253
0.284999509253
0.284999509253
0.284999509253
0.284999509253
0.284999509253
0.284999509253
0.284999509253
0.284999509253
0.284999509253
0.284999509253
0.284999509253
0.284999509253
0.284999509253
0.284999509253
0.284999509253
0.284999509253
0.284999509253
0.284999509253
0.284999509253
0.284999509253
0.284999509253
0.284999509253
0.284999509253
0.284999509253
0.284999509253
0.284999509253
0.284999509253
0.284999509253
0.284999509253
0.284999509253
0.284999509253
0.284999509253
0.284999509253
0.284999509253
0.284999509253
0.284999509253
0.284999509253
0.284999509253
0.284999509253
0.284999509253
0.284999509253
0.284999509253
0.284999509253
0.284999509253
0.284999509253
0.284999509253
0.284999509253
0.284999509253
0.284999509253
0.284999509253
0.284999509253
0.284999509253
0.284999509253
0.284999509253
0.284999509253
0.284999509253
0.284999509253
0.284999509253
0.284999509253
0.284999509253
0.284999509253
0.284999509253
0.284999509253
0.284999509253
0.284999509253
0.284999509253
0.284999509253
0.284999509253
0.284999509253
0.284999509253
0.284999509253
0.284999509253
0.284999509253
0.284999509253
0.284999509253
0.284999509253
0.284999509253
0.284999509253
0.284999509253
0.284999509253
0.284999509253
0.284999509253
0.284999509253
0.284999509253
0.284999509253
0.284999509253
0.284999509253
0.284999509253
0.284999509253
0.284999509253
0.284999509253
0.284999509253
0.284999509253
0.284999509253
0.284999509253
0.284999509253
0.284999509253
0.284999509253
0.284999509253
0.284999509253
0.284999509253
0.284999509253
0.284999509253
0.284999509253
0.284999509253
0.284999509253
0.284999509253
0.284999509253
0.284999509253
0.284999509253
