0.415821655031
0.320923783602
0.304639010862
0.299390025729
0.299390025729
0.299390025729
0.299390025729
0.298305139623
0.298305139623
0.298305139623
0.298305139623
0.291446202325
0.291446202325
0.291446202325
0.291446202325
0.291446202325
0.291446202325
0.291446202325
0.291446202325
0.291446202325
0.291446202325
0.291446202325
0.287605738769
0.287605738769
0.287605738769
0.287605738769
0.287210321715
0.287210321715
0.287210321715
0.287210321715
0.287210321715
0.287210321715
0.287210321715
0.287210321715
0.287210321715
0.287210321715
0.287210321715
0.287210321715
0.287210321715
0.287210321715
0.287210321715
0.287210321715
0.287210321715
0.287210321715
0.287210321715
0.287210321715
0.287210321715
0.287210321715
0.287210321715
0.287210321715
0.287210321715
0.287210321715
0.287210321715
0.287210321715
0.287210321715
0.287210321715
0.287210321715
0.287210321715
0.287210321715
0.287210321715
0.287210321715
0.287210321715
0.287210321715
0.287210321715
0.287210321715
0.287210321715
0.287210321715
0.287210321715
0.287210321715
0.287210321715
0.287210321715
0.287210321715
0.287210321715
0.287210321715
0.287210321715
0.287210321715
0.287210321715
0.287210321715
0.287210321715
0.287210321715
0.287210321715
0.287210321715
0.287210321715
0.287210321715
0.287210321715
0.287210321715
0.287210321715
0.287210321715
0.287210321715
0.287210321715
0.287210321715
0.287210321715
0.287210321715
0.287210321715
0.287210321715
0.287210321715
0.287210321715
0.287210321715
0.287210321715
0.287210321715
0.287210321715
0.281151903262
0.281151903262
0.281151903262
0.281151903262
0.281151903262
0.281151903262
0.281151903262
0.281151903262
0.281151903262
0.281151903262
0.281151903262
0.281151903262
0.281151903262
0.281151903262
0.281151903262
0.281151903262
0.281151903262
0.281151903262
0.281151903262
0.281151903262
0.281151903262
0.281151903262
0.281151903262
0.281151903262
0.281151903262
0.281151903262
0.281151903262
0.281151903262
0.281151903262
0.281151903262
0.281151903262
0.281151903262
0.281151903262
0.281151903262
0.281151903262
0.281151903262
0.281151903262
0.281151903262
0.281151903262
0.281151903262
0.281151903262
0.281151903262
0.281151903262
0.281151903262
0.281151903262
0.281151903262
0.281151903262
0.281151903262
0.281151903262
0.281151903262
0.281151903262
0.281151903262
0.281151903262
0.281151903262
0.281151903262
0.281151903262
0.281151903262
0.281151903262
0.281151903262
0.281151903262
0.281151903262
0.281151903262
0.281151903262
0.281151903262
0.281151903262
0.281151903262
0.281151903262
0.281151903262
0.281151903262
0.281151903262
0.281151903262
0.281151903262
0.281151903262
0.281151903262
0.281151903262
0.281151903262
0.281151903262
0.281151903262
0.281151903262
0.281151903262
0.281151903262
0.281151903262
0.281151903262
0.281151903262
0.281151903262
0.281151903262
0.281151903262
0.281151903262
0.281151903262
0.281151903262
0.281151903262
0.281151903262
0.281151903262
0.281151903262
0.281151903262
0.281151903262
0.281151903262
0.281151903262
0.281151903262
0.281151903262
0.281151903262
0.281151903262
0.281151903262
0.281151903262
0.281151903262
0.281151903262
0.281151903262
0.281151903262
0.281151903262
0.281151903262
0.281151903262
0.281151903262
0.281151903262
0.281151903262
0.281151903262
0.281151903262
0.281151903262
0.281151903262
0.281151903262
0.281151903262
0.281151903262
0.281151903262
0.281151903262
0.281151903262
0.281151903262
0.281151903262
0.281151903262
0.281151903262
0.281151903262
0.281151903262
0.281151903262
0.281151903262
0.281151903262
0.281151903262
0.281151903262
0.281151903262
0.281151903262
0.281151903262
0.281151903262
0.281151903262
0.281151903262
0.281151903262
0.281151903262
0.281151903262
0.281151903262
0.281151903262
0.281151903262
0.281151903262
0.281151903262
0.281151903262
0.281151903262
0.281151903262
0.281151903262
0.281151903262
0.281151903262
0.276844774438
0.276844774438
0.276844774438
0.276844774438
0.276844774438
0.276844774438
0.276844774438
0.276844774438
0.276844774438
0.276844774438
0.276844774438
0.276844774438
0.276844774438
0.276844774438
0.276844774438
0.276844774438
0.276844774438
0.276844774438
0.276844774438
0.276844774438
0.276844774438
0.276844774438
0.276844774438
0.276844774438
0.276844774438
0.276844774438
0.276844774438
0.276844774438
0.276844774438
0.276844774438
0.276844774438
0.276844774438
0.276844774438
0.276844774438
0.276844774438
0.276844774438
0.276844774438
0.276844774438
0.276844774438
0.276844774438
0.276844774438
0.276844774438
0.276844774438
0.276844774438
0.276844774438
0.276844774438
0.276844774438
0.276844774438
0.276844774438
0.276844774438
0.276844774438
0.276844774438
0.276844774438
0.276844774438
0.276844774438
0.276844774438
0.276844774438
0.276844774438
0.276844774438
0.276844774438
0.276844774438
0.276844774438
0.276844774438
0.276844774438
0.276844774438
0.276844774438
0.276844774438
0.276844774438
0.276844774438
0.276844774438
0.276844774438
0.276844774438
0.276844774438
0.276844774438
0.276844774438
0.276844774438
0.276844774438
0.276844774438
0.276844774438
0.276844774438
0.276844774438
0.276844774438
0.276844774438
0.276844774438
0.276844774438
0.276844774438
0.276844774438
0.276844774438
0.276844774438
0.276844774438
0.276844774438
0.276844774438
0.276844774438
0.276844774438
0.276844774438
0.276844774438
0.276844774438
0.276844774438
0.276844774438
0.276844774438
0.276844774438
0.276844774438
0.276844774438
0.276844774438
0.276844774438
0.276844774438
0.276844774438
0.276844774438
0.276844774438
0.276844774438
0.276844774438
0.276844774438
0.276844774438
0.276844774438
0.276844774438
0.276844774438
0.276844774438
0.276844774438
0.276844774438
0.276844774438
0.276844774438
0.276844774438
0.276844774438
0.276844774438
0.276844774438
0.276844774438
0.276844774438
0.276844774438
0.276844774438
0.276844774438
0.276844774438
0.276844774438
0.276844774438
0.276844774438
0.276844774438
0.276844774438
0.276844774438
0.276844774438
0.276844774438
0.276844774438
0.276844774438
0.276844774438
0.276844774438
0.276844774438
