0.301520868146
0.2452707727
0.226104723876
0.216095325675
0.205219786984
0.205219786984
0.205219786984
0.205219786984
0.205219786984
0.205219786984
0.205219786984
0.205219786984
0.204638004766
0.204638004766
0.204638004766
0.204638004766
0.204638004766
0.195596008156
0.194178774792
0.194178774792
0.194178774792
0.194178774792
0.194178774792
0.194178774792
0.194178774792
0.194178774792
0.194178774792
0.194178774792
0.194178774792
0.194178774792
0.194178774792
0.194178774792
0.194178774792
0.194178774792
0.194178774792
0.194178774792
0.194178774792
0.194178774792
0.194178774792
0.194178774792
0.194178774792
0.194178774792
0.194178774792
0.194178774792
0.194178774792
0.194178774792
0.194178774792
0.194178774792
0.194178774792
0.194178774792
0.194178774792
0.194178774792
0.194178774792
0.194178774792
0.194178774792
0.194178774792
0.194178774792
0.194178774792
0.194178774792
0.194178774792
0.194178774792
0.194178774792
0.194178774792
0.194178774792
0.194178774792
0.194178774792
0.194178774792
0.194178774792
0.194178774792
0.194178774792
0.194178774792
0.194178774792
0.194178774792
0.194178774792
0.194178774792
0.194178774792
0.194178774792
0.194178774792
0.194178774792
0.194178774792
0.194178774792
0.194178774792
0.194178774792
0.194178774792
0.194178774792
0.194178774792
0.194178774792
0.194178774792
0.194178774792
0.194178774792
0.194178774792
0.194178774792
0.194178774792
0.194178774792
0.194178774792
0.192158689637
0.192158689637
0.192158689637
0.192158689637
0.192158689637
0.192158689637
0.192158689637
0.192158689637
0.192158689637
0.191121061992
0.191121061992
0.191121061992
0.191121061992
0.191121061992
0.191121061992
0.191121061992
0.191121061992
0.191121061992
0.191121061992
0.186678366849
0.186678366849
0.186678366849
0.186678366849
0.186678366849
0.186678366849
0.186678366849
0.186678366849
0.186678366849
0.186678366849
0.186678366849
0.186678366849
0.186678366849
0.186678366849
0.186678366849
0.186678366849
0.186678366849
0.186678366849
0.186678366849
0.186678366849
0.186678366849
0.186678366849
0.186678366849
0.186678366849
0.186678366849
0.186678366849
0.186678366849
0.186678366849
0.186678366849
0.186678366849
0.186678366849
0.186678366849
0.186678366849
0.186678366849
0.186678366849
0.186678366849
0.186678366849
0.186678366849
0.186678366849
0.186678366849
0.186678366849
0.186678366849
0.186678366849
0.186678366849
0.186678366849
0.186678366849
0.186678366849
0.186678366849
0.186678366849
0.186678366849
0.186678366849
0.186678366849
0.186678366849
0.186678366849
0.186678366849
0.186678366849
0.186678366849
0.186678366849
0.186678366849
0.186678366849
0.186678366849
0.186678366849
0.186678366849
0.186678366849
0.186678366849
0.186678366849
0.186678366849
0.186678366849
0.186678366849
0.186678366849
0.186678366849
0.186678366849
0.186678366849
0.186678366849
0.186678366849
0.186678366849
0.186678366849
0.186678366849
0.186678366849
0.186678366849
0.186678366849
0.186678366849
0.186678366849
0.186678366849
0.186678366849
0.186678366849
0.186678366849
0.186678366849
0.186678366849
0.186678366849
0.186678366849
0.186678366849
0.186678366849
0.186678366849
0.186678366849
0.186678366849
0.186678366849
0.186678366849
0.186678366849
0.186678366849
0.186678366849
0.186678366849
0.186678366849
0.186678366849
0.186678366849
0.186678366849
0.186678366849
0.186678366849
0.186678366849
0.186678366849
0.186678366849
0.186678366849
0.186678366849
0.186678366849
0.186678366849
0.1809204363
0.1809204363
0.1809204363
0.1809204363
0.1809204363
0.1809204363
0.1809204363
0.1809204363
0.1809204363
0.1809204363
0.1809204363
0.1809204363
0.1809204363
0.1809204363
0.1809204363
0.1809204363
0.1809204363
0.1809204363
0.1809204363
0.1809204363
0.1809204363
0.1809204363
0.1809204363
0.1809204363
0.1809204363
0.1809204363
0.1809204363
0.1809204363
0.1809204363
0.1809204363
0.1809204363
0.1809204363
0.1809204363
0.1809204363
0.1809204363
0.1809204363
0.1809204363
0.1809204363
0.1809204363
0.1809204363
0.1809204363
0.1809204363
0.1809204363
0.1809204363
0.1809204363
0.1809204363
0.1809204363
0.1809204363
0.1809204363
0.1809204363
0.1809204363
0.1809204363
0.1809204363
0.1809204363
0.1809204363
0.1809204363
0.1809204363
0.1809204363
0.1809204363
0.1809204363
0.1809204363
0.1809204363
0.1809204363
0.1809204363
0.1809204363
0.1809204363
0.1809204363
0.1809204363
0.1809204363
0.1809204363
0.1809204363
