0.332252587119
0.249488988875
0.214080659524
0.214080659524
0.214080659524
0.210815376907
0.210575370465
0.206392588231
0.206392588231
0.206392588231
0.206392588231
0.205387001776
0.204862583309
0.197698206079
0.197698206079
0.197698206079
0.197698206079
0.197698206079
0.197698206079
0.197698206079
0.197698206079
0.197698206079
0.195905540119
0.195905540119
0.195905540119
0.195905540119
0.195905540119
0.195905540119
0.195905540119
0.195905540119
0.195905540119
0.195905540119
0.195905540119
0.195905540119
0.195905540119
0.195905540119
0.195905540119
0.195905540119
0.195905540119
0.195905540119
0.195905540119
0.195905540119
0.195905540119
0.195905540119
0.195905540119
0.195905540119
0.195905540119
0.195905540119
0.195905540119
0.195905540119
0.195905540119
0.195905540119
0.195905540119
0.195905540119
0.195905540119
0.193424350757
0.193424350757
0.193424350757
0.193424350757
0.193424350757
0.193424350757
0.193424350757
0.193424350757
0.193424350757
0.193424350757
0.193424350757
0.193424350757
0.193424350757
0.193424350757
0.193424350757
0.193424350757
0.193424350757
0.193424350757
0.193424350757
0.193424350757
0.193424350757
0.193424350757
0.193424350757
0.193424350757
0.193424350757
0.193424350757
0.193424350757
0.193424350757
0.193424350757
0.193424350757
0.193424350757
0.193424350757
0.193424350757
0.193424350757
0.193424350757
0.193424350757
0.193424350757
0.193424350757
0.193424350757
0.193424350757
0.193424350757
0.193424350757
0.193424350757
0.193424350757
0.193424350757
0.193424350757
0.193424350757
0.193424350757
0.193424350757
0.193424350757
0.193424350757
0.193424350757
0.193424350757
0.193424350757
0.193424350757
0.193424350757
0.193424350757
0.193424350757
0.193424350757
0.193424350757
0.193424350757
0.182905057978
0.182905057978
0.182905057978
0.182905057978
0.182905057978
0.182905057978
0.182905057978
0.182905057978
0.182905057978
0.182905057978
0.182905057978
0.182905057978
0.182905057978
0.182905057978
0.182905057978
0.182905057978
0.182905057978
0.182905057978
0.182905057978
0.182905057978
0.182905057978
0.182905057978
0.182905057978
0.182905057978
0.182905057978
0.182905057978
0.182905057978
0.182905057978
0.182905057978
0.182905057978
0.182905057978
0.182905057978
0.182905057978
0.182905057978
0.182905057978
0.182905057978
0.182905057978
0.182905057978
0.182905057978
0.182905057978
0.182905057978
0.182905057978
0.182905057978
0.182905057978
0.182905057978
0.182905057978
0.182905057978
0.182905057978
0.182905057978
0.182905057978
0.182905057978
0.182905057978
0.182905057978
0.182905057978
0.182905057978
0.182905057978
0.182905057978
0.182905057978
0.182905057978
0.182905057978
0.182905057978
0.182905057978
0.182905057978
0.182905057978
0.182905057978
0.182905057978
0.182905057978
0.182905057978
0.182905057978
0.182905057978
0.182905057978
0.182905057978
0.182905057978
0.182905057978
0.182905057978
0.182905057978
0.182905057978
0.182905057978
0.182905057978
0.182905057978
0.182905057978
0.182905057978
0.182905057978
0.182905057978
0.182905057978
0.182905057978
0.182905057978
0.182905057978
0.182905057978
0.182905057978
0.182905057978
0.182905057978
0.182905057978
0.182905057978
0.182905057978
0.182905057978
0.182905057978
0.182905057978
0.182905057978
0.182905057978
0.182905057978
0.182905057978
0.182905057978
0.182905057978
0.182905057978
0.182905057978
0.182905057978
0.182905057978
0.182905057978
0.182905057978
0.182905057978
0.182905057978
0.182905057978
0.182905057978
0.182905057978
0.182905057978
0.182905057978
0.182905057978
0.182905057978
0.182905057978
0.182905057978
0.182905057978
0.182905057978
0.182905057978
0.182905057978
0.182905057978
0.182905057978
0.182905057978
0.182905057978
0.182905057978
0.182905057978
0.182905057978
0.182905057978
0.182905057978
0.182905057978
0.182905057978
0.182905057978
0.182905057978
0.182905057978
0.182905057978
0.182905057978
0.182905057978
0.182905057978
0.182905057978
0.182905057978
0.182905057978
0.182905057978
0.182905057978
0.182905057978
0.182905057978
0.182905057978
0.182905057978
0.182905057978
0.182905057978
0.182905057978
0.182905057978
0.182905057978
0.182905057978
0.182905057978
0.182905057978
0.182905057978
0.182905057978
0.182905057978
0.182905057978
0.182905057978
0.182905057978
0.182905057978
0.182905057978
0.182905057978
0.182905057978
0.182905057978
0.182905057978
0.182905057978
0.182905057978
0.182905057978
0.182905057978
0.182905057978
0.182905057978
0.182905057978
0.182905057978
0.182905057978
0.182905057978
0.182905057978
0.182905057978
