0.326316307528
0.242848044995
0.220446860824
0.21617126579
0.206745699122
0.206745699122
0.206745699122
0.206745699122
0.206745699122
0.206745699122
0.206745699122
0.206047626969
0.206047626969
0.206047626969
0.206047626969
0.192565324932
0.192565324932
0.192565324932
0.192565324932
0.192565324932
0.192565324932
0.192565324932
0.192565324932
0.192565324932
0.192565324932
0.192565324932
0.192565324932
0.192565324932
0.192565324932
0.192565324932
0.192565324932
0.192565324932
0.192565324932
0.192565324932
0.192565324932
0.192565324932
0.192565324932
0.192565324932
0.192565324932
0.192565324932
0.192565324932
0.192565324932
0.192565324932
0.192565324932
0.192565324932
0.192565324932
0.192565324932
0.192565324932
0.192565324932
0.192565324932
0.192565324932
0.192565324932
0.192565324932
0.192565324932
0.192565324932
0.192565324932
0.192565324932
0.192565324932
0.192565324932
0.192565324932
0.192565324932
0.192565324932
0.192565324932
0.192565324932
0.192565324932
0.192565324932
0.192565324932
0.192565324932
0.192565324932
0.192565324932
0.192565324932
0.192565324932
0.192565324932
0.192565324932
0.192565324932
0.192565324932
0.192565324932
0.192565324932
0.192565324932
0.192565324932
0.192565324932
0.192565324932
0.192565324932
0.192565324932
0.192565324932
0.192565324932
0.192565324932
0.192565324932
0.192565324932
0.192565324932
0.192565324932
0.192565324932
0.192565324932
0.192565324932
0.192565324932
0.192565324932
0.192565324932
0.192565324932
0.192565324932
0.192565324932
0.187488793365
0.187488793365
0.187488793365
0.187488793365
0.187488793365
0.187488793365
0.187488793365
0.187488793365
0.187488793365
0.187488793365
0.187488793365
0.187488793365
0.187488793365
0.187488793365
0.187488793365
0.187488793365
0.187488793365
0.187488793365
0.187488793365
0.187488793365
0.187488793365
0.187488793365
0.187488793365
0.187488793365
0.187488793365
0.187488793365
0.187488793365
0.187488793365
0.187488793365
0.187488793365
0.187488793365
0.187488793365
0.187488793365
0.187488793365
0.187488793365
0.187488793365
0.187488793365
0.187488793365
0.187488793365
0.187488793365
0.187488793365
0.187488793365
0.187488793365
0.187488793365
0.187488793365
0.187488793365
0.187488793365
0.187488793365
0.187488793365
0.187488793365
0.187488793365
0.187488793365
0.187488793365
0.187488793365
0.187488793365
0.187488793365
0.187488793365
0.187488793365
0.187488793365
0.187488793365
0.187488793365
0.187488793365
0.187488793365
0.187488793365
0.187488793365
0.187488793365
0.187488793365
0.187488793365
0.187488793365
0.187488793365
0.187488793365
0.187488793365
0.187488793365
0.187488793365
0.187488793365
0.187488793365
0.187488793365
0.187488793365
0.187488793365
0.187488793365
0.187488793365
0.187488793365
0.187488793365
0.187488793365
0.187488793365
0.187488793365
0.187488793365
0.187488793365
0.187488793365
0.187488793365
0.187488793365
0.187488793365
0.187488793365
0.187488793365
0.187488793365
0.187488793365
0.187488793365
0.187488793365
0.187488793365
0.187488793365
0.187488793365
0.187488793365
0.187488793365
0.187488793365
0.187488793365
0.187488793365
0.187488793365
0.187488793365
0.187488793365
0.187488793365
0.187488793365
0.187488793365
0.187488793365
0.187488793365
0.187488793365
0.187488793365
0.187488793365
0.187488793365
0.187488793365
0.187488793365
0.187488793365
0.187488793365
0.187488793365
0.187488793365
0.187488793365
0.187488793365
0.187488793365
0.187488793365
0.187488793365
0.187488793365
0.187488793365
0.187488793365
0.187488793365
0.187488793365
0.187488793365
0.187488793365
0.187488793365
0.187488793365
0.187488793365
0.187488793365
0.187488793365
0.187488793365
0.187488793365
0.187488793365
0.187488793365
0.187488793365
0.187488793365
0.187488793365
0.187488793365
0.187488793365
0.187488793365
0.187488793365
0.187488793365
0.187488793365
0.187488793365
0.187488793365
0.187488793365
0.187488793365
0.187488793365
0.187488793365
0.187488793365
0.187488793365
0.187488793365
0.187488793365
0.187488793365
0.187488793365
0.187488793365
0.187488793365
0.187488793365
0.187488793365
0.187488793365
0.187488793365
0.187488793365
0.187488793365
0.187488793365
0.187488793365
0.187488793365
0.187488793365
0.187488793365
0.187488793365
0.187488793365
0.187488793365
0.187488793365
0.187488793365
0.187488793365
0.187488793365
0.187488793365
0.187488793365
0.187488793365
0.187488793365
0.187488793365
0.187488793365
0.187488793365
0.187488793365
0.187488793365
0.187488793365
0.187488793365
0.187488793365
0.187488793365
0.187488793365
