0.337995630179
0.240791770029
0.230086008308
0.217173177894
0.197772000474
0.197772000474
0.197772000474
0.197535878548
0.197535878548
0.197535878548
0.197535878548
0.190486235465
0.190486235465
0.190486235465
0.190486235465
0.190486235465
0.190486235465
0.190486235465
0.190486235465
0.190486235465
0.190486235465
0.190486235465
0.190486235465
0.190486235465
0.190486235465
0.190486235465
0.190486235465
0.190486235465
0.190486235465
0.190486235465
0.190486235465
0.190486235465
0.190486235465
0.190486235465
0.190486235465
0.190486235465
0.190486235465
0.190486235465
0.190486235465
0.190486235465
0.190486235465
0.190486235465
0.190486235465
0.190486235465
0.190486235465
0.190486235465
0.190486235465
0.190486235465
0.190486235465
0.190486235465
0.190486235465
0.190486235465
0.190486235465
0.190486235465
0.190486235465
0.190486235465
0.190486235465
0.190486235465
0.190486235465
0.190486235465
0.190486235465
0.190486235465
0.190486235465
0.190486235465
0.190486235465
0.190486235465
0.190486235465
0.190486235465
0.190486235465
0.190486235465
0.190486235465
0.190486235465
0.190486235465
0.190486235465
0.190486235465
0.190486235465
0.190486235465
0.190486235465
0.190486235465
0.190486235465
0.190486235465
0.190486235465
0.190486235465
0.190486235465
0.190486235465
0.190486235465
0.190486235465
0.190486235465
0.190486235465
0.190486235465
0.190486235465
0.190486235465
0.190486235465
0.190486235465
0.190486235465
0.190486235465
0.190486235465
0.190486235465
0.190486235465
0.190486235465
0.190486235465
0.190486235465
0.190486235465
0.190486235465
0.190486235465
0.190486235465
0.190486235465
0.190486235465
0.190486235465
0.190486235465
0.190486235465
0.189233080596
0.189233080596
0.189233080596
0.189233080596
0.189233080596
0.189233080596
0.189233080596
0.189233080596
0.189233080596
0.189233080596
0.189233080596
0.189233080596
0.189233080596
0.189233080596
0.189233080596
0.189233080596
0.189233080596
0.189233080596
0.189233080596
0.189233080596
0.189233080596
0.189233080596
0.189233080596
0.189233080596
0.189233080596
0.189233080596
0.189233080596
0.189233080596
0.189233080596
0.189233080596
0.189233080596
0.189233080596
0.189233080596
0.189233080596
0.189233080596
0.189233080596
0.189233080596
0.189233080596
0.189233080596
0.189233080596
0.189233080596
0.189233080596
0.189233080596
0.189233080596
0.189233080596
0.189233080596
0.189233080596
0.189233080596
0.189233080596
0.189233080596
0.184943234579
0.184943234579
0.184943234579
0.184943234579
0.184943234579
0.184943234579
0.184943234579
0.184943234579
0.184943234579
0.184943234579
0.184943234579
0.184943234579
0.184943234579
0.184943234579
0.184943234579
0.184943234579
0.184943234579
0.184943234579
0.184943234579
0.184943234579
0.184943234579
0.184943234579
0.184943234579
0.184943234579
0.184943234579
0.184943234579
0.184943234579
0.184943234579
0.184943234579
0.184943234579
0.184943234579
0.184943234579
0.184943234579
0.184943234579
0.184943234579
0.184943234579
0.184943234579
0.184943234579
0.184943234579
0.184943234579
0.184943234579
0.184943234579
0.184943234579
0.184943234579
0.184943234579
0.184943234579
0.184943234579
0.184943234579
0.184943234579
0.184943234579
0.184943234579
0.184943234579
0.184943234579
0.184943234579
0.184943234579
0.184943234579
0.184943234579
0.184943234579
0.184943234579
0.184943234579
0.184943234579
0.184943234579
0.184943234579
0.184943234579
0.184943234579
0.184943234579
0.184943234579
0.184943234579
0.184943234579
0.184943234579
0.184943234579
0.184943234579
0.184943234579
0.184943234579
0.184943234579
0.184943234579
0.184943234579
0.184943234579
0.184943234579
0.184943234579
0.184943234579
0.184943234579
0.184943234579
0.184943234579
0.184943234579
0.184943234579
0.184943234579
0.184943234579
0.184943234579
0.184943234579
0.184943234579
0.184943234579
0.184943234579
0.184943234579
0.184943234579
0.184943234579
0.184943234579
0.184943234579
0.184943234579
0.184943234579
0.184943234579
0.184943234579
0.184943234579
0.184943234579
0.184943234579
0.184943234579
0.184943234579
0.184943234579
0.184943234579
0.184943234579
0.184943234579
0.184943234579
0.184943234579
0.184943234579
0.184943234579
0.184943234579
0.184943234579
0.184943234579
0.184943234579
0.184943234579
0.184943234579
0.184943234579
0.184943234579
0.184943234579
0.184943234579
0.184943234579
0.184943234579
0.184943234579
0.184943234579
0.184943234579
0.184943234579
0.184943234579
0.184943234579
0.184943234579
0.184943234579
0.184943234579
0.184943234579
0.184943234579
0.184943234579
