0.424477655225
0.331683940474
0.301270633271
0.290631663196
0.290631663196
0.290631663196
0.289615793254
0.289615793254
0.289615793254
0.289615793254
0.289615793254
0.289615793254
0.289615793254
0.289615793254
0.289615793254
0.289615793254
0.289615793254
0.289615793254
0.289615793254
0.289615793254
0.289615793254
0.289615793254
0.289615793254
0.289615793254
0.289615793254
0.289615793254
0.288515219375
0.288515219375
0.288515219375
0.288515219375
0.288515219375
0.288515219375
0.288515219375
0.288515219375
0.287568314954
0.287568314954
0.287568314954
0.287568314954
0.287568314954
0.287568314954
0.287568314954
0.287568314954
0.287568314954
0.287568314954
0.287568314954
0.287568314954
0.287568314954
0.287568314954
0.287568314954
0.287568314954
0.287568314954
0.287568314954
0.287568314954
0.287568314954
0.287568314954
0.287568314954
0.287568314954
0.287568314954
0.287568314954
0.287476699219
0.287476699219
0.287476699219
0.287476699219
0.287476699219
0.287476699219
0.287476699219
0.287476699219
0.287476699219
0.287476699219
0.287476699219
0.287476699219
0.287476699219
0.287476699219
0.287476699219
0.287476699219
0.287476699219
0.287476699219
0.287476699219
0.287476699219
0.287476699219
0.287476699219
0.287476699219
0.287476699219
0.287476699219
0.287476699219
0.287476699219
0.287476699219
0.287476699219
0.287476699219
0.287476699219
0.287476699219
0.287476699219
0.287476699219
0.287476699219
0.287476699219
0.287476699219
0.287476699219
0.287476699219
0.287476699219
0.287476699219
0.287476699219
0.287476699219
0.287476699219
0.287476699219
0.287476699219
0.287476699219
0.287476699219
0.287476699219
0.287476699219
0.287476699219
0.287476699219
0.287476699219
0.287476699219
0.287476699219
0.287476699219
0.287476699219
0.287476699219
0.287476699219
0.287476699219
0.287476699219
0.287476699219
0.287476699219
0.287476699219
0.287476699219
0.287476699219
0.287476699219
0.287476699219
0.287476699219
0.287476699219
0.287476699219
0.287476699219
0.287476699219
0.287476699219
0.287476699219
0.287476699219
0.287476699219
0.282217048307
0.282217048307
0.282217048307
0.282217048307
0.282217048307
0.282217048307
0.282217048307
0.282217048307
0.282217048307
0.282217048307
0.282217048307
0.282217048307
0.282217048307
0.282217048307
0.282217048307
0.282217048307
0.282217048307
0.282217048307
0.282217048307
0.282217048307
0.282217048307
0.282217048307
0.282217048307
0.282217048307
0.282217048307
0.282217048307
0.282217048307
0.282217048307
0.282217048307
0.282217048307
0.282217048307
0.282217048307
0.282217048307
0.282217048307
0.282217048307
0.282217048307
0.282217048307
0.282217048307
0.282217048307
0.282217048307
0.282217048307
0.282217048307
0.282217048307
0.282217048307
0.282217048307
0.282217048307
0.282217048307
0.282217048307
0.282217048307
0.282217048307
0.282217048307
0.282217048307
0.282217048307
0.282217048307
0.282217048307
0.282217048307
0.282217048307
0.282217048307
0.282217048307
0.282217048307
0.282217048307
0.282217048307
0.282217048307
0.282217048307
0.282217048307
0.282217048307
0.282217048307
0.282217048307
0.282217048307
0.282217048307
0.282217048307
0.282217048307
0.282217048307
0.282217048307
0.282217048307
0.282217048307
0.282217048307
0.282217048307
0.282217048307
0.282217048307
0.282217048307
0.282217048307
0.282217048307
0.282217048307
0.282217048307
0.282217048307
0.282217048307
0.282217048307
0.282217048307
0.282217048307
0.282217048307
0.282217048307
0.282217048307
0.282217048307
0.282217048307
0.282217048307
0.282217048307
0.282217048307
0.282217048307
0.282217048307
0.282217048307
0.282217048307
0.282217048307
0.282217048307
0.282217048307
0.282217048307
0.282217048307
0.282217048307
0.282217048307
0.282217048307
0.282217048307
0.282217048307
0.282217048307
0.282217048307
0.282217048307
0.282217048307
0.282217048307
0.282217048307
0.282217048307
0.282217048307
0.282217048307
0.282217048307
0.282217048307
0.282217048307
0.282217048307
0.282217048307
0.282217048307
0.282217048307
0.282217048307
0.282217048307
0.282217048307
0.282217048307
0.282217048307
0.282217048307
0.282217048307
0.282217048307
0.282217048307
0.282217048307
0.282217048307
0.282217048307
0.282217048307
0.282217048307
0.282217048307
0.282217048307
0.282217048307
0.282217048307
0.282217048307
0.282217048307
0.282217048307
0.282217048307
0.282217048307
0.282217048307
0.282217048307
0.282217048307
0.282217048307
0.282217048307
0.282217048307
0.282217048307
0.282217048307
0.282217048307
0.282217048307
0.282217048307
0.282217048307
0.282217048307
0.282217048307
0.282217048307
0.282217048307
0.282217048307
0.282217048307
0.282217048307
0.282217048307
0.282217048307
0.282217048307
0.282217048307
0.282217048307
0.282217048307
0.282217048307
0.282217048307
0.282217048307
0.282217048307
0.282217048307
0.282217048307
0.282217048307
0.282217048307
0.282217048307
0.282217048307
0.282217048307
0.282217048307
0.282217048307
0.282217048307
0.282217048307
0.282217048307
0.282217048307
0.282217048307
0.282217048307
0.282217048307
0.282217048307
0.282217048307
0.282217048307
0.282217048307
0.282217048307
0.282217048307
0.282217048307
0.282217048307
0.282217048307
0.282217048307
0.282217048307
0.282217048307
0.282217048307
0.282217048307
0.282217048307
0.282217048307
0.282217048307
0.282217048307
0.282217048307
0.282217048307
0.282217048307
0.282217048307
0.282217048307
0.282217048307
0.282217048307
0.282217048307
0.282217048307
0.282217048307
0.282217048307
0.282217048307
0.282217048307
0.282217048307
0.282217048307
0.282217048307
0.282217048307
0.282217048307
0.282217048307
0.282217048307
0.282217048307
0.282217048307
0.282217048307
0.282217048307
0.282217048307
0.282217048307
0.282217048307
0.282217048307
0.282217048307
0.282217048307
0.282217048307
0.282217048307
0.282217048307
0.282217048307
0.282217048307
0.282217048307
0.282217048307
0.282217048307
0.282217048307
0.282217048307
0.282217048307
0.282217048307
0.282217048307
0.282217048307
0.282217048307
0.282217048307
0.282217048307
0.282217048307
0.282217048307
0.282217048307
