0.425378738234
0.338919098245
0.301032473207
0.292504446133
0.292504446133
0.292504446133
0.292504446133
0.292504446133
0.292504446133
0.292504446133
0.292504446133
0.292504446133
0.292504446133
0.288013231963
0.288013231963
0.288013231963
0.288013231963
0.288013231963
0.288013231963
0.288013231963
0.288013231963
0.288013231963
0.28596240782
0.28596240782
0.28596240782
0.28596240782
0.28596240782
0.28596240782
0.28596240782
0.28596240782
0.28596240782
0.28596240782
0.28596240782
0.28596240782
0.28596240782
0.28596240782
0.28596240782
0.28596240782
0.28596240782
0.28596240782
0.28596240782
0.28596240782
0.28596240782
0.28596240782
0.28596240782
0.28596240782
0.28596240782
0.28596240782
0.28596240782
0.28596240782
0.28596240782
0.28596240782
0.28596240782
0.28596240782
0.28596240782
0.28596240782
0.28596240782
0.28596240782
0.28596240782
0.28596240782
0.28596240782
0.28596240782
0.28596240782
0.28596240782
0.28596240782
0.28596240782
0.28596240782
0.28596240782
0.28596240782
0.28596240782
0.28596240782
0.28596240782
0.28596240782
0.28596240782
0.28596240782
0.28596240782
0.28596240782
0.28596240782
0.28596240782
0.28596240782
0.28596240782
0.28596240782
0.28596240782
0.28596240782
0.28596240782
0.28596240782
0.28596240782
0.28596240782
0.28596240782
0.28596240782
0.28596240782
0.28596240782
0.28596240782
0.28596240782
0.28596240782
0.28596240782
0.28596240782
0.28596240782
0.28596240782
0.28596240782
0.28596240782
0.28596240782
0.28596240782
0.28596240782
0.285487009845
0.285487009845
0.285487009845
0.285487009845
0.285487009845
0.285487009845
0.285487009845
0.285487009845
0.285487009845
0.285487009845
0.285487009845
0.285487009845
0.285487009845
0.285487009845
0.285487009845
0.285487009845
0.285487009845
0.285487009845
0.285487009845
0.285487009845
0.285487009845
0.285487009845
0.285487009845
0.285487009845
0.285487009845
0.285487009845
0.285487009845
0.285487009845
0.285487009845
0.285487009845
0.285487009845
0.285487009845
0.285487009845
0.285487009845
0.285487009845
0.285487009845
0.285487009845
0.285487009845
0.285487009845
0.285487009845
0.285487009845
0.285487009845
0.285487009845
0.285487009845
0.285487009845
0.285487009845
0.285487009845
0.285487009845
0.285487009845
0.285487009845
0.285487009845
0.285487009845
0.285487009845
0.285487009845
0.285487009845
0.285487009845
0.285487009845
0.285487009845
0.285487009845
0.285487009845
0.285487009845
0.285487009845
0.285487009845
0.285487009845
0.285487009845
0.285487009845
0.285487009845
0.285487009845
0.285487009845
0.285487009845
0.285487009845
0.285487009845
0.285487009845
0.285487009845
0.285487009845
0.285487009845
0.285487009845
0.285487009845
0.285487009845
0.285487009845
0.285487009845
0.285487009845
0.285487009845
0.285487009845
0.285487009845
0.285487009845
0.285487009845
0.285487009845
0.285487009845
0.285487009845
0.285487009845
0.285487009845
0.285487009845
0.285487009845
0.285487009845
0.285487009845
0.283867754698
0.283867754698
0.283867754698
0.283867754698
0.283867754698
0.283867754698
0.283867754698
0.283867754698
0.283867754698
0.283867754698
0.283867754698
0.283867754698
0.283867754698
0.283867754698
0.283867754698
0.283867754698
0.283867754698
0.283867754698
0.283867754698
0.283867754698
0.283867754698
0.283867754698
0.283867754698
0.283867754698
0.283867754698
0.283867754698
0.283867754698
0.283867754698
0.283867754698
0.283867754698
0.283867754698
0.283867754698
0.283867754698
0.283867754698
0.283867754698
0.283867754698
0.283867754698
0.283867754698
0.283867754698
0.283867754698
0.283867754698
0.283867754698
0.283867754698
0.283867754698
0.283867754698
0.283867754698
0.283867754698
0.283867754698
0.283867754698
0.283867754698
0.283867754698
0.283867754698
0.283867754698
0.283867754698
0.283867754698
0.283867754698
0.283867754698
0.283867754698
0.283867754698
0.283867754698
0.283867754698
0.283867754698
0.283867754698
0.283867754698
0.283867754698
0.283867754698
0.283867754698
0.283867754698
0.283867754698
0.283867754698
0.283867754698
0.283867754698
0.283867754698
0.283867754698
0.283867754698
0.283867754698
0.283867754698
0.283867754698
0.283867754698
0.283867754698
0.283867754698
0.283867754698
0.283867754698
0.283867754698
0.283867754698
0.283867754698
0.283867754698
0.283867754698
0.283867754698
0.283867754698
0.283867754698
0.283867754698
0.283867754698
0.283867754698
0.283867754698
0.283867754698
0.283867754698
0.283867754698
0.283867754698
0.283867754698
0.283867754698
0.283867754698
0.283867754698
0.283867754698
0.283867754698
0.283867754698
0.283867754698
0.283867754698
0.283867754698
0.283867754698
0.283867754698
0.283867754698
0.283867754698
0.283867754698
0.283867754698
0.283867754698
0.283867754698
0.283867754698
0.283867754698
0.283867754698
0.283867754698
0.283867754698
0.283867754698
0.283867754698
0.283867754698
0.283867754698
0.283867754698
0.283867754698
0.283867754698
0.283867754698
0.283867754698
0.283867754698
0.283867754698
0.283867754698
0.283867754698
0.283867754698
0.283867754698
0.283867754698
0.283867754698
0.283867754698
0.283867754698
0.283867754698
0.283867754698
0.283867754698
0.283867754698
0.283867754698
0.283867754698
0.283867754698
0.283867754698
0.283867754698
0.283867754698
0.283867754698
0.283867754698
0.283867754698
0.283867754698
0.283867754698
0.283867754698
0.283867754698
0.283867754698
0.283867754698
0.283867754698
0.283867754698
0.283867754698
0.283867754698
0.283867754698
0.283867754698
0.283867754698
0.283867754698
0.283867754698
0.283867754698
0.283867754698
0.283867754698
0.283867754698
0.283867754698
0.283867754698
0.283867754698
0.283867754698
0.283867754698
0.283867754698
0.283867754698
0.283867754698
0.283867754698
0.283867754698
0.283867754698
0.283867754698
0.283867754698
0.283867754698
0.283867754698
0.279849135877
0.279849135877
0.279849135877
0.279849135877
0.279849135877
0.279849135877
0.279849135877
0.279849135877
0.279849135877
0.279849135877
0.279849135877
0.279849135877
