0.308195705262
0.247774693535
0.21929345327
0.20518894399
0.20518894399
0.20518894399
0.20518894399
0.199683998744
0.199683998744
0.19299763239
0.19299763239
0.19299763239
0.19299763239
0.19299763239
0.19299763239
0.19299763239
0.19299763239
0.19299763239
0.19299763239
0.19299763239
0.19299763239
0.19299763239
0.19299763239
0.19299763239
0.19299763239
0.19211791316
0.19211791316
0.19211791316
0.19211791316
0.19211791316
0.19211791316
0.19211791316
0.19211791316
0.19211791316
0.19211791316
0.19211791316
0.19211791316
0.19211791316
0.19211791316
0.19211791316
0.19211791316
0.19211791316
0.19211791316
0.19211791316
0.19211791316
0.19211791316
0.19211791316
0.19211791316
0.19211791316
0.19211791316
0.19211791316
0.19211791316
0.190983773754
0.190983773754
0.190983773754
0.190983773754
0.190983773754
0.190983773754
0.190983773754
0.190983773754
0.190983773754
0.190983773754
0.190983773754
0.190983773754
0.188595726158
0.188595726158
0.188595726158
0.188595726158
0.188595726158
0.188595726158
0.188595726158
0.188595726158
0.188595726158
0.188595726158
0.188595726158
0.188595726158
0.188595726158
0.188595726158
0.188595726158
0.188595726158
0.188595726158
0.188595726158
0.188595726158
0.188595726158
0.188595726158
0.188595726158
0.188595726158
0.188595726158
0.188595726158
0.188595726158
0.188595726158
0.188595726158
0.188595726158
0.188595726158
0.188595726158
0.188595726158
0.188595726158
0.188595726158
0.188595726158
0.188595726158
0.188595726158
0.188595726158
0.188595726158
0.188595726158
0.188595726158
0.188595726158
0.181344252344
0.181344252344
0.181344252344
0.181344252344
0.181344252344
0.181344252344
0.181344252344
0.181344252344
0.181344252344
0.181344252344
0.181344252344
0.181344252344
0.181344252344
0.181344252344
0.181344252344
0.181344252344
0.181344252344
0.181344252344
0.181344252344
0.181344252344
0.181344252344
0.181344252344
0.181344252344
0.181344252344
0.181344252344
0.181344252344
0.181344252344
0.181344252344
0.181344252344
0.181344252344
0.181344252344
0.181344252344
0.181344252344
0.181344252344
0.181344252344
0.181344252344
0.181344252344
0.181344252344
0.181344252344
0.181344252344
0.181344252344
0.181344252344
0.181344252344
0.181344252344
0.181344252344
0.181344252344
0.181344252344
0.181344252344
0.181344252344
0.181344252344
0.181344252344
0.181344252344
0.181344252344
0.181344252344
0.181344252344
0.181344252344
0.181344252344
0.181344252344
0.181344252344
0.181344252344
0.181344252344
0.181344252344
0.181344252344
0.181344252344
0.181344252344
0.181344252344
0.181344252344
0.181344252344
0.181344252344
0.181344252344
0.181344252344
0.181344252344
0.181344252344
0.181344252344
0.181344252344
0.181344252344
0.181344252344
0.181344252344
0.181344252344
0.181344252344
0.181344252344
0.181344252344
0.181344252344
0.181344252344
0.181344252344
0.181344252344
0.181344252344
0.181344252344
0.181344252344
0.181344252344
0.181344252344
0.181344252344
0.181344252344
0.181344252344
0.181344252344
0.181344252344
0.181344252344
0.181344252344
0.181344252344
0.181344252344
0.181344252344
0.181344252344
0.181344252344
0.181344252344
0.181344252344
0.181344252344
0.181344252344
0.181344252344
0.181344252344
0.181344252344
0.181344252344
0.181344252344
0.181344252344
0.181344252344
0.181344252344
0.181344252344
0.181344252344
0.181344252344
0.181344252344
0.181344252344
0.181344252344
0.181344252344
0.181344252344
0.181344252344
0.181344252344
0.181344252344
0.181344252344
0.181344252344
0.181344252344
0.181344252344
0.181344252344
0.181344252344
0.181344252344
0.181344252344
0.181344252344
0.181344252344
0.181344252344
0.181344252344
0.181344252344
0.181344252344
0.181344252344
0.181344252344
0.181344252344
0.181344252344
0.181344252344
0.181344252344
0.181344252344
0.181344252344
0.181344252344
0.181344252344
0.181344252344
0.181344252344
0.181344252344
0.181344252344
0.181344252344
0.181344252344
0.181344252344
0.181344252344
0.181344252344
0.181344252344
0.181344252344
0.180919161914
0.180919161914
0.180919161914
0.180919161914
0.180919161914
0.180919161914
0.180919161914
0.180919161914
0.180919161914
0.180919161914
0.180919161914
0.180919161914
0.180919161914
0.180919161914
0.180919161914
0.180919161914
0.180919161914
0.180919161914
0.180919161914
0.180919161914
0.180919161914
0.180919161914
0.180919161914
0.180919161914
0.180919161914
0.180919161914
0.180919161914
0.180919161914
0.180919161914
0.180919161914
0.180919161914
0.180919161914
0.180919161914
