0.307041726295
0.218323731414
0.218323731414
0.206163079988
0.200778612534
0.200778612534
0.200778612534
0.200778612534
0.200778612534
0.200778612534
0.200778612534
0.200778612534
0.200778612534
0.200778612534
0.200778612534
0.200778612534
0.200778612534
0.200778612534
0.200778612534
0.200778612534
0.200778612534
0.20008297903
0.20008297903
0.20008297903
0.20008297903
0.20008297903
0.20008297903
0.20008297903
0.20008297903
0.20008297903
0.20008297903
0.20008297903
0.20008297903
0.20008297903
0.20008297903
0.20008297903
0.20008297903
0.20008297903
0.20008297903
0.20008297903
0.20008297903
0.20008297903
0.20008297903
0.20008297903
0.20008297903
0.20008297903
0.20008297903
0.20008297903
0.20008297903
0.20008297903
0.20008297903
0.20008297903
0.20008297903
0.20008297903
0.20008297903
0.20008297903
0.20008297903
0.20008297903
0.196273179623
0.196273179623
0.196273179623
0.196273179623
0.196273179623
0.196273179623
0.196273179623
0.196273179623
0.196273179623
0.196273179623
0.196273179623
0.196273179623
0.196273179623
0.196273179623
0.196273179623
0.196273179623
0.196273179623
0.196273179623
0.196273179623
0.196273179623
0.196273179623
0.196273179623
0.196273179623
0.196273179623
0.196273179623
0.196273179623
0.196273179623
0.196273179623
0.196273179623
0.196273179623
0.196273179623
0.189234841169
0.189234841169
0.189234841169
0.189234841169
0.189234841169
0.189234841169
0.189234841169
0.189234841169
0.189234841169
0.189234841169
0.189234841169
0.189234841169
0.189234841169
0.189234841169
0.189234841169
0.189234841169
0.189234841169
0.189234841169
0.189234841169
0.189234841169
0.189234841169
0.189234841169
0.189234841169
0.189234841169
0.189234841169
0.189234841169
0.189234841169
0.189234841169
0.189234841169
0.189234841169
0.189234841169
0.189234841169
0.189234841169
0.189234841169
0.189234841169
0.189234841169
0.189234841169
0.189234841169
0.189234841169
0.189234841169
0.189234841169
0.189234841169
0.189234841169
0.189234841169
0.189234841169
0.189234841169
0.189234841169
0.189234841169
0.189234841169
0.189234841169
0.189234841169
0.189234841169
0.189234841169
0.189234841169
0.189234841169
0.189234841169
0.189234841169
0.189234841169
0.189234841169
0.189234841169
0.189234841169
0.189234841169
0.189234841169
0.189234841169
0.189234841169
0.189234841169
0.189234841169
0.189234841169
0.189234841169
0.189234841169
0.189234841169
0.189234841169
0.189234841169
0.189234841169
0.189234841169
0.189234841169
0.189234841169
0.189234841169
0.189234841169
0.189234841169
0.189234841169
0.189234841169
0.189234841169
0.189234841169
0.189234841169
0.189234841169
0.189234841169
0.189234841169
0.189234841169
0.189234841169
0.189234841169
0.189234841169
0.189234841169
0.189234841169
0.189234841169
0.189234841169
0.189234841169
0.189234841169
0.189234841169
0.189234841169
0.189234841169
0.189234841169
0.189234841169
0.189234841169
0.189234841169
0.189234841169
0.189234841169
0.189234841169
0.189234841169
0.189234841169
0.189234841169
0.189234841169
0.189234841169
0.189234841169
0.189234841169
0.189234841169
0.189234841169
0.189234841169
0.189234841169
0.189234841169
0.189234841169
0.189234841169
0.189234841169
0.189234841169
0.189234841169
0.189234841169
0.189234841169
0.189234841169
0.189234841169
0.189234841169
0.189234841169
0.189234841169
0.189234841169
0.189234841169
0.189234841169
0.189234841169
0.189234841169
0.189234841169
0.189234841169
0.189234841169
0.189234841169
0.189234841169
0.189234841169
0.189234841169
0.189234841169
0.189234841169
0.189234841169
0.189234841169
0.189234841169
0.189234841169
0.189234841169
0.189234841169
0.189234841169
0.187743527769
0.187743527769
0.187743527769
0.187743527769
0.187743527769
0.187743527769
0.187743527769
0.187743527769
0.187743527769
0.187743527769
0.187743527769
0.187743527769
0.187743527769
0.187743527769
0.187743527769
0.187743527769
0.187743527769
0.187743527769
0.187743527769
0.187743527769
0.187743527769
0.187743527769
0.187743527769
0.187743527769
0.187743527769
0.187743527769
0.187743527769
0.187743527769
0.187743527769
0.187743527769
0.187743527769
0.187743527769
0.187743527769
0.187743527769
0.187743527769
0.187743527769
0.187743527769
0.187743527769
0.187743527769
0.187743527769
0.187743527769
0.187743527769
0.187743527769
0.187743527769
0.187743527769
0.187743527769
0.187743527769
0.187743527769
0.187743527769
0.187743527769
0.187743527769
0.187743527769
0.187743527769
0.187743527769
0.187743527769
0.187743527769
0.187743527769
0.187743527769
