0.306700974005
0.236213272155
0.207690229871
0.207690229871
0.206496893306
0.203297353086
0.203297353086
0.198399911702
0.198399911702
0.198399911702
0.198399911702
0.198399911702
0.198399911702
0.198399911702
0.198399911702
0.198399911702
0.198399911702
0.198399911702
0.198399911702
0.198399911702
0.198399911702
0.198399911702
0.198399911702
0.198399911702
0.198399911702
0.198399911702
0.198399911702
0.198399911702
0.198399911702
0.198399911702
0.198399911702
0.198399911702
0.198399911702
0.198399911702
0.198399911702
0.198399911702
0.198399911702
0.198399911702
0.198399911702
0.198399911702
0.198399911702
0.198399911702
0.198399911702
0.198399911702
0.198399911702
0.198399911702
0.198399911702
0.198399911702
0.198399911702
0.198399911702
0.198399911702
0.198399911702
0.198399911702
0.198399911702
0.198399911702
0.198399911702
0.197283197678
0.197283197678
0.197283197678
0.197283197678
0.197283197678
0.197283197678
0.197283197678
0.197283197678
0.197283197678
0.197283197678
0.188114317833
0.188114317833
0.188114317833
0.188114317833
0.188114317833
0.188114317833
0.188114317833
0.188114317833
0.188114317833
0.188114317833
0.188114317833
0.188114317833
0.188114317833
0.188114317833
0.188114317833
0.188114317833
0.188114317833
0.188114317833
0.188114317833
0.188114317833
0.188114317833
0.188114317833
0.188114317833
0.188114317833
0.183992433174
0.183992433174
0.183992433174
0.183992433174
0.183992433174
0.183992433174
0.183992433174
0.183992433174
0.183992433174
0.183992433174
0.183992433174
0.183992433174
0.183992433174
0.183992433174
0.183992433174
0.183992433174
0.183992433174
0.183992433174
0.183992433174
0.183992433174
0.183992433174
0.183992433174
0.183992433174
0.183992433174
0.183992433174
0.183992433174
0.183992433174
0.183992433174
0.183992433174
0.183992433174
0.183992433174
0.183992433174
0.183992433174
0.183992433174
0.183992433174
0.183992433174
0.183992433174
0.183992433174
0.183992433174
0.183992433174
0.183992433174
0.183992433174
0.183992433174
0.183992433174
0.183992433174
0.183992433174
0.183992433174
0.183992433174
0.183992433174
0.183992433174
0.183992433174
0.183992433174
0.183992433174
0.183992433174
0.183992433174
0.183992433174
0.183992433174
0.183992433174
0.183992433174
0.183992433174
0.183992433174
0.183992433174
0.183992433174
0.183992433174
0.183992433174
0.183992433174
0.183992433174
0.183992433174
0.183992433174
0.183992433174
0.183992433174
0.183992433174
0.183992433174
0.183992433174
0.183992433174
0.183992433174
0.183992433174
0.183992433174
0.183992433174
0.183992433174
0.183992433174
0.183992433174
0.183992433174
0.183992433174
0.183992433174
0.183992433174
0.183992433174
0.183992433174
0.183992433174
0.183992433174
0.183992433174
0.183992433174
0.183992433174
0.183992433174
0.183992433174
0.183992433174
0.183992433174
0.183992433174
0.183992433174
0.183992433174
0.183992433174
0.183992433174
0.183992433174
0.183992433174
0.183992433174
0.183992433174
0.183992433174
0.183992433174
0.183992433174
0.183992433174
0.183992433174
0.183992433174
0.183992433174
0.183992433174
0.183992433174
0.183992433174
0.183992433174
0.183992433174
0.183992433174
0.183992433174
0.183992433174
0.183992433174
0.183992433174
0.183992433174
0.183992433174
0.183992433174
0.183992433174
0.183992433174
0.183992433174
0.183992433174
0.183992433174
0.183992433174
0.183992433174
0.183992433174
0.183992433174
0.183992433174
0.183992433174
0.183992433174
0.183992433174
0.183992433174
0.183992433174
0.183992433174
0.183992433174
0.183992433174
0.183992433174
0.183992433174
0.183992433174
0.183992433174
0.183992433174
0.183992433174
0.183992433174
0.183992433174
0.183992433174
0.183992433174
0.183992433174
0.183992433174
0.183992433174
0.183992433174
0.183992433174
0.183992433174
0.183992433174
0.183992433174
0.183992433174
0.183992433174
0.183992433174
0.183992433174
0.183992433174
0.183992433174
0.183992433174
0.183992433174
0.183992433174
0.183992433174
0.183992433174
0.183992433174
0.183992433174
0.183992433174
0.183992433174
0.183992433174
0.183992433174
0.183992433174
0.183992433174
0.183992433174
0.183992433174
0.183992433174
0.183992433174
0.183992433174
0.183992433174
0.183992433174
0.183992433174
0.183992433174
0.183992433174
0.183992433174
0.183992433174
0.183992433174
0.183992433174
0.183992433174
0.183992433174
0.183992433174
0.183992433174
0.183992433174
0.183992433174
0.183992433174
0.183992433174
0.183992433174
0.183992433174
0.183992433174
0.183992433174
0.183992433174
0.183992433174
0.183992433174
0.276539402506
0.226643893989
