0.403522286844
0.324281507479
0.305925452296
0.302199897959
0.302199897959
0.298624536659
0.298624536659
0.298624536659
0.298624536659
0.293980743626
0.293980743626
0.293980743626
0.293980743626
0.293980743626
0.293980743626
0.293980743626
0.293980743626
0.293980743626
0.293980743626
0.293511385783
0.293511385783
0.293511385783
0.292218439973
0.292218439973
0.292218439973
0.292218439973
0.292218439973
0.292218439973
0.289496708657
0.289496708657
0.289496708657
0.289496708657
0.289496708657
0.289496708657
0.289496708657
0.289496708657
0.289496708657
0.289496708657
0.289496708657
0.289496708657
0.289496708657
0.289496708657
0.289496708657
0.289496708657
0.289496708657
0.289496708657
0.289496708657
0.289496708657
0.289496708657
0.289496708657
0.289496708657
0.289496708657
0.289496708657
0.289496708657
0.289496708657
0.289496708657
0.289496708657
0.289496708657
0.289121591586
0.289121591586
0.289121591586
0.289121591586
0.289121591586
0.289121591586
0.289121591586
0.289121591586
0.289121591586
0.289121591586
0.289121591586
0.289121591586
0.289121591586
0.289121591586
0.289121591586
0.289121591586
0.289121591586
0.2883571966
0.2883571966
0.2883571966
0.2883571966
0.2883571966
0.2883571966
0.2883571966
0.2883571966
0.2883571966
0.2883571966
0.2883571966
0.2883571966
0.2883571966
0.2883571966
0.2883571966
0.2883571966
0.2883571966
0.2883571966
0.2883571966
0.2883571966
0.2883571966
0.2883571966
0.2883571966
0.2883571966
0.2883571966
0.2883571966
0.2883571966
0.2883571966
0.2883571966
0.2883571966
0.2883571966
0.2883571966
0.2883571966
0.2883571966
0.2883571966
0.2883571966
0.2883571966
0.2883571966
0.2883571966
0.2883571966
0.2883571966
0.2883571966
0.2883571966
0.2883571966
0.2883571966
0.2883571966
0.2883571966
0.2883571966
0.2883571966
0.2883571966
0.2883571966
0.2883571966
0.2883571966
0.2883571966
0.2883571966
0.2883571966
0.2883571966
0.2883571966
0.2883571966
0.2883571966
0.2883571966
0.2883571966
0.2883571966
0.2883571966
0.2883571966
0.2883571966
0.2883571966
0.2883571966
0.2883571966
0.2883571966
0.2883571966
0.2883571966
0.2883571966
0.2883571966
0.2883571966
0.2883571966
0.2883571966
0.2883571966
0.2883571966
0.2883571966
0.2883571966
0.2883571966
0.2883571966
0.2883571966
0.2883571966
0.2883571966
0.2883571966
0.2883571966
0.2883571966
0.2883571966
0.2883571966
0.2883571966
0.2883571966
0.2883571966
0.2883571966
0.2883571966
0.2883571966
0.2883571966
0.2883571966
0.2883571966
0.2883571966
0.2883571966
0.2883571966
0.2883571966
0.2883571966
0.2883571966
0.2883571966
0.2883571966
0.2883571966
0.2883571966
0.2883571966
0.2883571966
0.2883571966
0.2883571966
0.2883571966
0.2883571966
0.2883571966
0.2883571966
0.2883571966
0.2883571966
0.2883571966
0.2883571966
0.2883571966
0.2883571966
0.2883571966
0.2883571966
0.2883571966
0.2883571966
0.2883571966
0.2883571966
0.2883571966
0.2883571966
0.2883571966
0.2883571966
0.2883571966
0.2883571966
0.2883571966
0.2883571966
0.2883571966
0.2883571966
0.2883571966
0.2883571966
0.2883571966
0.2883571966
0.2883571966
0.2883571966
0.2883571966
0.2883571966
0.2883571966
0.2883571966
0.2883571966
0.2883571966
0.2883571966
0.2883571966
0.2883571966
0.2883571966
0.2883571966
0.2883571966
0.2883571966
0.2883571966
0.2883571966
0.2883571966
0.2883571966
0.2883571966
0.2883571966
0.2883571966
0.2883571966
0.2883571966
0.2883571966
0.2883571966
0.2883571966
0.2883571966
0.2883571966
0.2883571966
0.287189057436
0.287189057436
0.287189057436
0.287189057436
0.287189057436
0.287189057436
0.287189057436
0.287189057436
0.287189057436
0.287189057436
0.287189057436
0.287189057436
0.287189057436
0.287189057436
0.287189057436
0.287189057436
0.287189057436
0.287189057436
0.287189057436
0.287189057436
0.287189057436
0.287189057436
0.287189057436
0.287189057436
0.287189057436
0.287189057436
0.287189057436
0.287189057436
0.287189057436
0.287189057436
0.287189057436
0.287189057436
0.287189057436
0.287189057436
0.287189057436
0.287189057436
0.287189057436
0.287189057436
0.287189057436
0.287189057436
0.287189057436
0.287189057436
0.287189057436
0.287189057436
0.287189057436
0.287189057436
0.287189057436
0.287189057436
0.287189057436
0.287189057436
0.287189057436
0.287189057436
0.287189057436
0.287189057436
0.287189057436
0.287189057436
0.287189057436
0.287189057436
0.287189057436
0.287189057436
0.287189057436
0.287189057436
0.287189057436
0.287189057436
0.287189057436
0.287189057436
0.287189057436
0.287189057436
0.287189057436
0.287189057436
0.287189057436
0.287189057436
0.287189057436
0.287189057436
0.287189057436
0.287189057436
0.287189057436
0.287189057436
0.287189057436
0.287189057436
0.287189057436
0.287189057436
0.287189057436
0.287189057436
0.287189057436
0.287189057436
0.287189057436
0.287189057436
0.287189057436
0.287189057436
0.287189057436
0.287189057436
0.287189057436
0.287189057436
0.287189057436
0.287189057436
0.287189057436
0.287189057436
0.287189057436
0.287189057436
0.287189057436
0.287189057436
0.287189057436
0.287189057436
0.287189057436
0.287189057436
0.287189057436
0.287189057436
0.287189057436
0.287189057436
0.287189057436
0.287189057436
0.287189057436
0.287189057436
0.287189057436
0.287189057436
0.287189057436
0.287189057436
0.287189057436
0.287189057436
0.287189057436
0.287189057436
0.287189057436
0.287189057436
0.287189057436
0.287189057436
0.287189057436
0.287189057436
0.287189057436
0.287189057436
0.287189057436
0.287189057436
0.287189057436
0.287189057436
0.287189057436
0.287189057436
0.287189057436
0.287189057436
0.287189057436
0.287189057436
0.287189057436
0.287189057436
0.287189057436
0.287189057436
0.287189057436
0.287189057436
0.287189057436
0.287189057436
0.287189057436
0.287189057436
0.287189057436
