0.29768736566
0.25091582689
0.227069716512
0.217602399021
0.200652437241
0.200652437241
0.200652437241
0.200652437241
0.200652437241
0.200652437241
0.200652437241
0.200652437241
0.200652437241
0.200652437241
0.200652437241
0.200652437241
0.200652437241
0.200652437241
0.196751201671
0.196751201671
0.184185709551
0.184185709551
0.184185709551
0.184185709551
0.184185709551
0.184185709551
0.184185709551
0.184185709551
0.184185709551
0.184185709551
0.184185709551
0.184185709551
0.184185709551
0.184185709551
0.184185709551
0.184185709551
0.184185709551
0.184185709551
0.184185709551
0.184185709551
0.184185709551
0.184185709551
0.184185709551
0.184185709551
0.184185709551
0.184185709551
0.184185709551
0.184185709551
0.184185709551
0.184185709551
0.184185709551
0.184185709551
0.184185709551
0.184185709551
0.184185709551
0.184185709551
0.184185709551
0.184185709551
0.184185709551
0.184185709551
0.184185709551
0.184185709551
0.184185709551
0.184185709551
0.184185709551
0.184185709551
0.184185709551
0.184185709551
0.184185709551
0.184185709551
0.184185709551
0.184185709551
0.184185709551
0.184185709551
0.184185709551
0.184185709551
0.184185709551
0.184185709551
0.184185709551
0.184185709551
0.184185709551
0.184185709551
0.184185709551
0.184185709551
0.184185709551
0.184185709551
0.184185709551
0.184185709551
0.184185709551
0.184185709551
0.184185709551
0.184185709551
0.184185709551
0.184185709551
0.184185709551
0.184185709551
0.184185709551
0.184185709551
0.184185709551
0.184185709551
0.184185709551
0.184185709551
0.184185709551
0.184185709551
0.184185709551
0.184185709551
0.184185709551
0.184185709551
0.184185709551
0.184185709551
0.184185709551
0.184185709551
0.184185709551
0.184185709551
0.184185709551
0.184185709551
0.184185709551
0.184185709551
0.184185709551
0.184185709551
0.184185709551
0.184185709551
0.184185709551
0.184185709551
0.184185709551
0.184185709551
0.184185709551
0.184185709551
0.184185709551
0.184185709551
0.184185709551
0.184185709551
0.184185709551
0.184185709551
0.184185709551
0.184185709551
0.184185709551
0.184185709551
0.184185709551
0.184185709551
0.184185709551
0.184185709551
0.184185709551
0.184185709551
0.184185709551
0.184185709551
0.184185709551
0.184185709551
0.184185709551
0.184185709551
0.184185709551
0.184185709551
0.184185709551
0.184185709551
0.184185709551
0.184185709551
0.184185709551
0.184185709551
0.184185709551
0.184185709551
0.184185709551
0.184185709551
0.184185709551
0.184185709551
0.184185709551
0.184185709551
0.184185709551
0.184185709551
0.184185709551
0.184185709551
0.184185709551
0.184185709551
0.184185709551
0.184185709551
0.184185709551
0.184185709551
0.184185709551
0.184185709551
0.184185709551
0.184185709551
0.184185709551
0.184185709551
0.184185709551
0.184185709551
0.184185709551
0.184185709551
0.184185709551
0.184185709551
0.184185709551
0.184185709551
0.184185709551
0.184185709551
0.184185709551
0.184185709551
0.184185709551
0.184185709551
0.184185709551
0.184185709551
0.184185709551
0.184185709551
0.184185709551
0.184185709551
0.184185709551
0.184185709551
0.184185709551
0.184185709551
0.184185709551
0.184185709551
0.184185709551
0.184185709551
0.184185709551
0.184185709551
0.184185709551
0.184185709551
0.184185709551
0.184185709551
0.184185709551
0.184185709551
0.184185709551
0.184185709551
0.184185709551
0.184185709551
0.184185709551
0.184185709551
0.184185709551
0.184185709551
0.184185709551
0.184185709551
0.184185709551
0.184185709551
0.184185709551
0.184185709551
0.184185709551
0.184185709551
0.184185709551
0.184185709551
0.184185709551
0.184185709551
0.184185709551
0.184185709551
0.184185709551
0.184185709551
0.184185709551
0.184185709551
0.184185709551
0.184185709551
0.184185709551
0.184185709551
0.184185709551
0.184185709551
0.184185709551
0.184185709551
0.184185709551
0.184185709551
0.184185709551
0.184185709551
0.184185709551
0.184185709551
0.184185709551
0.184185709551
0.184185709551
0.184185709551
0.184185709551
0.184185709551
0.184185709551
0.184185709551
0.184185709551
0.184185709551
0.184185709551
0.184185709551
0.184185709551
0.184185709551
0.184185709551
0.184185709551
0.184185709551
0.184185709551
0.184185709551
0.184185709551
0.184185709551
0.184185709551
0.184185709551
0.184185709551
0.184185709551
0.184185709551
0.184185709551
0.184185709551
0.184185709551
0.184185709551
0.184185709551
0.184185709551
0.184185709551
0.184185709551
0.184185709551
0.184185709551
0.184185709551
0.184185709551
0.184185709551
0.184185709551
0.184185709551
0.184185709551
