0.288376378959
0.240934950703
0.220163316959
0.194892438934
0.194892438934
0.194892438934
0.194892438934
0.194892438934
0.193222005895
0.193222005895
0.193222005895
0.193222005895
0.193222005895
0.193222005895
0.193222005895
0.193222005895
0.193222005895
0.193222005895
0.193222005895
0.193222005895
0.193222005895
0.193222005895
0.193222005895
0.193222005895
0.193222005895
0.193222005895
0.193222005895
0.193222005895
0.193222005895
0.193222005895
0.193222005895
0.193222005895
0.193222005895
0.193222005895
0.193222005895
0.193222005895
0.193222005895
0.193222005895
0.193222005895
0.193222005895
0.193222005895
0.193222005895
0.193222005895
0.189278611747
0.189278611747
0.189278611747
0.189278611747
0.189278611747
0.189278611747
0.189278611747
0.189278611747
0.189278611747
0.189278611747
0.189278611747
0.189278611747
0.189278611747
0.189278611747
0.189278611747
0.189278611747
0.189278611747
0.189278611747
0.189278611747
0.189278611747
0.189278611747
0.189278611747
0.189278611747
0.189278611747
0.189278611747
0.189278611747
0.189278611747
0.189278611747
0.189278611747
0.189278611747
0.189278611747
0.189278611747
0.189278611747
0.189278611747
0.189278611747
0.189278611747
0.189278611747
0.189278611747
0.189278611747
0.189278611747
0.189278611747
0.189278611747
0.189278611747
0.189278611747
0.189278611747
0.189278611747
0.189278611747
0.189278611747
0.189278611747
0.189278611747
0.189278611747
0.189278611747
0.189278611747
0.189278611747
0.189278611747
0.189278611747
0.189278611747
0.189278611747
0.189278611747
0.189278611747
0.189278611747
0.189278611747
0.189278611747
0.189278611747
0.189278611747
0.189278611747
0.189278611747
0.189278611747
0.189278611747
0.189278611747
0.189278611747
0.189278611747
0.189278611747
0.189278611747
0.189278611747
0.189278611747
0.189278611747
0.189278611747
0.189278611747
0.189278611747
0.189278611747
0.189278611747
0.189278611747
0.189278611747
0.189278611747
0.189278611747
0.189278611747
0.189278611747
0.189278611747
0.189278611747
0.189278611747
0.189278611747
0.189278611747
0.189278611747
0.189278611747
0.189278611747
0.189278611747
0.189278611747
0.189278611747
0.189278611747
0.189278611747
0.189278611747
0.189278611747
0.189278611747
0.189278611747
0.189278611747
0.188760451876
0.188760451876
0.188760451876
0.188760451876
0.188760451876
0.188760451876
0.188760451876
0.188760451876
0.188760451876
0.188760451876
0.188760451876
0.188760451876
0.188760451876
0.188760451876
0.188760451876
0.188760451876
0.183790576997
0.183790576997
0.183790576997
0.183790576997
0.183790576997
0.183790576997
0.183790576997
0.183790576997
0.183790576997
0.183790576997
0.183790576997
0.183790576997
0.183790576997
0.183790576997
0.183790576997
0.183790576997
0.183790576997
0.183790576997
0.183790576997
0.183790576997
0.183790576997
0.183790576997
0.183790576997
0.183790576997
0.183790576997
0.183790576997
0.183790576997
0.183790576997
0.183790576997
0.183790576997
0.183790576997
0.183790576997
0.183790576997
0.183790576997
0.183790576997
0.183790576997
0.183790576997
0.183790576997
0.183790576997
0.183790576997
0.183790576997
0.183790576997
0.183790576997
0.183790576997
0.183790576997
0.183790576997
0.183790576997
0.183790576997
0.183790576997
0.183790576997
0.183790576997
0.183790576997
0.183790576997
0.183790576997
0.183790576997
0.183790576997
0.183790576997
0.183790576997
0.183790576997
0.183790576997
0.183790576997
0.183790576997
0.183790576997
0.183790576997
0.183790576997
0.183790576997
0.183790576997
0.183790576997
0.183790576997
0.183790576997
0.183790576997
0.183790576997
0.183790576997
0.183790576997
0.183790576997
0.183790576997
0.183790576997
0.183790576997
0.183790576997
0.183790576997
0.183790576997
0.183790576997
0.183790576997
0.183790576997
0.183790576997
0.183790576997
0.183790576997
0.183790576997
0.183790576997
0.183790576997
0.183790576997
0.183790576997
0.183790576997
0.183790576997
0.183790576997
0.183790576997
0.183790576997
0.183790576997
0.183790576997
0.183790576997
0.183790576997
0.183790576997
0.183790576997
0.183790576997
0.183790576997
0.183790576997
0.183790576997
0.183790576997
0.183790576997
0.183790576997
0.183790576997
0.183790576997
0.183790576997
0.183790576997
0.183790576997
0.183790576997
0.183790576997
0.183790576997
0.183790576997
0.183790576997
0.183790576997
0.183790576997
0.183790576997
0.183790576997
0.183790576997
0.183790576997
0.183790576997
0.183790576997
0.183790576997
0.183790576997
0.183790576997
0.183790576997
0.183790576997
0.183790576997
0.183790576997
