0.342598006512
0.247115689694
0.22750092872
0.213329895344
0.213329895344
0.213329895344
0.213329895344
0.200761136911
0.200761136911
0.200761136911
0.200761136911
0.200761136911
0.200761136911
0.200761136911
0.200761136911
0.200761136911
0.200761136911
0.200761136911
0.193640614469
0.193640614469
0.193640614469
0.193640614469
0.193640614469
0.193640614469
0.193640614469
0.193640614469
0.193640614469
0.193640614469
0.193640614469
0.193640614469
0.193640614469
0.193640614469
0.193640614469
0.193640614469
0.193640614469
0.193640614469
0.192933619591
0.192933619591
0.192933619591
0.192933619591
0.192933619591
0.192933619591
0.192933619591
0.192933619591
0.192933619591
0.192933619591
0.192933619591
0.192933619591
0.192933619591
0.192933619591
0.192933619591
0.192933619591
0.192933619591
0.192933619591
0.192933619591
0.192933619591
0.192933619591
0.192933619591
0.192933619591
0.192933619591
0.192933619591
0.192933619591
0.192933619591
0.192933619591
0.192933619591
0.192933619591
0.192933619591
0.192933619591
0.192933619591
0.192933619591
0.192933619591
0.192933619591
0.192933619591
0.192933619591
0.192933619591
0.192933619591
0.192933619591
0.192933619591
0.192933619591
0.192933619591
0.192933619591
0.192933619591
0.192933619591
0.192933619591
0.192933619591
0.192933619591
0.192933619591
0.192933619591
0.192933619591
0.192933619591
0.192933619591
0.192933619591
0.192933619591
0.192933619591
0.192933619591
0.192933619591
0.192933619591
0.192933619591
0.192933619591
0.192933619591
0.186112421527
0.186112421527
0.186112421527
0.186112421527
0.186112421527
0.186112421527
0.186112421527
0.186112421527
0.186112421527
0.186112421527
0.186112421527
0.186112421527
0.186112421527
0.186112421527
0.186112421527
0.186112421527
0.186112421527
0.186112421527
0.186112421527
0.186112421527
0.186112421527
0.186112421527
0.186112421527
0.186112421527
0.186112421527
0.186112421527
0.186112421527
0.186112421527
0.186112421527
0.186112421527
0.186112421527
0.186112421527
0.186112421527
0.186112421527
0.186112421527
0.186112421527
0.186112421527
0.183412362943
0.183412362943
0.183412362943
0.183412362943
0.183412362943
0.183412362943
0.183412362943
0.183412362943
0.183412362943
0.183412362943
0.183412362943
0.183412362943
0.183412362943
0.183412362943
0.183412362943
0.183412362943
0.183412362943
0.183412362943
0.183412362943
0.183412362943
0.183412362943
0.183412362943
0.183412362943
0.183412362943
0.183412362943
0.183412362943
0.183412362943
0.183412362943
0.183412362943
0.183412362943
0.183412362943
0.183412362943
0.183412362943
0.183412362943
0.183412362943
0.183412362943
0.183412362943
0.183412362943
0.183412362943
0.183412362943
0.183412362943
0.183412362943
0.183412362943
0.183412362943
0.183412362943
0.183412362943
0.183412362943
0.183412362943
0.183412362943
0.183412362943
0.183412362943
0.183412362943
0.183412362943
0.183412362943
0.183412362943
0.183412362943
0.183412362943
0.183412362943
0.183412362943
0.183412362943
0.183412362943
0.183412362943
0.183412362943
0.183412362943
0.183412362943
0.183412362943
0.183412362943
0.183412362943
0.183412362943
0.183412362943
0.183412362943
0.183412362943
0.183412362943
0.183412362943
0.183412362943
0.183412362943
0.183412362943
0.183412362943
0.183412362943
0.183412362943
0.183412362943
0.183412362943
0.183412362943
0.183412362943
0.183412362943
0.183412362943
0.183412362943
0.183412362943
0.183412362943
0.183412362943
0.183412362943
0.183412362943
0.183412362943
0.183412362943
0.183412362943
0.183412362943
0.183412362943
0.183412362943
0.183412362943
0.183412362943
0.183412362943
0.183412362943
0.183412362943
0.183412362943
0.183412362943
0.183412362943
0.183412362943
0.183412362943
0.183412362943
0.183412362943
0.183412362943
0.183412362943
0.183412362943
0.183412362943
0.183412362943
0.183412362943
0.183412362943
0.183412362943
0.183412362943
0.183412362943
0.183412362943
0.183412362943
0.183412362943
0.183412362943
0.183412362943
0.183412362943
0.183412362943
0.183412362943
0.183412362943
0.183412362943
0.183412362943
0.183412362943
0.183412362943
0.183412362943
0.183412362943
0.183412362943
0.183412362943
0.183412362943
0.183412362943
0.183412362943
0.183412362943
0.183412362943
0.183412362943
0.183412362943
0.183412362943
0.183412362943
0.183412362943
0.183412362943
0.183412362943
0.183412362943
0.183412362943
0.183412362943
0.183412362943
0.183412362943
0.183412362943
0.183412362943
0.183412362943
0.183412362943
0.183412362943
0.183412362943
0.172037051327
0.172037051327
0.172037051327
