0.307801955184
0.230674217364
0.211283758845
0.211283758845
0.196750484521
0.196750484521
0.192759380577
0.192759380577
0.192759380577
0.192759380577
0.192759380577
0.192759380577
0.192759380577
0.192759380577
0.192759380577
0.192759380577
0.192759380577
0.192759380577
0.192759380577
0.192759380577
0.192759380577
0.192759380577
0.192759380577
0.192759380577
0.192759380577
0.192759380577
0.192759380577
0.192759380577
0.192759380577
0.192759380577
0.189056414761
0.189056414761
0.189056414761
0.189056414761
0.189056414761
0.189056414761
0.189056414761
0.189056414761
0.189056414761
0.189056414761
0.189056414761
0.189056414761
0.189056414761
0.189056414761
0.189056414761
0.189056414761
0.189056414761
0.189056414761
0.189056414761
0.189056414761
0.189056414761
0.189056414761
0.189056414761
0.189056414761
0.189056414761
0.189056414761
0.189056414761
0.189056414761
0.189056414761
0.189056414761
0.189056414761
0.189056414761
0.189056414761
0.189056414761
0.189056414761
0.189056414761
0.189056414761
0.189056414761
0.189056414761
0.189056414761
0.189056414761
0.189056414761
0.189056414761
0.189056414761
0.189056414761
0.189056414761
0.189056414761
0.189056414761
0.189056414761
0.189056414761
0.189056414761
0.189056414761
0.189056414761
0.189056414761
0.189056414761
0.189056414761
0.189056414761
0.189056414761
0.189056414761
0.189056414761
0.189056414761
0.189056414761
0.189056414761
0.189056414761
0.189056414761
0.189056414761
0.189056414761
0.189056414761
0.189056414761
0.189056414761
0.189056414761
0.189056414761
0.189056414761
0.189056414761
0.189056414761
0.189056414761
0.189056414761
0.189056414761
0.189056414761
0.189056414761
0.189056414761
0.189056414761
0.189056414761
0.189056414761
0.189056414761
0.189056414761
0.189056414761
0.189056414761
0.189056414761
0.189056414761
0.189056414761
0.189056414761
0.189056414761
0.189056414761
0.189056414761
0.189056414761
0.189056414761
0.189056414761
0.189056414761
0.189056414761
0.189056414761
0.189056414761
0.189056414761
0.189056414761
0.189056414761
0.189056414761
0.189056414761
0.189056414761
0.189056414761
0.189056414761
0.189056414761
0.189056414761
0.189056414761
0.189056414761
0.189056414761
0.189056414761
0.189056414761
0.189056414761
0.189056414761
0.189056414761
0.189056414761
0.189056414761
0.189056414761
0.189056414761
0.189056414761
0.189056414761
0.189056414761
0.189056414761
0.189056414761
0.189056414761
0.189056414761
0.189056414761
0.189056414761
0.189056414761
0.189056414761
0.189056414761
0.189056414761
0.189056414761
0.189056414761
0.189056414761
0.189056414761
0.189056414761
0.189056414761
0.189056414761
0.189056414761
0.189056414761
0.189056414761
0.189056414761
0.189056414761
0.189056414761
0.185075098699
0.185075098699
0.185075098699
0.185075098699
0.185075098699
0.185075098699
0.185075098699
0.185075098699
0.185075098699
0.185075098699
0.185075098699
0.185075098699
0.185075098699
0.185075098699
0.185075098699
0.185075098699
0.185075098699
0.185075098699
0.185075098699
0.185075098699
0.185075098699
0.185075098699
0.185075098699
0.185075098699
0.185075098699
0.185075098699
0.185075098699
0.185075098699
0.185075098699
0.185075098699
0.185075098699
0.185075098699
0.185075098699
0.185075098699
0.185075098699
0.185075098699
0.185075098699
0.185075098699
0.185075098699
0.185075098699
0.185075098699
0.185075098699
0.185075098699
0.185075098699
0.185075098699
0.185075098699
0.185075098699
0.185075098699
0.185075098699
0.185075098699
0.185075098699
0.185075098699
0.185075098699
0.185075098699
0.185075098699
0.185075098699
0.185075098699
0.185075098699
0.185075098699
0.185075098699
0.185075098699
0.185075098699
0.185075098699
0.185075098699
0.185075098699
0.185075098699
0.185075098699
0.185075098699
0.185075098699
0.185075098699
0.185075098699
0.185075098699
0.185075098699
0.185075098699
0.185075098699
0.185075098699
0.185075098699
0.185075098699
0.185075098699
0.185075098699
0.185075098699
0.185075098699
0.185075098699
0.185075098699
0.185075098699
0.185075098699
0.185075098699
0.185075098699
0.185075098699
0.185075098699
0.185075098699
0.185075098699
0.185075098699
0.185075098699
0.185075098699
0.185075098699
0.185075098699
0.185075098699
0.185075098699
0.185075098699
0.185075098699
0.185075098699
0.185075098699
0.185075098699
0.185075098699
0.185075098699
0.185075098699
0.185075098699
0.185075098699
0.185075098699
0.185075098699
0.185075098699
0.185075098699
0.185075098699
0.185075098699
0.185075098699
0.185075098699
0.185075098699
0.185075098699
0.185075098699
