0.312793510459
0.240075815878
0.214154019675
0.200333680158
0.200333680158
0.200333680158
0.200333680158
0.200333680158
0.200333680158
0.200333680158
0.200333680158
0.200333680158
0.198886243077
0.198886243077
0.198886243077
0.198886243077
0.198886243077
0.198886243077
0.198886243077
0.198886243077
0.198886243077
0.198886243077
0.198886243077
0.198886243077
0.198886243077
0.198886243077
0.198886243077
0.198886243077
0.198886243077
0.198886243077
0.198886243077
0.198886243077
0.197903476549
0.197903476549
0.197903476549
0.197903476549
0.197903476549
0.197903476549
0.197903476549
0.197903476549
0.197903476549
0.197903476549
0.197903476549
0.197903476549
0.197903476549
0.197903476549
0.197903476549
0.197903476549
0.197903476549
0.197903476549
0.197903476549
0.197903476549
0.197903476549
0.197903476549
0.197903476549
0.197903476549
0.197903476549
0.197903476549
0.197903476549
0.193977314677
0.193977314677
0.193977314677
0.193977314677
0.193977314677
0.193977314677
0.193977314677
0.193977314677
0.193977314677
0.193977314677
0.193977314677
0.193977314677
0.193977314677
0.193977314677
0.193977314677
0.193977314677
0.193977314677
0.193977314677
0.193977314677
0.193977314677
0.193977314677
0.193977314677
0.193977314677
0.193977314677
0.193977314677
0.193977314677
0.191726128821
0.191726128821
0.191726128821
0.191726128821
0.191726128821
0.191726128821
0.191726128821
0.191726128821
0.191726128821
0.191726128821
0.191726128821
0.191726128821
0.191726128821
0.191726128821
0.191726128821
0.191726128821
0.191726128821
0.191726128821
0.18738430674
0.18738430674
0.18738430674
0.18738430674
0.18738430674
0.18738430674
0.18738430674
0.18738430674
0.18738430674
0.18738430674
0.18738430674
0.18738430674
0.18738430674
0.18738430674
0.18738430674
0.18738430674
0.18738430674
0.18738430674
0.18738430674
0.18738430674
0.18738430674
0.18738430674
0.18738430674
0.18738430674
0.18738430674
0.18738430674
0.18738430674
0.18738430674
0.18738430674
0.18738430674
0.18738430674
0.18738430674
0.18738430674
0.18738430674
0.18738430674
0.18738430674
0.18738430674
0.18738430674
0.18738430674
0.18738430674
0.18738430674
0.18738430674
0.18738430674
0.18738430674
0.18738430674
0.18738430674
0.18738430674
0.18738430674
0.18738430674
0.18738430674
0.18738430674
0.18738430674
0.18738430674
0.18738430674
0.18738430674
0.18738430674
0.18738430674
0.18738430674
0.18738430674
0.18738430674
0.18738430674
0.18738430674
0.18738430674
0.18738430674
0.18738430674
0.18738430674
0.18738430674
0.18738430674
0.18738430674
0.18738430674
0.18738430674
0.18738430674
0.18738430674
0.18738430674
0.18738430674
0.18738430674
0.18738430674
0.18738430674
0.18738430674
0.18738430674
0.18738430674
0.18738430674
0.18738430674
0.18738430674
0.18738430674
0.18738430674
0.18738430674
0.18738430674
0.18738430674
0.18738430674
0.18738430674
0.18738430674
0.18738430674
0.18738430674
0.18738430674
0.18738430674
0.18738430674
0.18738430674
0.18738430674
0.18738430674
0.18738430674
0.18738430674
0.18738430674
0.18738430674
0.18738430674
0.18738430674
0.18738430674
0.18738430674
0.18738430674
0.18738430674
0.18738430674
0.18738430674
0.18738430674
0.18738430674
0.18738430674
0.18738430674
0.18738430674
0.18738430674
0.18738430674
0.18738430674
0.18738430674
0.18738430674
0.18738430674
0.18738430674
0.18738430674
0.18738430674
0.18738430674
0.18738430674
0.18738430674
0.18738430674
0.18738430674
0.18738430674
0.18738430674
0.18738430674
0.18738430674
0.18738430674
0.18738430674
0.18738430674
0.18738430674
0.18738430674
0.18738430674
0.18738430674
0.18738430674
0.18738430674
0.18738430674
0.18738430674
0.18738430674
0.18738430674
0.18738430674
0.18738430674
0.18738430674
0.18738430674
0.18738430674
0.18738430674
0.18738430674
0.18738430674
0.18738430674
0.18738430674
0.18738430674
0.18738430674
0.18738430674
0.18738430674
0.18738430674
0.18738430674
0.18738430674
0.18738430674
0.18738430674
0.18738430674
0.18738430674
0.18738430674
0.18738430674
0.18738430674
0.18738430674
0.18738430674
0.18738430674
0.18738430674
0.18738430674
0.18738430674
0.18738430674
0.18738430674
0.18738430674
0.18738430674
0.18738430674
0.18738430674
0.18738430674
0.18738430674
0.18738430674
0.18738430674
0.18738430674
0.18738430674
0.18738430674
0.18738430674
0.18738430674
0.18738430674
0.18738430674
0.18738430674
0.18738430674
