0.427677690601
0.33149940855
0.302042103628
0.299759110092
0.299759110092
0.296526330348
0.296526330348
0.291153267027
0.290584450579
0.290584450579
0.290584450579
0.290584450579
0.290584450579
0.290584450579
0.290584450579
0.290584450579
0.290584450579
0.290584450579
0.290584450579
0.290584450579
0.290584450579
0.290584450579
0.290584450579
0.290584450579
0.290584450579
0.290584450579
0.290584450579
0.290584450579
0.290584450579
0.290584450579
0.290584450579
0.290584450579
0.287489964476
0.287489964476
0.287489964476
0.287489964476
0.287489964476
0.287489964476
0.287489964476
0.287489964476
0.287489964476
0.287489964476
0.287489964476
0.286747658496
0.286747658496
0.282510265307
0.282510265307
0.282510265307
0.282510265307
0.282510265307
0.282510265307
0.282510265307
0.282510265307
0.282510265307
0.282510265307
0.282510265307
0.282510265307
0.282510265307
0.282510265307
0.282510265307
0.282510265307
0.282510265307
0.282510265307
0.282510265307
0.282510265307
0.282510265307
0.282510265307
0.282510265307
0.282510265307
0.282510265307
0.282510265307
0.282510265307
0.282510265307
0.282510265307
0.282510265307
0.282510265307
0.282510265307
0.282510265307
0.282510265307
0.282510265307
0.282510265307
0.282510265307
0.282510265307
0.282510265307
0.282510265307
0.282510265307
0.282510265307
0.282510265307
0.282510265307
0.282510265307
0.282510265307
0.282510265307
0.281709299242
0.281709299242
0.281709299242
0.281709299242
0.281709299242
0.281709299242
0.281709299242
0.281709299242
0.281709299242
0.281709299242
0.281709299242
0.281709299242
0.281709299242
0.281709299242
0.281709299242
0.281709299242
0.281709299242
0.281709299242
0.281709299242
0.281709299242
0.281709299242
0.281709299242
0.281709299242
0.281709299242
0.281709299242
0.281709299242
0.281709299242
0.281709299242
0.281709299242
0.281709299242
0.281709299242
0.281709299242
0.281709299242
0.281709299242
0.281709299242
0.281709299242
0.281709299242
0.281709299242
0.281308360655
0.281308360655
0.281308360655
0.281308360655
0.281308360655
0.281308360655
0.281308360655
0.281308360655
0.281308360655
0.281308360655
0.281308360655
0.281308360655
0.281308360655
0.281308360655
0.281308360655
0.281308360655
0.281308360655
0.281308360655
0.281308360655
0.281308360655
0.281308360655
0.281308360655
0.281308360655
0.281308360655
0.281308360655
0.281308360655
0.281308360655
0.281308360655
0.281308360655
0.281308360655
0.281308360655
0.281308360655
0.281308360655
0.281308360655
0.281308360655
0.281308360655
0.281308360655
0.281308360655
0.281308360655
0.281308360655
0.281308360655
0.281308360655
0.281308360655
0.281308360655
0.281308360655
0.281308360655
0.281308360655
0.281308360655
0.281308360655
0.281308360655
0.281308360655
0.281308360655
0.281308360655
0.281308360655
0.281308360655
0.281308360655
0.281308360655
0.281308360655
0.281308360655
0.281308360655
0.281308360655
0.281308360655
0.281308360655
0.281308360655
0.281308360655
0.281308360655
0.281308360655
0.281308360655
0.281308360655
0.281308360655
0.281308360655
0.281308360655
0.281308360655
0.281308360655
0.281308360655
0.281308360655
0.281308360655
0.281308360655
0.281308360655
0.281308360655
0.281308360655
0.281308360655
0.281308360655
0.281308360655
0.281308360655
0.281308360655
0.281308360655
0.281308360655
0.281308360655
0.281308360655
0.281308360655
0.281308360655
0.281308360655
0.281308360655
0.281308360655
0.281308360655
0.281308360655
0.281308360655
0.281308360655
0.281308360655
0.281308360655
0.281308360655
0.281308360655
0.281308360655
0.281308360655
0.281308360655
0.281308360655
0.281308360655
0.281308360655
0.281308360655
0.281308360655
0.281308360655
0.281308360655
0.281308360655
0.281308360655
0.281308360655
0.281308360655
0.281308360655
0.281308360655
0.281308360655
0.281308360655
0.281308360655
0.281308360655
0.281308360655
0.281308360655
0.281308360655
0.281308360655
0.281308360655
0.281308360655
0.281308360655
0.281308360655
0.281308360655
0.281308360655
0.281308360655
0.281308360655
0.281308360655
0.281308360655
0.281308360655
0.281308360655
0.281308360655
0.281308360655
0.281308360655
0.281308360655
0.281308360655
0.281308360655
0.281308360655
0.281308360655
0.281308360655
0.281308360655
0.281308360655
0.281308360655
0.281308360655
0.281308360655
0.281308360655
0.281308360655
0.281308360655
0.281308360655
0.281308360655
0.281308360655
0.281308360655
0.281308360655
0.281308360655
0.281308360655
0.281308360655
0.281308360655
0.281308360655
0.281308360655
0.281308360655
0.281308360655
0.281308360655
0.281308360655
0.281308360655
0.281308360655
0.281308360655
0.281308360655
0.281308360655
0.281308360655
0.281308360655
0.281308360655
0.281308360655
0.281308360655
0.281308360655
0.281308360655
0.281308360655
0.281308360655
0.281308360655
0.281308360655
0.281308360655
0.281308360655
0.281308360655
0.281308360655
0.281308360655
0.281308360655
0.281308360655
0.281308360655
0.281308360655
0.281308360655
0.281308360655
0.281308360655
0.281308360655
0.281308360655
0.281308360655
0.281308360655
0.281308360655
0.281308360655
0.281308360655
0.281308360655
0.281308360655
0.281308360655
0.281308360655
0.281308360655
0.281308360655
0.281308360655
0.281308360655
0.281308360655
0.281308360655
0.281308360655
0.281308360655
0.281308360655
0.281308360655
0.281308360655
0.281308360655
0.281308360655
0.281308360655
0.281308360655
0.281308360655
0.281308360655
0.281308360655
0.281308360655
0.281308360655
0.281308360655
0.281308360655
0.281308360655
0.281308360655
0.281308360655
0.281308360655
0.281308360655
0.281308360655
0.281308360655
0.281308360655
0.281308360655
0.281308360655
0.281308360655
0.281308360655
0.281308360655
0.281308360655
0.281308360655
0.281308360655
0.281308360655
0.281308360655
0.281308360655
0.281308360655
0.281308360655
0.281308360655
0.281308360655
0.281308360655
0.281308360655
0.281308360655
0.281308360655
0.281308360655
0.281308360655
0.281308360655
0.281308360655
0.281308360655
0.281308360655
0.281308360655
0.281308360655
0.281308360655
0.281308360655
0.281308360655
