0.262419135378
0.213226304246
0.21316256635
0.20297829904
0.20297829904
0.194522678453
0.194522678453
0.194522678453
0.194522678453
0.194522678453
0.194522678453
0.194522678453
0.194522678453
0.194522678453
0.194522678453
0.194522678453
0.194522678453
0.194522678453
0.194522678453
0.194522678453
0.194522678453
0.194522678453
0.194522678453
0.194522678453
0.194522678453
0.194522678453
0.194522678453
0.194522678453
0.194522678453
0.194522678453
0.194522678453
0.194522678453
0.194522678453
0.194522678453
0.194522678453
0.194522678453
0.194522678453
0.194522678453
0.194522678453
0.194522678453
0.194522678453
0.19251276367
0.19251276367
0.19251276367
0.19251276367
0.19251276367
0.19251276367
0.19251276367
0.19251276367
0.19251276367
0.19251276367
0.19251276367
0.19251276367
0.19251276367
0.19251276367
0.19251276367
0.19251276367
0.19251276367
0.19251276367
0.19251276367
0.19251276367
0.19251276367
0.19251276367
0.19251276367
0.19251276367
0.19251276367
0.19251276367
0.19251276367
0.19251276367
0.19251276367
0.19251276367
0.19251276367
0.19251276367
0.191367860807
0.191367860807
0.191367860807
0.190365255861
0.190365255861
0.190365255861
0.190365255861
0.190365255861
0.190365255861
0.190365255861
0.190365255861
0.190365255861
0.190365255861
0.190365255861
0.190365255861
0.190365255861
0.190365255861
0.190365255861
0.190365255861
0.190365255861
0.190365255861
0.190365255861
0.190365255861
0.190365255861
0.190365255861
0.190365255861
0.190365255861
0.190365255861
0.190365255861
0.190365255861
0.190365255861
0.190365255861
0.190365255861
0.190365255861
0.190365255861
0.190365255861
0.190365255861
0.190365255861
0.190365255861
0.190365255861
0.190365255861
0.190365255861
0.190365255861
0.190365255861
0.190365255861
0.190365255861
0.190365255861
0.190365255861
0.190365255861
0.190365255861
0.190365255861
0.190365255861
0.190365255861
0.190365255861
0.190365255861
0.190365255861
0.190365255861
0.190365255861
0.190365255861
0.190365255861
0.190365255861
0.190365255861
0.190365255861
0.190365255861
0.190365255861
0.190365255861
0.190365255861
0.190365255861
0.190365255861
0.190365255861
0.190365255861
0.190365255861
0.190365255861
0.190365255861
0.190365255861
0.190365255861
0.190365255861
0.190365255861
0.190365255861
0.190365255861
0.190365255861
0.190365255861
0.190365255861
0.190365255861
0.190365255861
0.190365255861
0.190365255861
0.190365255861
0.190365255861
0.186265904728
0.186265904728
0.186265904728
0.186265904728
0.186265904728
0.186265904728
0.186265904728
0.186265904728
0.186265904728
0.186265904728
0.186265904728
0.186265904728
0.186265904728
0.186265904728
0.186265904728
0.186265904728
0.186265904728
0.186265904728
0.186265904728
0.186265904728
0.186265904728
0.186265904728
0.186265904728
0.186265904728
0.186265904728
0.186265904728
0.186265904728
0.186265904728
0.186265904728
0.186265904728
0.186265904728
0.186265904728
0.186265904728
0.186265904728
0.186265904728
0.186265904728
0.186265904728
0.186265904728
0.186265904728
0.186265904728
0.186265904728
0.186265904728
0.186265904728
0.186265904728
0.186265904728
0.186265904728
0.186265904728
0.186265904728
0.186265904728
0.186265904728
0.186265904728
0.186265904728
0.186265904728
0.186265904728
0.186265904728
0.186265904728
0.186265904728
0.186265904728
0.186265904728
0.186265904728
0.186265904728
0.186265904728
0.186265904728
0.186265904728
0.186265904728
0.186265904728
0.186265904728
0.186265904728
0.186265904728
0.186265904728
0.186265904728
0.186265904728
0.186265904728
0.186265904728
0.186265904728
0.186265904728
0.186265904728
0.186265904728
0.186265904728
0.186265904728
0.186265904728
0.186265904728
0.186265904728
0.186265904728
0.186265904728
0.186265904728
0.186265904728
0.186265904728
0.186265904728
0.186265904728
0.186265904728
0.186265904728
0.186265904728
0.186265904728
0.186265904728
0.186265904728
0.186265904728
0.186265904728
0.186265904728
0.186265904728
0.186265904728
0.186265904728
0.186265904728
0.186265904728
0.186265904728
0.186265904728
0.186265904728
0.186265904728
0.186265904728
0.186265904728
0.186265904728
0.186265904728
0.186265904728
0.186265904728
0.186265904728
0.186265904728
0.186265904728
0.186265904728
0.186265904728
0.186265904728
0.186265904728
0.186265904728
0.186265904728
0.186265904728
0.186265904728
0.186265904728
0.186265904728
0.186265904728
0.186265904728
0.186265904728
0.186265904728
0.186265904728
0.186265904728
0.186265904728
0.186265904728
0.186265904728
0.186265904728
0.186265904728
