0.335735258918
0.232860040667
0.21002744863
0.21002744863
0.21002744863
0.208171836803
0.19933117456
0.19933117456
0.19933117456
0.196076686508
0.196076686508
0.196076686508
0.196076686508
0.196076686508
0.196076686508
0.196076686508
0.196076686508
0.196076686508
0.196076686508
0.196076686508
0.196076686508
0.196076686508
0.196076686508
0.196076686508
0.196076686508
0.196076686508
0.196076686508
0.196076686508
0.196076686508
0.196076686508
0.196076686508
0.196076686508
0.196076686508
0.196076686508
0.191661596543
0.191661596543
0.191661596543
0.191661596543
0.191661596543
0.191661596543
0.191661596543
0.191661596543
0.191661596543
0.187727273144
0.187727273144
0.187727273144
0.187727273144
0.187727273144
0.187727273144
0.187727273144
0.187727273144
0.187727273144
0.187727273144
0.187727273144
0.187727273144
0.187727273144
0.187727273144
0.187727273144
0.187727273144
0.187727273144
0.187727273144
0.187727273144
0.187727273144
0.187727273144
0.187727273144
0.187727273144
0.187727273144
0.187727273144
0.187727273144
0.187727273144
0.187727273144
0.187727273144
0.187727273144
0.187727273144
0.187727273144
0.187727273144
0.187727273144
0.187727273144
0.187727273144
0.187727273144
0.187727273144
0.187727273144
0.187727273144
0.187727273144
0.187727273144
0.187727273144
0.187727273144
0.187727273144
0.187727273144
0.187727273144
0.187727273144
0.187727273144
0.187727273144
0.187727273144
0.187727273144
0.187727273144
0.187727273144
0.187727273144
0.187727273144
0.187727273144
0.187727273144
0.187727273144
0.187727273144
0.187727273144
0.187727273144
0.187727273144
0.187727273144
0.187727273144
0.187727273144
0.187727273144
0.187727273144
0.187727273144
0.187727273144
0.187727273144
0.187727273144
0.187727273144
0.187727273144
0.187727273144
0.187727273144
0.187727273144
0.187727273144
0.187727273144
0.187727273144
0.187727273144
0.187727273144
0.187727273144
0.187727273144
0.187727273144
0.187727273144
0.187727273144
0.187727273144
0.187727273144
0.187727273144
0.187727273144
0.187727273144
0.187727273144
0.187727273144
0.187727273144
0.187727273144
0.187727273144
0.187727273144
0.187727273144
0.187727273144
0.187727273144
0.187727273144
0.187727273144
0.187727273144
0.187727273144
0.187727273144
0.187727273144
0.187727273144
0.187727273144
0.187727273144
0.187727273144
0.187727273144
0.187727273144
0.187727273144
0.187727273144
0.187727273144
0.187727273144
0.187727273144
0.187727273144
0.187727273144
0.187727273144
0.187727273144
0.187727273144
0.187727273144
0.187727273144
0.187727273144
0.187727273144
0.187727273144
0.187727273144
0.187727273144
0.187727273144
0.187727273144
0.187727273144
0.187727273144
0.187727273144
0.187727273144
0.187727273144
0.187727273144
0.187727273144
0.187727273144
0.187727273144
0.187727273144
0.187727273144
0.187727273144
0.187727273144
0.187727273144
0.187727273144
0.187727273144
0.187727273144
0.187727273144
0.187727273144
0.187727273144
0.187727273144
0.187727273144
0.187727273144
0.187727273144
0.187727273144
0.187727273144
0.187727273144
0.187727273144
0.187727273144
0.187727273144
0.187727273144
0.187727273144
0.187727273144
0.187727273144
0.187727273144
0.187727273144
0.187727273144
0.187727273144
0.187727273144
0.187727273144
0.187727273144
0.187727273144
0.187727273144
0.187727273144
0.187727273144
0.187727273144
0.187727273144
0.187727273144
0.187727273144
0.187727273144
0.187727273144
0.187727273144
0.187727273144
0.187727273144
0.187727273144
0.187727273144
0.187727273144
0.187727273144
0.187727273144
0.187727273144
0.187727273144
0.187727273144
0.187727273144
0.187727273144
0.187727273144
0.187727273144
0.187727273144
0.187727273144
0.187727273144
0.187727273144
0.187727273144
0.187727273144
0.187727273144
0.187727273144
0.187727273144
0.187727273144
0.187727273144
0.187727273144
0.187727273144
0.187727273144
0.187727273144
0.187727273144
0.187727273144
0.187727273144
0.187727273144
0.187727273144
0.187727273144
0.187727273144
0.187727273144
0.187727273144
0.187727273144
0.187727273144
0.187727273144
0.187727273144
0.187727273144
0.187727273144
0.187727273144
0.187727273144
0.187727273144
0.187727273144
0.187727273144
0.187727273144
0.187727273144
0.187727273144
0.187727273144
0.187727273144
0.187727273144
0.187727273144
0.187727273144
0.187727273144
0.187727273144
0.187727273144
0.187727273144
0.187727273144
0.187727273144
0.187727273144
0.187727273144
0.187727273144
0.187727273144
0.187727273144
0.187727273144
0.187727273144
0.187727273144
0.187727273144
0.187727273144
