0.326838201703
0.253373615141
0.215218848544
0.215218848544
0.215218848544
0.215218848544
0.215218848544
0.212619852874
0.210204039458
0.207417437447
0.207141537464
0.203089782869
0.203089782869
0.203089782869
0.203089782869
0.203089782869
0.1921019071
0.1921019071
0.1921019071
0.1921019071
0.1921019071
0.1921019071
0.1921019071
0.191448884075
0.191448884075
0.191448884075
0.191448884075
0.191448884075
0.191448884075
0.191448884075
0.191448884075
0.191448884075
0.191448884075
0.191448884075
0.191448884075
0.191448884075
0.191448884075
0.191448884075
0.191448884075
0.191448884075
0.191448884075
0.191448884075
0.191448884075
0.191448884075
0.191448884075
0.191448884075
0.191448884075
0.191448884075
0.191448884075
0.191448884075
0.191448884075
0.191448884075
0.191448884075
0.191448884075
0.191448884075
0.191448884075
0.191448884075
0.191448884075
0.191448884075
0.191448884075
0.191448884075
0.191448884075
0.191448884075
0.191448884075
0.191448884075
0.191448884075
0.191448884075
0.191448884075
0.191448884075
0.191448884075
0.191448884075
0.191448884075
0.191448884075
0.191448884075
0.191448884075
0.191448884075
0.191448884075
0.191448884075
0.191448884075
0.191448884075
0.191448884075
0.191448884075
0.186944937537
0.186944937537
0.186944937537
0.186944937537
0.186944937537
0.186944937537
0.186944937537
0.186944937537
0.186944937537
0.186944937537
0.186944937537
0.186944937537
0.186944937537
0.186944937537
0.186944937537
0.186944937537
0.186944937537
0.186944937537
0.186944937537
0.186944937537
0.186944937537
0.186944937537
0.186944937537
0.186944937537
0.186944937537
0.186944937537
0.186944937537
0.186944937537
0.186944937537
0.186944937537
0.186944937537
0.186944937537
0.186944937537
0.186944937537
0.186944937537
0.186944937537
0.186944937537
0.186944937537
0.186944937537
0.186944937537
0.186944937537
0.186944937537
0.186944937537
0.186944937537
0.186944937537
0.186944937537
0.186944937537
0.186944937537
0.186944937537
0.186944937537
0.186944937537
0.186944937537
0.186944937537
0.186944937537
0.186944937537
0.186944937537
0.186944937537
0.186944937537
0.186944937537
0.186944937537
0.186944937537
0.186944937537
0.186944937537
0.186944937537
0.186944937537
0.186944937537
0.186944937537
0.186944937537
0.186944937537
0.186944937537
0.186944937537
0.186944937537
0.186944937537
0.186944937537
0.186944937537
0.186944937537
0.186944937537
0.186944937537
0.186944937537
0.186944937537
0.186944937537
0.186944937537
0.186944937537
0.186944937537
0.186944937537
0.186944937537
0.186944937537
0.186944937537
0.186944937537
0.186944937537
0.186944937537
0.186944937537
0.186944937537
0.186944937537
0.186944937537
0.186944937537
0.186944937537
0.186944937537
0.186944937537
0.186944937537
0.186944937537
0.186944937537
0.186944937537
0.186944937537
0.186944937537
0.186944937537
0.186944937537
0.186944937537
0.186944937537
0.186944937537
0.186944937537
0.186944937537
0.186944937537
0.186944937537
0.186944937537
0.186944937537
0.186944937537
0.186944937537
0.186944937537
0.186944937537
0.186944937537
0.186944937537
0.186944937537
0.186944937537
0.186944937537
0.186944937537
0.186944937537
0.186944937537
0.186944937537
0.186944937537
0.186944937537
0.186944937537
0.186944937537
0.186944937537
0.186944937537
0.186944937537
0.186944937537
0.186944937537
0.186944937537
0.186944937537
0.186944937537
0.186944937537
0.186944937537
0.186944937537
0.186944937537
0.186944937537
0.186944937537
0.186944937537
0.186944937537
0.186944937537
0.186944937537
0.186944937537
0.186944937537
0.186944937537
0.186944937537
0.186944937537
0.186944937537
0.186944937537
0.186944937537
0.186944937537
0.186944937537
0.186944937537
0.186944937537
0.186944937537
0.186944937537
0.186944937537
0.186944937537
0.186944937537
0.186944937537
0.186944937537
0.186944937537
0.186944937537
0.186944937537
0.186944937537
0.186944937537
0.186944937537
0.186944937537
0.186944937537
0.186944937537
0.186944937537
0.186944937537
0.186944937537
0.186944937537
0.186944937537
0.186944937537
0.186944937537
0.186944937537
0.186944937537
0.186944937537
0.186944937537
0.186944937537
0.186944937537
0.186944937537
0.186944937537
0.186944937537
0.186944937537
0.186944937537
0.186944937537
0.186944937537
0.186944937537
0.186944937537
0.186944937537
0.186944937537
0.186944937537
0.186944937537
0.186944937537
0.186944937537
0.186944937537
0.186944937537
0.186944937537
0.186944937537
0.186944937537
0.186944937537
0.186944937537
0.186944937537
0.186944937537
0.186944937537
0.186944937537
