0.301902941577
0.228376131409
0.224027721066
0.200456644306
0.200456644306
0.200456644306
0.200456644306
0.200456644306
0.200456644306
0.200456644306
0.200456644306
0.200456644306
0.200456644306
0.200456644306
0.200456644306
0.198851542245
0.198851542245
0.198851542245
0.198851542245
0.198851542245
0.198851542245
0.198851542245
0.198851542245
0.198851542245
0.198851542245
0.198851542245
0.198851542245
0.198851542245
0.198851542245
0.198851542245
0.198851542245
0.198851542245
0.198851542245
0.198851542245
0.198851542245
0.198851542245
0.198851542245
0.198851542245
0.198851542245
0.198851542245
0.198851542245
0.198851542245
0.198851542245
0.198851542245
0.198851542245
0.192853732391
0.192853732391
0.192853732391
0.192853732391
0.177638913131
0.177638913131
0.177638913131
0.177638913131
0.177638913131
0.177638913131
0.177638913131
0.177638913131
0.177638913131
0.177638913131
0.177638913131
0.177638913131
0.177638913131
0.177638913131
0.177638913131
0.177638913131
0.177638913131
0.177638913131
0.177638913131
0.177638913131
0.177638913131
0.177638913131
0.177638913131
0.177638913131
0.177638913131
0.177638913131
0.177638913131
0.177638913131
0.177638913131
0.177638913131
0.177638913131
0.177638913131
0.177638913131
0.177638913131
0.177638913131
0.177638913131
0.177638913131
0.177638913131
0.177638913131
0.177638913131
0.177638913131
0.177638913131
0.177638913131
0.177638913131
0.177638913131
0.177638913131
0.177638913131
0.177638913131
0.177638913131
0.177638913131
0.177638913131
0.177638913131
0.177638913131
0.177638913131
0.177638913131
0.177638913131
0.177638913131
0.177638913131
0.177638913131
0.177638913131
0.177638913131
0.177638913131
0.177638913131
0.177638913131
0.177638913131
0.177638913131
0.177638913131
0.177638913131
0.177638913131
0.177638913131
0.177638913131
0.177638913131
0.177638913131
0.177638913131
0.177638913131
0.177638913131
0.177638913131
0.177638913131
0.177638913131
0.177638913131
0.177638913131
0.177638913131
0.177638913131
0.177638913131
0.177638913131
0.177638913131
0.177638913131
0.177638913131
0.177638913131
0.177638913131
0.177638913131
0.177638913131
0.177638913131
0.177638913131
0.177638913131
0.177638913131
0.177638913131
0.177638913131
0.177638913131
0.177638913131
0.177638913131
0.177638913131
0.177638913131
0.177638913131
0.177638913131
0.177638913131
0.177638913131
0.177638913131
0.177638913131
0.177638913131
0.177638913131
0.177638913131
0.177638913131
0.177638913131
0.177638913131
0.177638913131
0.177638913131
0.177638913131
0.177638913131
0.177638913131
0.177638913131
0.177638913131
0.177638913131
0.177638913131
0.177638913131
0.177638913131
0.177638913131
0.177638913131
0.177638913131
0.177638913131
0.177638913131
0.177638913131
0.177638913131
0.177638913131
0.177638913131
0.177638913131
0.177638913131
0.177638913131
0.177638913131
0.177638913131
0.177638913131
0.177638913131
0.177638913131
0.177638913131
0.177638913131
0.177638913131
0.177638913131
0.177638913131
0.177638913131
0.177638913131
0.177638913131
0.177638913131
0.177638913131
0.177638913131
0.177638913131
0.177638913131
0.177638913131
0.177638913131
0.177638913131
0.177638913131
0.177638913131
0.177638913131
0.177638913131
0.177638913131
0.177638913131
0.177638913131
0.177638913131
0.177638913131
0.177638913131
0.177638913131
0.177638913131
0.177638913131
0.177638913131
0.177638913131
0.177638913131
0.177638913131
0.177638913131
0.177638913131
0.177638913131
0.177638913131
0.177638913131
0.177638913131
0.177638913131
0.177638913131
0.177638913131
0.177638913131
0.177638913131
0.177638913131
0.177638913131
0.177638913131
0.177638913131
0.177638913131
0.177638913131
0.177638913131
0.177638913131
0.177638913131
0.177638913131
0.177638913131
0.177638913131
0.177638913131
0.177638913131
0.177638913131
0.177638913131
0.177638913131
0.177638913131
0.177638913131
0.177638913131
0.177638913131
0.177638913131
0.177638913131
0.177638913131
0.177638913131
0.177638913131
0.177638913131
0.177638913131
0.177638913131
0.177638913131
0.177638913131
0.177638913131
0.177638913131
0.177638913131
0.177638913131
0.177638913131
0.177638913131
0.177638913131
0.177638913131
0.177638913131
0.177638913131
0.177638913131
0.177638913131
0.177638913131
0.177638913131
0.177638913131
0.177638913131
0.177638913131
0.177638913131
0.177638913131
0.177638913131
0.177638913131
0.177638913131
0.177638913131
0.177638913131
0.177638913131
0.177638913131
0.177638913131
0.177638913131
0.177638913131
0.177638913131
0.177638913131
0.177638913131
0.177638913131
