0.394295039617
0.311084247534
0.303517533944
0.30216422071
0.299765259503
0.299765259503
0.299765259503
0.299765259503
0.299765259503
0.299765259503
0.294301094615
0.294301094615
0.294301094615
0.294301094615
0.292907875539
0.292907875539
0.292907875539
0.292907875539
0.287962847796
0.287962847796
0.287962847796
0.287962847796
0.287962847796
0.287962847796
0.287962847796
0.2870720221
0.2870720221
0.2870720221
0.2870720221
0.2870720221
0.2870720221
0.2870720221
0.2870720221
0.2870720221
0.2870720221
0.2870720221
0.2870720221
0.2870720221
0.2870720221
0.2870720221
0.2870720221
0.2870720221
0.2870720221
0.2870720221
0.2870720221
0.2870720221
0.2870720221
0.2870720221
0.2870720221
0.2870720221
0.2870720221
0.2870720221
0.2870720221
0.2870720221
0.2870720221
0.2870720221
0.2870720221
0.2870720221
0.2870720221
0.2870720221
0.2870720221
0.2870720221
0.2870720221
0.2870720221
0.2870720221
0.2870720221
0.2870720221
0.2870720221
0.2870720221
0.2870720221
0.2870720221
0.285617321135
0.285617321135
0.285617321135
0.285617321135
0.285617321135
0.285617321135
0.285617321135
0.285617321135
0.285617321135
0.285617321135
0.285617321135
0.285617321135
0.285617321135
0.285617321135
0.285617321135
0.285617321135
0.285617321135
0.285617321135
0.285617321135
0.285617321135
0.285617321135
0.285617321135
0.285617321135
0.285617321135
0.285617321135
0.285617321135
0.285617321135
0.285617321135
0.285617321135
0.285617321135
0.285617321135
0.285617321135
0.285617321135
0.285617321135
0.285617321135
0.285617321135
0.285617321135
0.285617321135
0.285617321135
0.285617321135
0.285617321135
0.285617321135
0.285617321135
0.285617321135
0.285617321135
0.285617321135
0.285617321135
0.285617321135
0.285617321135
0.285617321135
0.285617321135
0.284098125065
0.284098125065
0.284098125065
0.284098125065
0.284098125065
0.284098125065
0.284098125065
0.284098125065
0.284098125065
0.284098125065
0.284098125065
0.284098125065
0.284098125065
0.284098125065
0.284098125065
0.284098125065
0.284098125065
0.284098125065
0.284098125065
0.284098125065
0.284098125065
0.284098125065
0.284098125065
0.284098125065
0.284098125065
0.284098125065
0.284098125065
0.284098125065
0.284098125065
0.284098125065
0.284098125065
0.284098125065
0.284098125065
0.284098125065
0.284098125065
0.284098125065
0.284098125065
0.284098125065
0.284098125065
0.284098125065
0.284098125065
0.284098125065
0.284098125065
0.284098125065
0.284098125065
0.284098125065
0.284098125065
0.284098125065
0.284098125065
0.284098125065
0.284098125065
0.284098125065
0.284098125065
0.284098125065
0.284098125065
0.284098125065
0.284098125065
0.284098125065
0.284098125065
0.284098125065
0.284098125065
0.284098125065
0.284098125065
0.284098125065
0.284098125065
0.284098125065
0.284098125065
0.284098125065
0.284098125065
0.284098125065
0.284098125065
0.284098125065
0.284098125065
0.284098125065
0.284098125065
0.284098125065
0.284098125065
0.284098125065
0.284098125065
0.284098125065
0.284098125065
0.284098125065
0.284098125065
0.284098125065
0.284098125065
0.284098125065
0.284098125065
0.284098125065
0.284098125065
0.284098125065
0.284098125065
0.284098125065
0.284098125065
0.284098125065
0.284098125065
0.284098125065
0.284098125065
0.284098125065
0.284098125065
0.284098125065
0.284098125065
0.284098125065
0.284098125065
0.284098125065
0.284098125065
0.284098125065
0.284098125065
0.284098125065
0.284098125065
0.284098125065
0.284098125065
0.284098125065
0.284098125065
0.284098125065
0.284098125065
0.284098125065
0.284098125065
0.284098125065
0.284098125065
0.284098125065
0.284098125065
0.284098125065
0.284098125065
0.284098125065
0.284098125065
0.284098125065
0.284098125065
0.284098125065
0.284098125065
0.284098125065
0.284098125065
0.284098125065
0.284098125065
0.284098125065
0.284098125065
0.284098125065
0.284098125065
0.284098125065
0.284098125065
0.284098125065
0.283916155987
0.283916155987
0.283916155987
0.283916155987
0.283916155987
0.283916155987
0.283916155987
0.283916155987
0.283916155987
0.283916155987
0.283916155987
0.283916155987
0.283916155987
0.283916155987
0.283916155987
0.283916155987
0.283916155987
0.283916155987
0.283916155987
0.283916155987
0.283916155987
0.283916155987
0.283916155987
0.283916155987
0.283916155987
0.283916155987
0.283916155987
0.283916155987
0.283916155987
0.283916155987
0.283916155987
0.283916155987
0.283916155987
0.283916155987
0.283916155987
0.283916155987
0.283916155987
0.283916155987
0.283916155987
0.283916155987
0.283916155987
0.283916155987
0.283916155987
0.283916155987
0.283916155987
0.283916155987
0.283916155987
0.283916155987
0.283916155987
0.283916155987
0.283916155987
0.283916155987
0.283916155987
0.283916155987
0.283916155987
0.283916155987
0.283916155987
0.283916155987
0.283916155987
0.283916155987
0.283916155987
0.283916155987
0.283916155987
0.283916155987
0.283916155987
0.283916155987
0.283916155987
0.283916155987
0.283916155987
0.283916155987
0.283916155987
0.283916155987
0.283916155987
0.283916155987
0.283916155987
0.283916155987
0.283916155987
0.283916155987
0.283916155987
0.283916155987
0.283916155987
0.279911409577
0.279911409577
0.279911409577
0.279911409577
0.279911409577
0.279911409577
0.279911409577
0.279911409577
0.279911409577
0.279911409577
0.279911409577
0.279911409577
0.279911409577
0.279911409577
0.279911409577
0.279911409577
0.279911409577
0.279911409577
0.279911409577
0.279911409577
0.279911409577
0.279911409577
0.279911409577
0.279911409577
0.279911409577
0.279911409577
0.279911409577
0.279911409577
0.279911409577
0.279911409577
0.279911409577
0.279911409577
0.279911409577
0.279911409577
0.279911409577
0.279911409577
0.279911409577
0.279911409577
0.279911409577
0.279911409577
0.279911409577
0.279911409577
0.279911409577
0.279911409577
0.279911409577
0.279911409577
0.279911409577
0.279911409577
0.279911409577
0.279911409577
0.279911409577
0.279911409577
0.279911409577
0.279911409577
0.279911409577
0.279911409577
0.279911409577
