0.406671429786
0.319476188344
0.301116880179
0.296420786443
0.296420786443
0.296420786443
0.293668578864
0.293668578864
0.293668578864
0.293668578864
0.293668578864
0.293668578864
0.293668578864
0.291475362911
0.286134812508
0.286134812508
0.286134812508
0.286134812508
0.286134812508
0.286134812508
0.286134812508
0.286134812508
0.286134812508
0.286134812508
0.286134812508
0.286134812508
0.285364556483
0.285364556483
0.285364556483
0.285364556483
0.285364556483
0.285364556483
0.285364556483
0.285364556483
0.285364556483
0.285364556483
0.285364556483
0.285364556483
0.285364556483
0.285364556483
0.285364556483
0.285364556483
0.285364556483
0.285364556483
0.285364556483
0.285364556483
0.285364556483
0.285364556483
0.285364556483
0.285364556483
0.285364556483
0.285364556483
0.285364556483
0.285364556483
0.285364556483
0.285364556483
0.285364556483
0.285364556483
0.285364556483
0.285364556483
0.285364556483
0.285364556483
0.285364556483
0.285364556483
0.285364556483
0.285364556483
0.285364556483
0.285364556483
0.285364556483
0.285364556483
0.285364556483
0.285364556483
0.285364556483
0.285364556483
0.285364556483
0.285364556483
0.285364556483
0.285364556483
0.285364556483
0.285364556483
0.285364556483
0.285364556483
0.285364556483
0.285364556483
0.273776857986
0.273776857986
0.273776857986
0.273776857986
0.273776857986
0.273776857986
0.273776857986
0.273776857986
0.273776857986
0.273776857986
0.273776857986
0.273776857986
0.273776857986
0.273776857986
0.273776857986
0.273776857986
0.273776857986
0.273776857986
0.273776857986
0.273776857986
0.273776857986
0.273776857986
0.273776857986
0.273776857986
0.273776857986
0.273776857986
0.273776857986
0.273776857986
0.273776857986
0.273776857986
0.273776857986
0.273776857986
0.273776857986
0.273776857986
0.273776857986
0.273776857986
0.273776857986
0.273776857986
0.273776857986
0.273776857986
0.273776857986
0.273776857986
0.273776857986
0.273776857986
0.273776857986
0.273776857986
0.273776857986
0.273776857986
0.273776857986
0.273776857986
0.273776857986
0.273776857986
0.273776857986
0.273776857986
0.273776857986
0.273776857986
0.273776857986
0.273776857986
0.273776857986
0.273776857986
0.273776857986
0.273776857986
0.273776857986
0.273776857986
0.273776857986
0.273776857986
0.273776857986
0.273776857986
0.273776857986
0.273776857986
0.273776857986
0.273776857986
0.273776857986
0.273776857986
0.273776857986
0.273776857986
0.273776857986
0.273776857986
0.273776857986
0.273776857986
0.273249011929
0.273249011929
0.273249011929
0.273249011929
0.273249011929
0.273249011929
0.273249011929
0.273249011929
0.273249011929
0.273249011929
0.273249011929
0.273249011929
0.273249011929
0.273249011929
0.273249011929
0.273249011929
0.273249011929
0.273249011929
0.273249011929
0.273249011929
0.273249011929
0.273249011929
0.273249011929
0.273249011929
0.273249011929
0.273249011929
0.273249011929
0.273249011929
0.273249011929
0.273249011929
0.273249011929
0.273249011929
0.273249011929
0.273249011929
0.273249011929
0.273249011929
0.273249011929
0.273249011929
0.273249011929
0.273249011929
0.273249011929
0.273249011929
0.273249011929
0.273249011929
0.273249011929
0.273249011929
0.273249011929
0.273249011929
0.273249011929
0.273249011929
0.273249011929
0.273249011929
0.273249011929
0.273249011929
0.273249011929
0.273249011929
0.273249011929
0.273249011929
0.273249011929
0.273249011929
0.273249011929
0.273249011929
0.273249011929
0.273249011929
0.273249011929
0.273249011929
0.273249011929
0.273249011929
0.273249011929
0.273249011929
0.273249011929
0.273249011929
0.273249011929
0.273249011929
0.273249011929
0.273249011929
0.273249011929
0.273249011929
0.273249011929
0.273249011929
0.273249011929
0.273249011929
0.273249011929
0.273249011929
0.273249011929
0.273249011929
0.273249011929
0.273249011929
0.273249011929
0.273249011929
0.273249011929
0.273249011929
0.273249011929
0.273249011929
0.273249011929
0.273249011929
0.273249011929
0.273249011929
0.273249011929
0.273249011929
0.273249011929
0.273249011929
0.273249011929
0.273249011929
0.273249011929
0.273249011929
0.273249011929
0.273249011929
0.273249011929
0.273249011929
0.273249011929
0.273249011929
0.273249011929
0.273249011929
0.273249011929
0.273249011929
0.273249011929
0.273249011929
0.273249011929
0.273249011929
0.273249011929
0.273249011929
0.273249011929
0.273249011929
0.273249011929
0.273249011929
0.273249011929
0.273249011929
0.273249011929
0.273249011929
0.273249011929
0.273249011929
0.273249011929
0.273249011929
0.273249011929
0.273249011929
0.273249011929
0.273249011929
0.273249011929
0.273249011929
0.273249011929
0.273249011929
0.273249011929
0.273249011929
0.273249011929
0.273249011929
0.273249011929
0.273249011929
0.273249011929
0.273249011929
0.273249011929
0.273249011929
0.273249011929
0.273249011929
0.273249011929
0.273249011929
0.273249011929
0.273249011929
0.273249011929
0.273249011929
0.273249011929
0.273249011929
0.273249011929
0.273249011929
0.273249011929
0.273249011929
0.273249011929
0.273249011929
0.273249011929
0.273249011929
0.273249011929
0.273249011929
0.273249011929
0.273249011929
0.273249011929
0.273249011929
0.273249011929
0.273249011929
0.273249011929
0.273249011929
0.273249011929
0.273249011929
0.273249011929
0.273249011929
0.273249011929
0.273249011929
0.273249011929
0.273249011929
0.273249011929
0.273249011929
0.273249011929
0.273249011929
0.273249011929
0.273249011929
0.273249011929
0.273249011929
0.273249011929
0.273249011929
0.273249011929
0.273249011929
0.273249011929
0.273249011929
0.273249011929
0.273249011929
0.273249011929
0.273249011929
0.273249011929
0.273249011929
0.273249011929
0.273249011929
0.273249011929
0.273249011929
0.273249011929
0.273249011929
0.273249011929
0.273249011929
0.273249011929
0.273249011929
0.273249011929
0.273249011929
0.273249011929
0.273249011929
0.273249011929
0.273249011929
0.273249011929
0.273249011929
0.273249011929
0.273249011929
0.273249011929
0.273249011929
0.273249011929
0.273249011929
0.273249011929
0.273249011929
0.273249011929
0.273249011929
