0.421511895031
0.324398282618
0.304242203153
0.304242203153
0.304242203153
0.301118862629
0.299955409747
0.299955409747
0.29849816492
0.29849816492
0.298055771663
0.297013964852
0.297013964852
0.297013964852
0.297013964852
0.297013964852
0.296465538911
0.295525917031
0.295525917031
0.295525917031
0.295295345081
0.295295345081
0.295295345081
0.295295345081
0.291153679699
0.291153679699
0.291153679699
0.291153679699
0.291153679699
0.291153679699
0.291153679699
0.291153679699
0.291153679699
0.291153679699
0.291153679699
0.291153679699
0.291153679699
0.291153679699
0.291153679699
0.291153679699
0.291153679699
0.291153679699
0.291153679699
0.291153679699
0.291153679699
0.291153679699
0.291153679699
0.291153679699
0.291153679699
0.291153679699
0.291153679699
0.291153679699
0.291153679699
0.291153679699
0.291153679699
0.291153679699
0.291153679699
0.291153679699
0.291153679699
0.291153679699
0.291153679699
0.291153679699
0.291153679699
0.291153679699
0.291153679699
0.291153679699
0.290606530669
0.290606530669
0.290606530669
0.290606530669
0.290606530669
0.290606530669
0.290606530669
0.290606530669
0.290606530669
0.290606530669
0.290606530669
0.290606530669
0.290606530669
0.290606530669
0.290606530669
0.290606530669
0.290606530669
0.290606530669
0.290606530669
0.290606530669
0.290606530669
0.290606530669
0.290606530669
0.290606530669
0.290606530669
0.290606530669
0.290606530669
0.290606530669
0.290606530669
0.290606530669
0.290606530669
0.290606530669
0.290606530669
0.290606530669
0.290606530669
0.290606530669
0.2904227392
0.2904227392
0.284030669414
0.284030669414
0.284030669414
0.284030669414
0.284030669414
0.284030669414
0.284030669414
0.284030669414
0.284030669414
0.284030669414
0.284030669414
0.284030669414
0.284030669414
0.284030669414
0.284030669414
0.284030669414
0.284030669414
0.284030669414
0.284030669414
0.284030669414
0.284030669414
0.284030669414
0.284030669414
0.284030669414
0.284030669414
0.284030669414
0.284030669414
0.284030669414
0.284030669414
0.284030669414
0.284030669414
0.284030669414
0.284030669414
0.284030669414
0.284030669414
0.284030669414
0.284030669414
0.284030669414
0.284030669414
0.284030669414
0.284030669414
0.284030669414
0.284030669414
0.284030669414
0.284030669414
0.284030669414
0.284030669414
0.284030669414
0.284030669414
0.284030669414
0.284030669414
0.284030669414
0.284030669414
0.284030669414
0.284030669414
0.284030669414
0.284030669414
0.284030669414
0.284030669414
0.284030669414
0.284030669414
0.284030669414
0.284030669414
0.284030669414
0.284030669414
0.284030669414
0.284030669414
0.284030669414
0.284030669414
0.284030669414
0.284030669414
0.284030669414
0.284030669414
0.284030669414
0.284030669414
0.284030669414
0.284030669414
0.284030669414
0.284030669414
0.284030669414
0.284030669414
0.284030669414
0.284030669414
0.284030669414
0.284030669414
0.284030669414
0.284030669414
0.281418731105
0.281418731105
0.281418731105
0.281418731105
0.281418731105
0.281418731105
0.281418731105
0.281418731105
0.281418731105
0.281418731105
0.281418731105
0.281418731105
0.281418731105
0.281418731105
0.280940912439
0.280940912439
0.280940912439
0.280940912439
0.280940912439
0.280940912439
0.280940912439
0.280940912439
0.280940912439
0.280940912439
0.280940912439
0.280940912439
0.280940912439
0.280940912439
0.280940912439
0.280940912439
0.280940912439
0.280940912439
0.280940912439
0.280940912439
0.280940912439
0.280940912439
0.280940912439
0.280940912439
0.280940912439
0.280940912439
0.276812753293
0.276812753293
0.276812753293
0.276812753293
0.276812753293
0.276812753293
0.276812753293
0.276812753293
0.276812753293
0.276812753293
0.276812753293
0.276812753293
0.276812753293
0.276812753293
0.276812753293
0.276812753293
0.276812753293
0.276812753293
0.276812753293
0.276812753293
0.276812753293
0.276812753293
0.276812753293
0.276812753293
0.276812753293
0.276812753293
0.276812753293
0.276812753293
0.276812753293
0.276812753293
0.276812753293
0.276812753293
0.276812753293
0.276812753293
0.276812753293
0.276812753293
0.276812753293
0.276812753293
0.276812753293
0.276812753293
0.276812753293
0.276812753293
0.276812753293
0.276812753293
0.276812753293
0.276812753293
0.276812753293
0.276812753293
0.276812753293
0.276812753293
0.276812753293
0.276812753293
0.276812753293
0.276812753293
0.276812753293
0.276812753293
0.276812753293
0.276812753293
0.276812753293
0.276812753293
0.276812753293
0.276812753293
0.276812753293
0.276812753293
0.276812753293
0.276812753293
0.276812753293
0.276812753293
0.276812753293
0.276812753293
0.276812753293
0.276812753293
0.276812753293
0.276812753293
0.276812753293
0.276812753293
0.276812753293
0.276812753293
0.276812753293
0.276812753293
0.276812753293
0.276812753293
0.276812753293
0.276812753293
0.276812753293
0.276812753293
0.276812753293
0.276812753293
0.276812753293
0.276812753293
0.276812753293
0.276812753293
0.276812753293
0.276812753293
0.276812753293
0.276812753293
0.276812753293
0.276812753293
0.276812753293
0.276812753293
0.276812753293
0.276812753293
0.276812753293
0.276812753293
0.276812753293
0.276812753293
0.276812753293
0.276812753293
0.276812753293
0.276812753293
0.276812753293
0.276812753293
0.276812753293
0.276812753293
0.276812753293
0.276812753293
0.276812753293
0.276812753293
0.276812753293
0.276812753293
0.276812753293
0.276812753293
0.276812753293
0.276812753293
0.276812753293
0.276812753293
0.276812753293
0.276812753293
0.276812753293
0.276812753293
0.276812753293
0.276812753293
0.276812753293
0.276812753293
0.276812753293
0.276812753293
0.276812753293
0.276812753293
0.276812753293
0.276812753293
0.276812753293
0.276812753293
0.276812753293
0.276812753293
0.276812753293
0.276812753293
0.276812753293
0.276812753293
0.276812753293
0.276812753293
0.276812753293
0.276812753293
0.276812753293
0.276812753293
0.276812753293
0.276812753293
0.276812753293
0.276812753293
0.276812753293
0.276812753293
0.276812753293
0.276812753293
0.276812753293
0.276812753293
0.276812753293
0.276812753293
0.276812753293
0.276812753293
0.276812753293
