0.288860508953
0.223124158757
0.216088529246
0.204549842493
0.204549842493
0.204549842493
0.204549842493
0.204549842493
0.202647206159
0.202647206159
0.201519727284
0.201519727284
0.201519727284
0.201519727284
0.201519727284
0.201519727284
0.201519727284
0.201519727284
0.201519727284
0.201519727284
0.201519727284
0.201519727284
0.201519727284
0.201519727284
0.201519727284
0.201519727284
0.201519727284
0.201519727284
0.201519727284
0.201519727284
0.201519727284
0.201519727284
0.201519727284
0.197281055101
0.197281055101
0.197281055101
0.197281055101
0.197281055101
0.197281055101
0.197281055101
0.197281055101
0.197281055101
0.197281055101
0.197281055101
0.197281055101
0.197281055101
0.197281055101
0.197281055101
0.197281055101
0.197281055101
0.197281055101
0.197281055101
0.197281055101
0.197281055101
0.197281055101
0.197281055101
0.195555748938
0.195555748938
0.188908837499
0.188908837499
0.188908837499
0.188908837499
0.188908837499
0.188908837499
0.188908837499
0.188908837499
0.188908837499
0.188908837499
0.188908837499
0.188908837499
0.188908837499
0.188908837499
0.188908837499
0.188908837499
0.188908837499
0.188908837499
0.188908837499
0.188908837499
0.188908837499
0.188908837499
0.188908837499
0.188908837499
0.188908837499
0.188908837499
0.188908837499
0.18725324546
0.18725324546
0.18725324546
0.18725324546
0.18725324546
0.18725324546
0.18725324546
0.18725324546
0.18725324546
0.186868142083
0.186868142083
0.186868142083
0.186868142083
0.186868142083
0.186868142083
0.186868142083
0.186868142083
0.186868142083
0.186868142083
0.186868142083
0.186868142083
0.186868142083
0.186868142083
0.186868142083
0.186868142083
0.186868142083
0.186868142083
0.186868142083
0.186868142083
0.186868142083
0.186868142083
0.186868142083
0.186868142083
0.186868142083
0.186868142083
0.186868142083
0.186868142083
0.186868142083
0.186868142083
0.186868142083
0.186868142083
0.186868142083
0.186868142083
0.186868142083
0.186868142083
0.186868142083
0.186868142083
0.186868142083
0.186868142083
0.186868142083
0.186868142083
0.186868142083
0.186868142083
0.186868142083
0.186868142083
0.186868142083
0.186868142083
0.186868142083
0.186868142083
0.186868142083
0.186868142083
0.186868142083
0.186868142083
0.186868142083
0.182694798005
0.182694798005
0.182694798005
0.182694798005
0.182694798005
0.182694798005
0.182694798005
0.182694798005
0.182694798005
0.182694798005
0.182694798005
0.182694798005
0.182694798005
0.182694798005
0.182694798005
0.182694798005
0.182694798005
0.182694798005
0.182694798005
0.182694798005
0.182694798005
0.182694798005
0.182694798005
0.182694798005
0.182694798005
0.182694798005
0.182694798005
0.182694798005
0.182694798005
0.182694798005
0.182694798005
0.182694798005
0.182694798005
0.182694798005
0.182694798005
0.182694798005
0.182694798005
0.182694798005
0.182694798005
0.182694798005
0.182694798005
0.182694798005
0.182694798005
0.182694798005
0.182694798005
0.182694798005
0.182694798005
0.182694798005
0.182694798005
0.182694798005
0.182694798005
0.182694798005
0.182694798005
0.182694798005
0.182694798005
0.182694798005
0.182694798005
0.182694798005
0.182694798005
0.182694798005
0.182694798005
0.182694798005
0.182694798005
0.182694798005
0.182694798005
0.182694798005
0.182694798005
0.182694798005
0.182694798005
0.182694798005
0.182694798005
0.182694798005
0.182694798005
0.182694798005
0.182694798005
0.182694798005
0.182694798005
0.182694798005
0.182694798005
0.182694798005
0.182694798005
0.182694798005
0.182694798005
0.182694798005
0.182694798005
0.182694798005
0.182694798005
0.182694798005
0.182694798005
0.182694798005
0.182694798005
0.182694798005
0.182694798005
0.182694798005
0.182694798005
0.182694798005
0.182694798005
0.182694798005
0.182694798005
0.182694798005
0.182694798005
0.182694798005
0.182694798005
0.182694798005
0.182694798005
0.182694798005
0.182694798005
0.182694798005
0.182694798005
0.182694798005
0.182694798005
0.182694798005
0.182694798005
0.182694798005
0.182694798005
0.182694798005
0.182694798005
0.182694798005
0.182694798005
0.182694798005
0.182694798005
0.182694798005
0.182694798005
0.182694798005
0.182694798005
0.182694798005
0.182694798005
0.182694798005
0.182694798005
0.182694798005
0.182694798005
0.182694798005
0.182694798005
0.182694798005
0.182694798005
0.182694798005
0.182694798005
0.182694798005
0.182694798005
0.182694798005
0.182694798005
0.182694798005
0.182694798005
0.182694798005
0.182694798005
0.182694798005
0.182694798005
0.182694798005
0.182694798005
0.182694798005
0.182694798005
0.282332466015
0.23836136357
