0.309621546939
0.243064130755
0.222884507143
0.212848962537
0.209151847744
0.209151847744
0.209151847744
0.202202731995
0.200338629455
0.191766277331
0.191766277331
0.191766277331
0.191766277331
0.191766277331
0.191766277331
0.191766277331
0.191766277331
0.191766277331
0.191766277331
0.191766277331
0.191766277331
0.191766277331
0.191766277331
0.191766277331
0.191766277331
0.191766277331
0.191766277331
0.191766277331
0.191766277331
0.191766277331
0.191766277331
0.191766277331
0.191766277331
0.191766277331
0.191766277331
0.191766277331
0.191766277331
0.191766277331
0.191766277331
0.191766277331
0.191766277331
0.191766277331
0.191766277331
0.18789217212
0.18789217212
0.18789217212
0.18789217212
0.18789217212
0.18789217212
0.18789217212
0.18789217212
0.18789217212
0.18789217212
0.18789217212
0.18789217212
0.18789217212
0.18789217212
0.18789217212
0.18789217212
0.18789217212
0.18789217212
0.18789217212
0.18789217212
0.18789217212
0.18789217212
0.18789217212
0.18789217212
0.18789217212
0.18789217212
0.18789217212
0.18789217212
0.18789217212
0.18789217212
0.18789217212
0.18789217212
0.18789217212
0.18789217212
0.18789217212
0.18789217212
0.18789217212
0.18789217212
0.18789217212
0.18789217212
0.18789217212
0.186724921798
0.186724921798
0.186724921798
0.186724921798
0.186724921798
0.186724921798
0.186724921798
0.186724921798
0.184230368558
0.184230368558
0.184230368558
0.184230368558
0.184230368558
0.184230368558
0.184230368558
0.184230368558
0.184230368558
0.184230368558
0.184230368558
0.184230368558
0.184230368558
0.184230368558
0.184230368558
0.184230368558
0.184230368558
0.184230368558
0.184230368558
0.184230368558
0.184230368558
0.184230368558
0.184230368558
0.184230368558
0.184230368558
0.184230368558
0.184230368558
0.184230368558
0.184230368558
0.184230368558
0.184230368558
0.184230368558
0.184230368558
0.184230368558
0.184230368558
0.184230368558
0.184230368558
0.184230368558
0.184230368558
0.184230368558
0.184230368558
0.184230368558
0.184230368558
0.184230368558
0.184230368558
0.184230368558
0.184230368558
0.184230368558
0.184230368558
0.184230368558
0.184230368558
0.184230368558
0.184230368558
0.184230368558
0.184230368558
0.184230368558
0.184230368558
0.184230368558
0.184230368558
0.184230368558
0.184230368558
0.184230368558
0.184230368558
0.184230368558
0.184230368558
0.184230368558
0.184230368558
0.184230368558
0.184230368558
0.184230368558
0.184230368558
0.184230368558
0.184230368558
0.184230368558
0.184230368558
0.184230368558
0.184230368558
0.184230368558
0.184230368558
0.184230368558
0.184230368558
0.184230368558
0.184230368558
0.184230368558
0.184230368558
0.183996646129
0.183996646129
0.183996646129
0.183996646129
0.183996646129
0.183996646129
0.183996646129
0.183996646129
0.183996646129
0.183996646129
0.183996646129
0.183996646129
0.183996646129
0.183996646129
0.183996646129
0.183996646129
0.183996646129
0.183996646129
0.183996646129
0.183996646129
0.183996646129
0.183996646129
0.183996646129
0.183996646129
0.183996646129
0.183996646129
0.183996646129
0.183996646129
0.183996646129
0.183996646129
0.183996646129
0.183996646129
0.183996646129
0.183996646129
0.183996646129
0.183996646129
0.183996646129
0.183996646129
0.183996646129
0.183996646129
0.183996646129
0.183996646129
0.183996646129
0.183996646129
0.183996646129
0.183996646129
0.183996646129
0.183996646129
0.183996646129
0.183996646129
0.183996646129
0.183996646129
0.183996646129
0.183996646129
0.183996646129
0.183996646129
0.183996646129
0.183996646129
0.183996646129
0.183996646129
0.183996646129
0.183996646129
0.183996646129
0.183996646129
0.183996646129
0.183996646129
0.183996646129
0.183996646129
0.183996646129
0.183996646129
0.183996646129
0.183996646129
0.183996646129
0.183996646129
0.183996646129
0.183996646129
0.180197023764
0.180197023764
0.180197023764
0.180197023764
0.180197023764
0.180197023764
0.180197023764
0.180197023764
0.180197023764
0.180197023764
0.180197023764
0.180197023764
0.180197023764
0.180197023764
0.180197023764
0.180197023764
0.180197023764
0.180197023764
0.180197023764
0.180197023764
0.180197023764
0.180197023764
0.180197023764
0.180197023764
0.180197023764
0.180197023764
0.180197023764
0.180197023764
0.180197023764
0.180197023764
0.180197023764
0.180197023764
0.180197023764
0.180197023764
0.180197023764
0.180197023764
0.180197023764
0.180197023764
0.180197023764
0.180197023764
0.180197023764
0.180197023764
0.180197023764
0.180197023764
0.180197023764
0.180197023764
0.180197023764
