0.323829945169
0.238870122942
0.238870122942
0.207465923625
0.207465923625
0.207465923625
0.207465923625
0.207465923625
0.207465923625
0.207465923625
0.206200831542
0.206200831542
0.206200831542
0.206200831542
0.206200831542
0.19348595415
0.19348595415
0.19348595415
0.19348595415
0.19348595415
0.19348595415
0.19348595415
0.19348595415
0.19348595415
0.19348595415
0.19348595415
0.19348595415
0.19348595415
0.19348595415
0.19348595415
0.19348595415
0.19348595415
0.19348595415
0.19348595415
0.19348595415
0.19348595415
0.19348595415
0.19348595415
0.19348595415
0.19348595415
0.19348595415
0.19348595415
0.19348595415
0.19348595415
0.19348595415
0.19348595415
0.19348595415
0.19348595415
0.19348595415
0.19348595415
0.19348595415
0.19348595415
0.19348595415
0.19348595415
0.19348595415
0.184691351639
0.184691351639
0.184691351639
0.184691351639
0.184691351639
0.184691351639
0.184691351639
0.184691351639
0.184691351639
0.184691351639
0.184691351639
0.184691351639
0.184691351639
0.184691351639
0.184691351639
0.184691351639
0.184691351639
0.184691351639
0.184691351639
0.184691351639
0.184691351639
0.184691351639
0.184691351639
0.184691351639
0.184691351639
0.184691351639
0.184691351639
0.184691351639
0.184691351639
0.184691351639
0.184691351639
0.184691351639
0.184691351639
0.184691351639
0.184691351639
0.184691351639
0.184691351639
0.184691351639
0.184691351639
0.184691351639
0.184691351639
0.184691351639
0.184691351639
0.184691351639
0.184691351639
0.184691351639
0.184691351639
0.184691351639
0.184691351639
0.184691351639
0.184691351639
0.184691351639
0.184691351639
0.184691351639
0.184691351639
0.184691351639
0.184691351639
0.184691351639
0.184691351639
0.184691351639
0.184691351639
0.184691351639
0.184691351639
0.184691351639
0.184691351639
0.184691351639
0.184691351639
0.184691351639
0.184691351639
0.184691351639
0.184691351639
0.184691351639
0.184691351639
0.184691351639
0.184691351639
0.184691351639
0.184691351639
0.184691351639
0.184691351639
0.184691351639
0.184691351639
0.184691351639
0.184691351639
0.184691351639
0.184691351639
0.184691351639
0.184691351639
0.184691351639
0.184691351639
0.184691351639
0.184691351639
0.184691351639
0.184691351639
0.184691351639
0.184691351639
0.184691351639
0.184691351639
0.184691351639
0.184691351639
0.184691351639
0.184691351639
0.184691351639
0.184691351639
0.184691351639
0.184691351639
0.184691351639
0.184691351639
0.184691351639
0.184691351639
0.184691351639
0.184691351639
0.184691351639
0.184691351639
0.184691351639
0.184691351639
0.184691351639
0.184691351639
0.184691351639
0.184691351639
0.184691351639
0.184691351639
0.184691351639
0.184691351639
0.184691351639
0.184691351639
0.184691351639
0.184691351639
0.184691351639
0.184691351639
0.184691351639
0.184691351639
0.184691351639
0.184691351639
0.184691351639
0.184691351639
0.18330697176
0.18330697176
0.18330697176
0.18330697176
0.18330697176
0.18330697176
0.18330697176
0.18330697176
0.18330697176
0.18330697176
0.18330697176
0.18330697176
0.18330697176
0.18330697176
0.18330697176
0.18330697176
0.18330697176
0.18330697176
0.18330697176
0.18330697176
0.18330697176
0.18330697176
0.18330697176
0.18330697176
0.18330697176
0.18330697176
0.18330697176
0.18330697176
0.18330697176
0.18330697176
0.18330697176
0.18330697176
0.18330697176
0.18330697176
0.18330697176
0.18330697176
0.18330697176
0.18330697176
0.18330697176
0.18330697176
0.18330697176
0.18330697176
0.18330697176
0.18330697176
0.18330697176
0.18330697176
0.18330697176
0.18330697176
0.18330697176
0.18330697176
0.18330697176
0.18330697176
0.18330697176
0.18330697176
0.18330697176
0.18330697176
0.18330697176
0.18330697176
0.18330697176
0.18330697176
0.18330697176
0.18330697176
0.18330697176
0.18330697176
0.18330697176
0.18330697176
0.18330697176
0.18330697176
0.18330697176
0.18330697176
0.18330697176
0.18330697176
0.18330697176
0.18330697176
0.18330697176
0.18330697176
0.18330697176
0.18330697176
0.18330697176
0.18330697176
0.18330697176
0.18330697176
0.18330697176
0.18330697176
0.18330697176
0.18330697176
0.18330697176
0.18330697176
0.18330697176
0.18330697176
0.18330697176
0.18330697176
0.18330697176
0.18330697176
0.18330697176
0.18330697176
0.18330697176
0.18330697176
0.18330697176
0.18330697176
0.18330697176
0.18330697176
0.18330697176
0.18330697176
0.18330697176
0.18330697176
0.18330697176
0.18330697176
0.18330697176
0.18330697176
