0.4289439182
0.329139142682
0.303610876989
0.303610876989
0.291093067952
0.291093067952
0.291093067952
0.285693331397
0.285693331397
0.285693331397
0.285693331397
0.285693331397
0.285693331397
0.285693331397
0.285693331397
0.285693331397
0.285693331397
0.285693331397
0.285693331397
0.285693331397
0.285693331397
0.285693331397
0.285328569945
0.285328569945
0.285328569945
0.285328569945
0.285328569945
0.285328569945
0.285328569945
0.285328569945
0.285328569945
0.285328569945
0.285328569945
0.285328569945
0.285328569945
0.285328569945
0.285328569945
0.285328569945
0.285328569945
0.285328569945
0.285328569945
0.285328569945
0.285328569945
0.285328569945
0.285328569945
0.285328569945
0.285328569945
0.285328569945
0.285328569945
0.285328569945
0.285328569945
0.285328569945
0.285328569945
0.285328569945
0.285328569945
0.285328569945
0.285328569945
0.285328569945
0.285328569945
0.285328569945
0.283733436227
0.283733436227
0.283733436227
0.283733436227
0.283733436227
0.283733436227
0.283733436227
0.283733436227
0.283733436227
0.283733436227
0.283733436227
0.283733436227
0.283733436227
0.283733436227
0.283733436227
0.283733436227
0.283733436227
0.283733436227
0.283733436227
0.283733436227
0.283733436227
0.283733436227
0.283733436227
0.283733436227
0.283733436227
0.283733436227
0.283733436227
0.283733436227
0.283733436227
0.283733436227
0.283733436227
0.283733436227
0.283733436227
0.283733436227
0.283733436227
0.283733436227
0.283733436227
0.283733436227
0.283733436227
0.283733436227
0.283733436227
0.283733436227
0.283733436227
0.283733436227
0.283733436227
0.283733436227
0.283733436227
0.283733436227
0.283733436227
0.283733436227
0.283733436227
0.283733436227
0.283733436227
0.283733436227
0.283733436227
0.283733436227
0.283733436227
0.283733436227
0.283733436227
0.283733436227
0.283733436227
0.283733436227
0.283733436227
0.283733436227
0.283733436227
0.283733436227
0.283733436227
0.283733436227
0.283733436227
0.283733436227
0.283733436227
0.283733436227
0.283733436227
0.283733436227
0.283733436227
0.283733436227
0.283733436227
0.283733436227
0.283733436227
0.283733436227
0.283733436227
0.283733436227
0.283733436227
0.283733436227
0.283733436227
0.283733436227
0.283733436227
0.283733436227
0.283733436227
0.283733436227
0.283733436227
0.283733436227
0.283733436227
0.283733436227
0.283733436227
0.283733436227
0.283733436227
0.283733436227
0.283733436227
0.283733436227
0.283733436227
0.283733436227
0.283733436227
0.283733436227
0.283733436227
0.283733436227
0.283733436227
0.283733436227
0.283733436227
0.283733436227
0.283733436227
0.283733436227
0.283733436227
0.283733436227
0.283733436227
0.283733436227
0.283733436227
0.283733436227
0.283733436227
0.283733436227
0.283733436227
0.283733436227
0.283733436227
0.283733436227
0.283733436227
0.283733436227
0.283733436227
0.283733436227
0.283733436227
0.283733436227
0.283733436227
0.283733436227
0.283733436227
0.283733436227
0.283733436227
0.283733436227
0.283733436227
0.283733436227
0.283733436227
0.283733436227
0.283733436227
0.283733436227
0.283733436227
0.283733436227
0.283733436227
0.283733436227
0.283733436227
0.283733436227
0.283733436227
0.283733436227
0.283733436227
0.283733436227
0.283733436227
0.283733436227
0.283733436227
0.283733436227
0.283733436227
0.283733436227
0.283733436227
0.280912480256
0.280912480256
0.280912480256
0.280912480256
0.280912480256
0.280912480256
0.280912480256
0.280912480256
0.280912480256
0.280912480256
0.280912480256
0.280912480256
0.280912480256
0.280912480256
0.280912480256
0.280912480256
0.280912480256
0.280912480256
0.280912480256
0.280912480256
0.280912480256
0.280912480256
0.280912480256
0.280912480256
0.280912480256
0.280912480256
0.280912480256
0.280912480256
0.280912480256
0.280912480256
0.280912480256
0.280912480256
0.280912480256
0.280912480256
0.280912480256
0.280912480256
0.280912480256
0.280912480256
0.280912480256
0.280912480256
0.280912480256
0.280912480256
0.280912480256
0.280912480256
0.280912480256
0.280912480256
0.280912480256
0.280912480256
0.280912480256
0.280912480256
0.280912480256
0.280912480256
0.280912480256
0.280912480256
0.280912480256
0.278062328638
0.278062328638
0.278062328638
0.278062328638
0.278062328638
0.278062328638
0.278062328638
0.278062328638
0.278062328638
0.278062328638
0.278062328638
0.278062328638
0.278062328638
0.278062328638
0.278062328638
0.278062328638
0.278062328638
0.278062328638
0.278062328638
0.278062328638
0.278062328638
0.278062328638
0.278062328638
0.278062328638
0.278062328638
0.278062328638
0.278062328638
0.278062328638
0.278062328638
0.278062328638
0.278062328638
0.278062328638
0.278062328638
0.278062328638
0.278062328638
0.278062328638
0.278062328638
0.278062328638
0.278062328638
0.278062328638
0.278062328638
0.278062328638
0.278062328638
0.278062328638
0.278062328638
0.278062328638
0.278062328638
0.278062328638
0.278062328638
0.278062328638
0.278062328638
0.278062328638
0.278062328638
0.278062328638
0.278062328638
0.278062328638
0.278062328638
0.278062328638
0.278062328638
0.278062328638
0.278062328638
0.278062328638
0.278062328638
0.278062328638
0.278062328638
0.278062328638
0.278062328638
0.278062328638
0.278062328638
0.278062328638
0.278062328638
0.278062328638
0.278062328638
0.278062328638
0.278062328638
0.278062328638
0.278062328638
0.278062328638
0.278062328638
0.278062328638
0.278062328638
0.278062328638
0.278062328638
0.278062328638
0.278062328638
0.278062328638
0.278062328638
0.278062328638
0.278062328638
0.278062328638
0.278062328638
0.278062328638
0.278062328638
0.278062328638
0.278062328638
0.278062328638
0.278062328638
0.278062328638
0.278062328638
0.278062328638
0.278062328638
0.278062328638
0.278062328638
0.278062328638
0.278062328638
0.278062328638
0.278062328638
0.278062328638
0.278062328638
0.278062328638
0.278062328638
0.278062328638
0.278062328638
0.278062328638
0.278062328638
0.278062328638
0.278062328638
0.278062328638
0.278062328638
0.278062328638
0.278062328638
0.278062328638
0.278062328638
0.278062328638
0.278062328638
0.278062328638
