0.426868033173
0.31313800909
0.302682710776
0.29009784513
0.29009784513
0.29009784513
0.29009784513
0.29009784513
0.29009784513
0.29009784513
0.289759315353
0.289759315353
0.289759315353
0.289759315353
0.289759315353
0.289560391692
0.289560391692
0.289560391692
0.289560391692
0.289560391692
0.289560391692
0.289560391692
0.289560391692
0.289560391692
0.289560391692
0.289560391692
0.289560391692
0.289560391692
0.289560391692
0.289560391692
0.289560391692
0.289560391692
0.289560391692
0.289560391692
0.289560391692
0.289560391692
0.289560391692
0.289560391692
0.289560391692
0.289560391692
0.289560391692
0.289560391692
0.289560391692
0.289560391692
0.289560391692
0.289560391692
0.289560391692
0.289560391692
0.289560391692
0.289560391692
0.289560391692
0.289560391692
0.289560391692
0.289560391692
0.289560391692
0.289560391692
0.289560391692
0.289560391692
0.289560391692
0.289560391692
0.289560391692
0.289560391692
0.289560391692
0.289560391692
0.289560391692
0.289560391692
0.289560391692
0.289560391692
0.289560391692
0.289560391692
0.289560391692
0.289560391692
0.289560391692
0.289560391692
0.289560391692
0.289560391692
0.289560391692
0.289560391692
0.289560391692
0.289560391692
0.289560391692
0.289560391692
0.289560391692
0.289560391692
0.289560391692
0.289560391692
0.289560391692
0.289560391692
0.289560391692
0.289560391692
0.289560391692
0.289560391692
0.289560391692
0.289560391692
0.289560391692
0.289560391692
0.289560391692
0.289560391692
0.289560391692
0.289560391692
0.28624216924
0.28624216924
0.28624216924
0.28624216924
0.28624216924
0.28624216924
0.28624216924
0.28624216924
0.28624216924
0.280572775436
0.280572775436
0.280572775436
0.280572775436
0.280572775436
0.280572775436
0.280572775436
0.280572775436
0.280572775436
0.280572775436
0.280572775436
0.280572775436
0.280572775436
0.280572775436
0.280572775436
0.280572775436
0.280572775436
0.280572775436
0.280572775436
0.280572775436
0.280572775436
0.280572775436
0.280572775436
0.280572775436
0.280572775436
0.280572775436
0.280572775436
0.280572775436
0.280572775436
0.280572775436
0.280572775436
0.280572775436
0.280572775436
0.280572775436
0.280572775436
0.280572775436
0.280572775436
0.280572775436
0.280572775436
0.280572775436
0.280572775436
0.280572775436
0.280572775436
0.280572775436
0.280572775436
0.280572775436
0.280572775436
0.280572775436
0.280572775436
0.280572775436
0.280572775436
0.280572775436
0.280572775436
0.280572775436
0.280572775436
0.280572775436
0.280572775436
0.280572775436
0.280572775436
0.280572775436
0.280572775436
0.280572775436
0.280572775436
0.280572775436
0.280572775436
0.280572775436
0.280572775436
0.280572775436
0.280572775436
0.280572775436
0.280572775436
0.280572775436
0.280572775436
0.280572775436
0.280572775436
0.280572775436
0.280572775436
0.280572775436
0.280572775436
0.280572775436
0.280572775436
0.280572775436
0.280572775436
0.280572775436
0.280572775436
0.280572775436
0.280572775436
0.280572775436
0.280572775436
0.280572775436
0.280572775436
0.280572775436
0.280572775436
0.280572775436
0.280572775436
0.280572775436
0.280572775436
0.280572775436
0.280572775436
0.280572775436
0.280572775436
0.280572775436
0.280572775436
0.280572775436
0.280572775436
0.280572775436
0.280572775436
0.280572775436
0.280572775436
0.280572775436
0.280572775436
0.280572775436
0.280572775436
0.280572775436
0.280572775436
0.280572775436
0.280572775436
0.280572775436
0.280572775436
0.280572775436
0.280572775436
0.280572775436
0.280572775436
0.280572775436
0.280572775436
0.280572775436
0.280572775436
0.280572775436
0.280572775436
0.280572775436
0.280572775436
0.280572775436
0.280572775436
0.280572775436
0.280572775436
0.280572775436
0.280572775436
0.280572775436
0.280572775436
0.280572775436
0.280572775436
0.280572775436
0.280572775436
0.280572775436
0.280572775436
0.280572775436
0.280572775436
0.280572775436
0.280572775436
0.280572775436
0.280572775436
0.280572775436
0.280572775436
0.280572775436
0.280572775436
0.280572775436
0.280572775436
0.280572775436
0.280572775436
0.280572775436
0.280572775436
0.280572775436
0.280572775436
0.280572775436
0.280572775436
0.280572775436
0.280572775436
0.280572775436
0.280572775436
0.280572775436
0.280572775436
0.280572775436
0.280572775436
0.280572775436
0.280572775436
0.280572775436
0.280572775436
0.280572775436
0.280572775436
0.280572775436
0.280572775436
0.280572775436
0.280572775436
0.280572775436
0.280572775436
0.280572775436
0.280572775436
0.280572775436
0.280572775436
0.280572775436
0.280572775436
0.280572775436
0.280572775436
0.280572775436
0.280572775436
0.280572775436
0.280572775436
0.280572775436
0.280572775436
0.280572775436
0.280572775436
0.280572775436
0.280572775436
0.280572775436
0.280572775436
0.280572775436
0.280572775436
0.280572775436
0.280572775436
0.280572775436
0.280572775436
0.280572775436
0.280572775436
0.280572775436
0.280572775436
0.280572775436
0.280572775436
0.280572775436
0.280572775436
0.280572775436
0.280572775436
0.280572775436
0.280572775436
0.280572775436
0.280572775436
0.280572775436
0.280572775436
0.280572775436
0.280572775436
0.280572775436
0.280572775436
0.280572775436
0.280572775436
0.280572775436
0.280572775436
0.280572775436
0.280572775436
0.280572775436
0.280572775436
0.280572775436
0.280572775436
0.280572775436
0.280572775436
0.280572775436
0.280572775436
0.280572775436
0.280572775436
0.280572775436
0.280572775436
0.280572775436
0.280572775436
0.280572775436
0.280572775436
0.280572775436
0.280572775436
0.280572775436
0.280572775436
0.280572775436
0.280572775436
0.280572775436
0.280572775436
0.280572775436
0.280572775436
0.280572775436
0.280572775436
0.280572775436
0.280572775436
0.280572775436
0.280572775436
0.280572775436
0.280572775436
0.280572775436
0.280572775436
0.280572775436
0.280572775436
0.280572775436
0.280572775436
0.280572775436
0.280572775436
0.280572775436
0.280572775436
0.280572775436
0.280572775436
0.280572775436
0.280572775436
0.280572775436
0.280572775436
0.280572775436
0.280572775436
0.280572775436
0.280572775436
