0.313045095776
0.217648092663
0.207005593844
0.207005593844
0.207005593844
0.205689308691
0.205689308691
0.205689308691
0.205689308691
0.205689308691
0.199282338737
0.199282338737
0.199282338737
0.199282338737
0.199282338737
0.199282338737
0.199282338737
0.199282338737
0.199282338737
0.199282338737
0.196336628481
0.196336628481
0.185856641808
0.185856641808
0.185856641808
0.185856641808
0.185856641808
0.185856641808
0.185856641808
0.185856641808
0.185856641808
0.185856641808
0.185856641808
0.185856641808
0.185856641808
0.185856641808
0.185856641808
0.185856641808
0.185856641808
0.185856641808
0.185856641808
0.185856641808
0.185856641808
0.185856641808
0.185856641808
0.185856641808
0.185856641808
0.185856641808
0.185856641808
0.185856641808
0.185856641808
0.185856641808
0.185856641808
0.185856641808
0.185856641808
0.185856641808
0.185856641808
0.185856641808
0.185856641808
0.185856641808
0.185856641808
0.185856641808
0.185856641808
0.185856641808
0.185856641808
0.185856641808
0.185856641808
0.185856641808
0.185856641808
0.185856641808
0.185856641808
0.185856641808
0.185856641808
0.185856641808
0.185856641808
0.185856641808
0.185856641808
0.185856641808
0.185856641808
0.185856641808
0.185856641808
0.185856641808
0.185856641808
0.185856641808
0.185856641808
0.185856641808
0.185856641808
0.185856641808
0.185856641808
0.185856641808
0.185856641808
0.185856641808
0.185856641808
0.185856641808
0.185856641808
0.185856641808
0.185856641808
0.185856641808
0.185856641808
0.185856641808
0.185856641808
0.185856641808
0.185856641808
0.185856641808
0.185856641808
0.185856641808
0.185856641808
0.185856641808
0.185856641808
0.185856641808
0.185856641808
0.185856641808
0.185856641808
0.185856641808
0.185856641808
0.185856641808
0.185856641808
0.185856641808
0.185856641808
0.185856641808
0.185856641808
0.185856641808
0.185856641808
0.185856641808
0.185856641808
0.185856641808
0.185856641808
0.185856641808
0.185856641808
0.185856641808
0.185856641808
0.185856641808
0.185856641808
0.185856641808
0.185856641808
0.185856641808
0.185856641808
0.185856641808
0.185856641808
0.185856641808
0.185856641808
0.185856641808
0.185856641808
0.185856641808
0.185856641808
0.185856641808
0.185856641808
0.185856641808
0.185856641808
0.185856641808
0.185856641808
0.185856641808
0.185856641808
0.185856641808
0.185856641808
0.185856641808
0.185856641808
0.185856641808
0.185856641808
0.185856641808
0.185856641808
0.185856641808
0.185856641808
0.185856641808
0.185856641808
0.185856641808
0.185856641808
0.185856641808
0.185856641808
0.185856641808
0.185856641808
0.185856641808
0.185856641808
0.185856641808
0.185856641808
0.185856641808
0.185856641808
0.185856641808
0.185856641808
0.185856641808
0.185856641808
0.185856641808
0.185856641808
0.185856641808
0.18466489454
0.18466489454
0.18466489454
0.18466489454
0.18466489454
0.18466489454
0.18466489454
0.18466489454
0.18466489454
0.18466489454
0.18466489454
0.18466489454
0.18466489454
0.18466489454
0.18466489454
0.18466489454
0.18466489454
0.18466489454
0.18466489454
0.18466489454
0.18466489454
0.18466489454
0.18466489454
0.18466489454
0.18466489454
0.18466489454
0.18466489454
0.18466489454
0.18466489454
0.18466489454
0.18466489454
0.18466489454
0.18466489454
0.18466489454
0.18466489454
0.18466489454
0.18466489454
0.18466489454
0.18466489454
0.18466489454
0.18466489454
0.18466489454
0.18466489454
0.18466489454
0.18466489454
0.18466489454
0.18466489454
0.18466489454
0.18466489454
0.18466489454
0.18466489454
0.18466489454
0.18466489454
0.18466489454
0.18466489454
0.18466489454
0.18466489454
0.18466489454
0.18466489454
0.18466489454
0.18466489454
0.18466489454
0.18466489454
0.18466489454
0.18466489454
0.18466489454
0.18466489454
0.18466489454
0.18466489454
0.18466489454
0.18466489454
0.18466489454
0.18466489454
0.18466489454
0.18466489454
0.18466489454
0.18466489454
0.18466489454
0.18466489454
0.18466489454
0.18466489454
0.18466489454
0.18466489454
0.18466489454
0.18466489454
0.18466489454
0.18466489454
0.18466489454
0.18466489454
0.18466489454
0.18466489454
0.18466489454
0.18466489454
0.18466489454
0.18466489454
0.18466489454
0.18466489454
0.18466489454
0.18466489454
0.18466489454
0.18466489454
0.18466489454
0.18466489454
0.18466489454
0.18466489454
0.18466489454
0.18466489454
0.18466489454
0.18466489454
0.18466489454
0.18466489454
0.18466489454
0.18466489454
0.18466489454
0.18466489454
0.18466489454
0.308207915703
0.24386605791
0.208546314675
