0.299039078923
0.234330382831
0.206374825526
0.206374825526
0.194876535299
0.194876535299
0.194876535299
0.194876535299
0.194876535299
0.194876535299
0.194876535299
0.194876535299
0.194876535299
0.194876535299
0.194876535299
0.194876535299
0.194876535299
0.194876535299
0.194876535299
0.194876535299
0.194876535299
0.194876535299
0.194876535299
0.194876535299
0.194876535299
0.194876535299
0.194876535299
0.194876535299
0.194876535299
0.194876535299
0.194876535299
0.194876535299
0.194876535299
0.194876535299
0.194876535299
0.194876535299
0.194876535299
0.194876535299
0.194876535299
0.194876535299
0.194876535299
0.194876535299
0.194876535299
0.194876535299
0.194876535299
0.194876535299
0.194876535299
0.194876535299
0.194876535299
0.194876535299
0.194876535299
0.194876535299
0.194876535299
0.194876535299
0.194876535299
0.194876535299
0.194876535299
0.194876535299
0.194876535299
0.194876535299
0.194876535299
0.194876535299
0.194876535299
0.194876535299
0.194876535299
0.194876535299
0.194876535299
0.194876535299
0.194876535299
0.194876535299
0.194876535299
0.194876535299
0.194876535299
0.194876535299
0.194876535299
0.194876535299
0.194876535299
0.194876535299
0.194876535299
0.194876535299
0.194876535299
0.194876535299
0.194876535299
0.194876535299
0.194876535299
0.194876535299
0.194876535299
0.194876535299
0.194876535299
0.194876535299
0.194876535299
0.194876535299
0.194876535299
0.194876535299
0.194876535299
0.194876535299
0.194876535299
0.194876535299
0.194876535299
0.194876535299
0.194876535299
0.194876535299
0.194308737075
0.194308737075
0.194308737075
0.194308737075
0.194308737075
0.194308737075
0.189675533868
0.189675533868
0.189675533868
0.189675533868
0.189675533868
0.189675533868
0.189675533868
0.189675533868
0.189675533868
0.189675533868
0.189675533868
0.189675533868
0.189675533868
0.189675533868
0.189675533868
0.189675533868
0.189675533868
0.189675533868
0.189675533868
0.189675533868
0.189675533868
0.189675533868
0.189675533868
0.189675533868
0.189675533868
0.189675533868
0.189675533868
0.189675533868
0.189675533868
0.189675533868
0.189675533868
0.189675533868
0.189675533868
0.189675533868
0.189675533868
0.189675533868
0.189675533868
0.189675533868
0.189675533868
0.189675533868
0.189675533868
0.189675533868
0.189675533868
0.189675533868
0.189675533868
0.189675533868
0.189675533868
0.189675533868
0.189675533868
0.189675533868
0.189675533868
0.189675533868
0.189675533868
0.189675533868
0.189675533868
0.189675533868
0.189675533868
0.189675533868
0.189675533868
0.189675533868
0.189675533868
0.189675533868
0.189675533868
0.189675533868
0.189675533868
0.189675533868
0.189675533868
0.189675533868
0.189675533868
0.189675533868
0.189675533868
0.189675533868
0.189675533868
0.189675533868
0.189675533868
0.189675533868
0.189675533868
0.189675533868
0.185302225053
0.185302225053
0.185302225053
0.185302225053
0.185302225053
0.185302225053
0.185302225053
0.185302225053
0.185302225053
0.185302225053
0.185302225053
0.185302225053
0.185302225053
0.185302225053
0.185302225053
0.185302225053
0.185302225053
0.185302225053
0.185302225053
0.185302225053
0.185302225053
0.185302225053
0.185302225053
0.185302225053
0.185302225053
0.185302225053
0.185302225053
0.185302225053
0.185302225053
0.185302225053
0.185302225053
0.185302225053
0.185302225053
0.185302225053
0.185302225053
0.185302225053
0.185302225053
0.185302225053
0.185302225053
0.185302225053
0.185302225053
0.185302225053
0.185302225053
0.185302225053
0.185302225053
0.185302225053
0.185302225053
0.185302225053
0.185302225053
0.185302225053
0.185302225053
0.185302225053
0.185302225053
0.185302225053
0.185302225053
0.185302225053
0.185302225053
0.185302225053
0.185302225053
0.185302225053
0.185302225053
0.185302225053
0.185302225053
0.185302225053
0.185302225053
0.185302225053
0.185302225053
0.185302225053
0.185302225053
0.185302225053
0.185302225053
0.185302225053
0.185302225053
0.185302225053
0.185302225053
0.185302225053
0.185302225053
0.185302225053
0.185302225053
0.185302225053
0.185302225053
0.185302225053
0.185302225053
0.185302225053
0.185302225053
0.185302225053
0.185302225053
0.185302225053
0.185302225053
0.185302225053
0.185302225053
0.185302225053
0.185302225053
0.185302225053
0.185302225053
0.185302225053
0.185302225053
0.185302225053
0.185302225053
0.185302225053
0.185302225053
0.185302225053
0.185302225053
0.185302225053
0.185302225053
0.185302225053
0.185302225053
0.185302225053
0.185302225053
0.185302225053
0.185302225053
0.185302225053
0.185302225053
0.185302225053
0.310611267312
0.248698575224
0.205348084127
