0.298131696775
0.233772082142
0.2202574186
0.2202574186
0.210050096367
0.210050096367
0.210050096367
0.199799317045
0.199799317045
0.193603669647
0.193603669647
0.181484325619
0.181484325619
0.181484325619
0.181484325619
0.181484325619
0.181484325619
0.181484325619
0.181484325619
0.181484325619
0.181484325619
0.181484325619
0.181484325619
0.181484325619
0.181484325619
0.181484325619
0.181484325619
0.181484325619
0.181484325619
0.181484325619
0.181484325619
0.181484325619
0.181484325619
0.181484325619
0.181484325619
0.181484325619
0.181484325619
0.181484325619
0.181484325619
0.181484325619
0.181484325619
0.181484325619
0.181484325619
0.175658951286
0.175658951286
0.175658951286
0.175658951286
0.175658951286
0.175658951286
0.175658951286
0.175658951286
0.175658951286
0.175658951286
0.175658951286
0.175658951286
0.175658951286
0.175658951286
0.175658951286
0.175658951286
0.175658951286
0.175658951286
0.175658951286
0.175658951286
0.175658951286
0.175658951286
0.175658951286
0.175658951286
0.175658951286
0.175658951286
0.175658951286
0.175658951286
0.175658951286
0.175658951286
0.175658951286
0.175658951286
0.175658951286
0.175658951286
0.175658951286
0.175658951286
0.175658951286
0.175658951286
0.175658951286
0.175658951286
0.175658951286
0.175658951286
0.175658951286
0.175658951286
0.175658951286
0.175658951286
0.175658951286
0.175658951286
0.175658951286
0.175658951286
0.175658951286
0.175658951286
0.175658951286
0.175658951286
0.175658951286
0.175658951286
0.175658951286
0.175658951286
0.175658951286
0.175658951286
0.175658951286
0.175658951286
0.175658951286
0.175658951286
0.175658951286
0.175658951286
0.175658951286
0.175658951286
0.175658951286
0.175658951286
0.175658951286
0.175658951286
0.175658951286
0.175658951286
0.175658951286
0.175658951286
0.175658951286
0.175658951286
0.175658951286
0.175658951286
0.175658951286
0.175658951286
0.175658951286
0.175658951286
0.175658951286
0.175658951286
0.175658951286
0.175658951286
0.175658951286
0.175658951286
0.175658951286
0.175658951286
0.175658951286
0.175658951286
0.175658951286
0.175658951286
0.175658951286
0.175658951286
0.175658951286
0.175658951286
0.175658951286
0.175658951286
0.175658951286
0.175658951286
0.175658951286
0.175658951286
0.175658951286
0.175658951286
0.175658951286
0.175658951286
0.175658951286
0.175658951286
0.175658951286
0.175658951286
0.175658951286
0.175658951286
0.175658951286
0.175658951286
0.175658951286
0.175658951286
0.175658951286
0.175658951286
0.175658951286
0.175658951286
0.175658951286
0.175658951286
0.175658951286
0.175658951286
0.175658951286
0.175658951286
0.175658951286
0.175658951286
0.175658951286
0.175658951286
0.175658951286
0.175658951286
0.175658951286
0.175658951286
0.175658951286
0.175658951286
0.175658951286
0.175658951286
0.175658951286
0.175658951286
0.175658951286
0.175658951286
0.175658951286
0.175658951286
0.175658951286
0.175658951286
0.175658951286
0.175658951286
0.175658951286
0.175658951286
0.175658951286
0.175658951286
0.175658951286
0.175658951286
0.175658951286
0.175658951286
0.175658951286
0.175658951286
0.175658951286
0.175658951286
0.175658951286
0.175658951286
0.175658951286
0.175658951286
0.175658951286
0.175658951286
0.175658951286
0.175658951286
0.175658951286
0.175658951286
0.175658951286
0.175658951286
0.175658951286
0.175658951286
0.175658951286
0.175658951286
0.175658951286
0.175658951286
0.175658951286
0.175658951286
0.175658951286
0.175658951286
0.175658951286
0.175658951286
0.175658951286
0.175658951286
0.175658951286
0.175658951286
0.175658951286
0.175658951286
0.175658951286
0.175658951286
0.175658951286
0.175658951286
0.175658951286
0.175658951286
0.175658951286
0.175658951286
0.175658951286
0.175658951286
0.175658951286
0.175658951286
0.175658951286
0.175658951286
0.175658951286
0.175658951286
0.175658951286
0.175658951286
0.175658951286
0.175658951286
0.175658951286
0.175658951286
0.175658951286
0.175658951286
0.175658951286
0.175658951286
0.175658951286
0.175658951286
0.175658951286
0.175658951286
0.175658951286
0.175658951286
0.175658951286
0.175658951286
0.175658951286
0.175658951286
0.175658951286
0.175658951286
0.175658951286
0.175658951286
0.175658951286
0.175658951286
0.175658951286
0.175658951286
0.175658951286
0.175658951286
0.175658951286
0.175658951286
0.175658951286
0.175658951286
0.175658951286
0.175658951286
0.175658951286
0.175658951286
0.175658951286
0.175658951286
0.175658951286
0.175658951286
0.175658951286
0.175658951286
0.175658951286
0.175658951286
0.175658951286
