0.425658644562
0.333427114843
0.304718911113
0.299013079222
0.2943245445
0.2943245445
0.2943245445
0.2943245445
0.2943245445
0.2943245445
0.2943245445
0.2943245445
0.2943245445
0.286097779624
0.286097779624
0.286097779624
0.286097779624
0.286097779624
0.286097779624
0.286097779624
0.286097779624
0.286097779624
0.286097779624
0.286097779624
0.286097779624
0.286097779624
0.286097779624
0.286097779624
0.286097779624
0.286097779624
0.286097779624
0.286097779624
0.286097779624
0.286097779624
0.286097779624
0.286097779624
0.286097779624
0.286097779624
0.286097779624
0.286097779624
0.286097779624
0.286097779624
0.286097779624
0.286097779624
0.286097779624
0.286097779624
0.285803868132
0.285803868132
0.285803868132
0.285803868132
0.285803868132
0.285803868132
0.285803868132
0.285803868132
0.285803868132
0.285803868132
0.285803868132
0.285803868132
0.285803868132
0.285803868132
0.285803868132
0.285803868132
0.285803868132
0.285803868132
0.285803868132
0.285803868132
0.285803868132
0.285803868132
0.285803868132
0.285803868132
0.285803868132
0.285803868132
0.285803868132
0.285803868132
0.285803868132
0.285803868132
0.285803868132
0.285803868132
0.285803868132
0.285803868132
0.285803868132
0.285803868132
0.285803868132
0.285803868132
0.285803868132
0.285803868132
0.285803868132
0.285803868132
0.285803868132
0.285803868132
0.285803868132
0.285803868132
0.285803868132
0.285803868132
0.285803868132
0.285803868132
0.285803868132
0.285803868132
0.285803868132
0.285803868132
0.285803868132
0.285803868132
0.285803868132
0.285803868132
0.285803868132
0.285803868132
0.285803868132
0.285803868132
0.285803868132
0.285803868132
0.285803868132
0.285803868132
0.285803868132
0.285803868132
0.285803868132
0.285803868132
0.285803868132
0.285803868132
0.285803868132
0.27925991872
0.27925991872
0.27925991872
0.27925991872
0.27925991872
0.27925991872
0.27925991872
0.27925991872
0.27925991872
0.27925991872
0.27925991872
0.27925991872
0.27925991872
0.27925991872
0.27925991872
0.27925991872
0.27925991872
0.27925991872
0.27925991872
0.27925991872
0.27925991872
0.27925991872
0.27925991872
0.27925991872
0.27925991872
0.27925991872
0.27925991872
0.27925991872
0.27925991872
0.27925991872
0.27925991872
0.27925991872
0.27925991872
0.27925991872
0.27925991872
0.27925991872
0.27925991872
0.27925991872
0.27925991872
0.27925991872
0.27925991872
0.27925991872
0.27925991872
0.27925991872
0.27925991872
0.27925991872
0.27925991872
0.27925991872
0.27925991872
0.27925991872
0.27925991872
0.27925991872
0.27925991872
0.27925991872
0.27925991872
0.27925991872
0.27925991872
0.27925991872
0.27925991872
0.27925991872
0.27925991872
0.27925991872
0.27925991872
0.27925991872
0.27925991872
0.27925991872
0.27925991872
0.27925991872
0.27925991872
0.27925991872
0.27925991872
0.27925991872
0.27925991872
0.27925991872
0.27925991872
0.27925991872
0.27925991872
0.27925991872
0.27925991872
0.27925991872
0.27925991872
0.27925991872
0.27925991872
0.27925991872
0.27925991872
0.27925991872
0.27925991872
0.27925991872
0.27925991872
0.27925991872
0.27925991872
0.27925991872
0.27925991872
0.27925991872
0.27925991872
0.27925991872
0.27925991872
0.27925991872
0.27925991872
0.27925991872
0.27925991872
0.27925991872
0.27925991872
0.27925991872
0.27925991872
0.27925991872
0.27925991872
0.27925991872
0.27925991872
0.27925991872
0.27925991872
0.27925991872
0.27925991872
0.27925991872
0.27925991872
0.27925991872
0.27925991872
0.27925991872
0.27925991872
0.27925991872
0.27925991872
0.27925991872
0.27925991872
0.27925991872
0.27925991872
0.27925991872
0.27925991872
0.27925991872
0.27925991872
0.27925991872
0.27925991872
0.27925991872
0.27925991872
0.27925991872
0.27925991872
0.27925991872
0.27925991872
0.27925991872
0.27925991872
0.27925991872
0.27925991872
0.27925991872
0.27925991872
0.27925991872
0.27925991872
0.27925991872
0.27925991872
0.27925991872
0.27925991872
0.27925991872
0.27925991872
0.27925991872
0.27925991872
0.27925991872
0.27925991872
0.27925991872
0.27925991872
0.27925991872
0.27925991872
0.27925991872
0.27925991872
0.27925991872
0.27925991872
0.27925991872
0.27925991872
0.27925991872
0.27925991872
0.27925991872
0.27925991872
0.27925991872
0.27925991872
0.27925991872
0.27925991872
0.27925991872
0.27925991872
0.27925991872
0.27925991872
0.27925991872
0.27925991872
0.27925991872
0.27925991872
0.27925991872
0.27925991872
0.27925991872
0.27925991872
0.27925991872
0.27925991872
0.27925991872
0.27925991872
0.27925991872
0.27925991872
0.27925991872
0.27925991872
0.27925991872
0.27925991872
0.27925991872
0.27925991872
0.27925991872
0.27925991872
0.27925991872
0.27925991872
0.27925991872
0.27925991872
0.27925991872
0.27925991872
0.27925991872
0.27925991872
0.27925991872
0.27925991872
0.27925991872
0.27925991872
0.27925991872
0.27925991872
0.27925991872
0.27925991872
0.27925991872
0.27925991872
0.27925991872
0.27925991872
0.27925991872
0.27925991872
0.27925991872
0.27925991872
0.27925991872
0.27925991872
0.27925991872
0.27925991872
0.27925991872
0.27925991872
0.27925991872
0.27925991872
0.27925991872
0.27925991872
0.27925991872
0.27925991872
0.27925991872
0.27925991872
0.27925991872
0.27925991872
0.27925991872
0.27925991872
0.27925991872
0.27925991872
0.27925991872
0.27925991872
0.27925991872
0.27925991872
0.27925991872
0.27925991872
0.27925991872
0.27925991872
0.27925991872
0.27925991872
0.27925991872
0.27925991872
0.27925991872
0.27925991872
0.27925991872
0.27925991872
0.27925991872
0.27925991872
0.27925991872
0.27925991872
0.27925991872
0.27925991872
0.27925991872
0.27925991872
0.27925991872
0.27925991872
0.27925991872
0.27925991872
0.27925991872
0.27925991872
0.27925991872
0.27925991872
0.27925991872
0.27925991872
0.27925991872
0.27925991872
0.27925991872
0.27925991872
