0.435581631907
0.320448806858
0.292837934508
0.292837934508
0.292837934508
0.292837934508
0.292837934508
0.292837934508
0.292837934508
0.292837934508
0.292837934508
0.292837934508
0.292837934508
0.29034627912
0.29034627912
0.29034627912
0.29034627912
0.29034627912
0.29034627912
0.29034627912
0.29034627912
0.29034627912
0.29034627912
0.29034627912
0.286946197453
0.286946197453
0.286946197453
0.286946197453
0.286946197453
0.286946197453
0.286946197453
0.286946197453
0.286946197453
0.286946197453
0.286946197453
0.286946197453
0.286946197453
0.286946197453
0.286946197453
0.286946197453
0.286946197453
0.286946197453
0.286946197453
0.286946197453
0.286946197453
0.286946197453
0.286946197453
0.286946197453
0.286946197453
0.286946197453
0.286946197453
0.286946197453
0.286946197453
0.286946197453
0.286946197453
0.286946197453
0.286946197453
0.286946197453
0.286946197453
0.286946197453
0.286946197453
0.286946197453
0.286946197453
0.286946197453
0.286946197453
0.286946197453
0.286946197453
0.286946197453
0.286946197453
0.286946197453
0.286946197453
0.286946197453
0.286946197453
0.286946197453
0.286946197453
0.286946197453
0.286946197453
0.286946197453
0.286946197453
0.286946197453
0.286946197453
0.286946197453
0.286946197453
0.286946197453
0.286946197453
0.286946197453
0.286946197453
0.286946197453
0.286946197453
0.286946197453
0.286946197453
0.286946197453
0.286946197453
0.286946197453
0.286946197453
0.286946197453
0.286946197453
0.286946197453
0.286946197453
0.286946197453
0.286946197453
0.286946197453
0.286722511874
0.286722511874
0.286722511874
0.286722511874
0.286722511874
0.286722511874
0.286722511874
0.286722511874
0.286722511874
0.286722511874
0.286722511874
0.286722511874
0.286722511874
0.286722511874
0.286722511874
0.286722511874
0.286722511874
0.286722511874
0.286722511874
0.286722511874
0.286722511874
0.286722511874
0.286722511874
0.286722511874
0.286722511874
0.286722511874
0.286722511874
0.286722511874
0.286722511874
0.286722511874
0.286722511874
0.286722511874
0.286722511874
0.286722511874
0.286722511874
0.286722511874
0.286722511874
0.286722511874
0.286722511874
0.286722511874
0.286722511874
0.286722511874
0.286722511874
0.286722511874
0.286722511874
0.286722511874
0.286722511874
0.286722511874
0.286722511874
0.286722511874
0.286722511874
0.286722511874
0.286722511874
0.286722511874
0.286722511874
0.286722511874
0.286722511874
0.286722511874
0.286722511874
0.286722511874
0.286722511874
0.286722511874
0.286722511874
0.286722511874
0.286722511874
0.286722511874
0.286722511874
0.286722511874
0.286722511874
0.286722511874
0.286722511874
0.286722511874
0.286722511874
0.286722511874
0.286722511874
0.286722511874
0.285767511686
0.285767511686
0.285767511686
0.285767511686
0.285767511686
0.285767511686
0.285767511686
0.285767511686
0.285767511686
0.285767511686
0.285767511686
0.285767511686
0.285767511686
0.285767511686
0.285767511686
0.285767511686
0.285767511686
0.285767511686
0.285767511686
0.285767511686
0.285767511686
0.285767511686
0.285767511686
0.285767511686
0.285767511686
0.285767511686
0.285767511686
0.285767511686
0.285767511686
0.285767511686
0.285767511686
0.285767511686
0.285767511686
0.285767511686
0.285767511686
0.285767511686
0.285767511686
0.285767511686
0.285767511686
0.285767511686
0.285767511686
0.285767511686
0.285767511686
0.285767511686
0.285767511686
0.285767511686
0.285767511686
0.285767511686
0.285767511686
0.285767511686
0.285767511686
0.285767511686
0.285767511686
0.285767511686
0.285767511686
0.285767511686
0.285767511686
0.285767511686
0.285767511686
0.285767511686
0.285767511686
0.285767511686
0.285767511686
0.285767511686
0.285767511686
0.285767511686
0.285767511686
0.285767511686
0.285767511686
0.285767511686
0.285767511686
0.285767511686
0.285767511686
0.285767511686
0.285767511686
0.285767511686
0.285767511686
0.285767511686
0.285767511686
0.285767511686
0.285767511686
0.285767511686
0.285767511686
0.285767511686
0.285767511686
0.285767511686
0.285767511686
0.285767511686
0.285767511686
0.285767511686
0.285767511686
0.285767511686
0.285767511686
0.285767511686
0.285767511686
0.285767511686
0.285767511686
0.285767511686
0.285767511686
0.285767511686
0.285767511686
0.285767511686
0.285767511686
0.285767511686
0.285767511686
0.285767511686
0.285767511686
0.285767511686
0.285767511686
0.285767511686
0.284889429708
0.284889429708
0.284889429708
0.284889429708
0.284889429708
0.284889429708
0.284889429708
0.284889429708
0.284889429708
0.284889429708
0.284889429708
0.284889429708
0.284889429708
0.284889429708
0.284889429708
0.284889429708
0.284889429708
0.284889429708
0.284889429708
0.284889429708
0.284889429708
0.284889429708
0.284889429708
0.284889429708
0.284889429708
0.284889429708
0.284889429708
0.284889429708
0.284889429708
0.284889429708
0.284889429708
0.284889429708
0.284889429708
0.284889429708
0.284889429708
0.284889429708
0.284889429708
0.284889429708
0.284889429708
0.284889429708
0.284889429708
0.284889429708
0.284889429708
0.284889429708
0.284889429708
0.284889429708
0.284889429708
0.284889429708
0.284889429708
0.284889429708
0.284889429708
0.284889429708
0.284889429708
0.284889429708
0.284889429708
0.284889429708
0.284889429708
0.284889429708
0.284889429708
0.284889429708
0.284889429708
0.284889429708
0.284889429708
0.284889429708
0.284889429708
0.284889429708
0.284889429708
0.284889429708
0.284889429708
0.284889429708
0.284889429708
0.284889429708
0.284889429708
0.284889429708
0.284889429708
0.284889429708
0.284889429708
0.284889429708
0.284889429708
0.284889429708
0.284889429708
0.284889429708
0.284889429708
0.284889429708
0.284889429708
0.284889429708
0.284889429708
0.284889429708
0.284889429708
0.284889429708
0.284889429708
0.284889429708
0.284889429708
0.284889429708
0.284889429708
0.284889429708
0.284889429708
0.284889429708
0.284889429708
0.284889429708
0.284889429708
0.284889429708
0.284889429708
0.284889429708
0.284889429708
0.284889429708
0.284889429708
0.284889429708
0.284889429708
0.284889429708
0.284889429708
0.284889429708
