0.40977143519
0.318868220698
0.300000047281
0.290145750836
0.290145750836
0.290145750836
0.290145750836
0.290145750836
0.290145750836
0.290145750836
0.290145750836
0.28948429582
0.28948429582
0.28948429582
0.28948429582
0.28948429582
0.28948429582
0.28948429582
0.28948429582
0.28948429582
0.28948429582
0.28948429582
0.28948429582
0.28948429582
0.28948429582
0.28948429582
0.28948429582
0.28948429582
0.28948429582
0.28948429582
0.28948429582
0.28948429582
0.28948429582
0.28948429582
0.28948429582
0.28948429582
0.28948429582
0.28948429582
0.28948429582
0.28948429582
0.28948429582
0.28948429582
0.28948429582
0.28948429582
0.28948429582
0.28948429582
0.28948429582
0.28948429582
0.28948429582
0.28909143632
0.28909143632
0.28909143632
0.28909143632
0.28909143632
0.28909143632
0.28909143632
0.28909143632
0.28909143632
0.28909143632
0.288659541326
0.288659541326
0.288659541326
0.288659541326
0.288659541326
0.288659541326
0.288659541326
0.288659541326
0.288659541326
0.288659541326
0.288659541326
0.288659541326
0.288659541326
0.288659541326
0.288659541326
0.288659541326
0.288659541326
0.288659541326
0.288659541326
0.288659541326
0.288659541326
0.288659541326
0.288659541326
0.288659541326
0.288659541326
0.288659541326
0.288659541326
0.288659541326
0.288659541326
0.288659541326
0.288659541326
0.288659541326
0.288659541326
0.288659541326
0.288659541326
0.288659541326
0.288659541326
0.288659541326
0.288659541326
0.288659541326
0.288659541326
0.288659541326
0.288659541326
0.288659541326
0.288659541326
0.288659541326
0.288659541326
0.288659541326
0.288659541326
0.288659541326
0.288659541326
0.288659541326
0.288659541326
0.288659541326
0.288659541326
0.288659541326
0.288659541326
0.288659541326
0.288659541326
0.288659541326
0.288659541326
0.288659541326
0.288659541326
0.288659541326
0.288659541326
0.288659541326
0.288659541326
0.288659541326
0.288659541326
0.288659541326
0.288659541326
0.288659541326
0.288025362409
0.288025362409
0.288025362409
0.288025362409
0.288025362409
0.288025362409
0.288025362409
0.288025362409
0.288025362409
0.288025362409
0.288025362409
0.288025362409
0.288025362409
0.288025362409
0.288025362409
0.288025362409
0.288025362409
0.288025362409
0.285911418273
0.285911418273
0.285911418273
0.285911418273
0.285911418273
0.285911418273
0.285911418273
0.285911418273
0.285911418273
0.285911418273
0.285911418273
0.285911418273
0.285911418273
0.285911418273
0.285911418273
0.285911418273
0.285911418273
0.285911418273
0.285911418273
0.285911418273
0.285911418273
0.285911418273
0.285911418273
0.285911418273
0.285911418273
0.285911418273
0.285911418273
0.285911418273
0.285911418273
0.285911418273
0.285911418273
0.285911418273
0.285911418273
0.285911418273
0.285911418273
0.285911418273
0.285911418273
0.285911418273
0.285911418273
0.285911418273
0.285911418273
0.285911418273
0.285911418273
0.285911418273
0.285911418273
0.285911418273
0.285911418273
0.285911418273
0.285911418273
0.285911418273
0.285911418273
0.285911418273
0.285911418273
0.285911418273
0.285911418273
0.285911418273
0.285911418273
0.285911418273
0.285911418273
0.285911418273
0.285911418273
0.285911418273
0.285911418273
0.285911418273
0.285911418273
0.285911418273
0.285911418273
0.285911418273
0.285911418273
0.285911418273
0.285911418273
0.285911418273
0.285911418273
0.285911418273
0.285911418273
0.285911418273
0.285911418273
0.285911418273
0.285911418273
0.285911418273
0.285911418273
0.285911418273
0.285911418273
0.285911418273
0.285911418273
0.285911418273
0.285911418273
0.285911418273
0.285911418273
0.285911418273
0.285911418273
0.285911418273
0.285911418273
0.285911418273
0.285911418273
0.285911418273
0.285911418273
0.285911418273
0.285911418273
0.285911418273
0.285911418273
0.285911418273
0.285911418273
0.285911418273
0.285911418273
0.285911418273
0.285911418273
0.285911418273
0.285911418273
0.283808647708
0.283808647708
0.283808647708
0.283808647708
0.283808647708
0.283808647708
0.283808647708
0.283808647708
0.283808647708
0.283808647708
0.283808647708
0.283808647708
0.283808647708
0.283808647708
0.283808647708
0.283808647708
0.283808647708
0.283808647708
0.283808647708
0.283808647708
0.283808647708
0.283808647708
0.283808647708
0.283808647708
0.283808647708
0.283808647708
0.283808647708
0.283808647708
0.283808647708
0.283808647708
0.283808647708
0.283808647708
0.283808647708
0.283808647708
0.283808647708
0.283808647708
0.283808647708
0.283808647708
0.283808647708
0.283808647708
0.283808647708
0.283808647708
0.283808647708
0.283808647708
0.283808647708
0.283808647708
0.283808647708
0.283808647708
0.283808647708
0.283808647708
0.283808647708
0.283808647708
0.283808647708
0.283808647708
0.283808647708
0.283808647708
0.283808647708
0.283808647708
0.283808647708
0.283808647708
0.283808647708
0.283808647708
0.283808647708
0.283808647708
0.283808647708
0.283808647708
0.283808647708
0.283808647708
0.283808647708
0.283808647708
0.283808647708
0.283808647708
0.283808647708
0.283808647708
0.283808647708
0.283808647708
0.283808647708
0.283808647708
0.283808647708
0.283808647708
0.283808647708
0.283808647708
0.283808647708
0.283808647708
0.283808647708
0.283808647708
0.283808647708
0.283808647708
0.283808647708
0.283808647708
0.283808647708
0.283808647708
0.283808647708
0.283808647708
0.283808647708
0.283808647708
0.283808647708
0.283808647708
0.283808647708
0.283808647708
0.283808647708
0.283808647708
0.283808647708
0.283808647708
0.283808647708
0.283808647708
0.283808647708
0.283808647708
0.283808647708
0.283808647708
0.283808647708
0.283808647708
0.283808647708
0.283808647708
0.283808647708
0.283808647708
0.283808647708
0.283808647708
0.283808647708
0.283808647708
0.283808647708
0.283808647708
0.283808647708
0.283808647708
0.283808647708
0.283808647708
0.283808647708
0.283808647708
0.283808647708
0.283808647708
0.283808647708
0.283808647708
0.283808647708
0.283808647708
0.283808647708
0.283808647708
0.283808647708
0.283808647708
0.283808647708
0.283808647708
0.283808647708
0.283808647708
